EUROPEAN CLIMATE ASSESSMENT & DATASET (ECA&D), file created on: 17-05-2026
THESE DATA CAN BE USED FOR NON-COMMERCIAL RESEARCH AND EDUCATION PROVIDED THAT THE FOLLOWING SOURCE IS ACKNOWLEDGED: 

Klein Tank, A.M.G. and Coauthors, 2002. Daily dataset of 20th-century surface
air temperature and precipitation series for the European Climate Assessment.
Int. J. of Climatol., 22, 1441-1453.
Data and metadata available at http://www.ecad.eu

FILE FORMAT (MISSING VALUE CODE = -999999):

THIS FILE HOLDS DATA FOR STATION NETHERLANDS                              HERWIJNEN                                (STAID:    478)
LATITUDE: dd:mm:ss +51:51:28
LONGITUDE: ddd:mm:ss +005:08:43
ELEVATION: m    1

DATA IS FOR INDEX Maximum no of consecutive dry days (RR < 1 mm) (CDD) with unit 0.01 No of days

01-06 SOUID: Source identifier
08-11 YEAR : YYYY
13-20 ANNUAL DATA VALUES
21-28 WINTER HALF YEAR DATA VALUES
29-36 SUMMER HALF YEAR DATA VALUES
37-44 WINTER (DJF) DATA VALUES
45-52 SPRING (MAM) DATA VALUES
53-60 SUMMER (JJA) DATA VALUES
61-68 AUTUMN (SON) DATA VALUES
69-76 JANUARY DATA VALUES
etc. 
157-164 DECEMBER DATA VALUES

478    1927 -999999 -999999 -999999 -999999 -999999 -999999 1600    -999999 -999999 -999999 -999999 -999999 -999999 -999999 600     900     1500    600     1300    
	478    1928 1900    1900    1900    1300    1300    1900    1400    300     1300    1300    1000    700     500     1900    400     1400    500     600     600     
	478    1929 3500    3500    2000    1400    2100    2000    800     1200    1400    2100    1000    1400    500     2000    1300    800     700     500     400     
	478    1930 2100    2100    2000    1400    1400    2000    500     1100    1200    1200    800     600     2000    600     800     500     500     300     600     
	478    1931 3400    3100    1800    600     3400    1600    1900    500     600     3100    900     700     1100    500     700     1800    1200    1200    800     
	478    1932 3500    3500    2000    3500    1900    2000    1000    1500    2000    1900    800     500     2000    500     800     500     300     1000    2200    
	478    1933 2200    1800    2200    1800    2200    1400    1200    1800    700     1200    2200    900     800     800     1400    1200    600     1000    1000    
	478    1934 2600    2400    2600    2400    1500    2600    1300    700     2400    800     700     900     1100    2300    800     800     400     1300    300     
	478    1935 1900    1600    1900    600     1900    1200    500     600     300     1600    600     1300    400     1100    800     500     500     500     600     
	478    1936 1900    1900    1400    1000    1900    1200    1500    300     1000    1900    800     900     600     500     1200    400     1500    1100    900     
	478    1937 1900    800     1900    500     1300    1200    1400    500     400     400     400     1300    600     500     900     500     1400    900     400     
	478    1938 1600    1400    1600    1400    1600    1500    1400    400     1400    1300    1400    1600    1500    1400    600     1400    700     1300    1000    
	478    1939 2300    1300    2300    1300    1300    1600    800     500     800     500     600     1300    1000    800     1600    700     400     500     1900    
	478    1940 2100    1500    2100    1500    2100    1100    1300    700     1500    1100    700     2100    1100    400     700     700     1300    500     900     
	478    1941 1600    1300    1600    1300    1600    1000    1400    1200    700     1300    900     1600    900     1000    300     1400    800     500     500     
	478    1942 3000    2100    3000    1800    3000    1100    800     1500    1800    1100    2100    900     1100    400     700     600     600     800     800     
	478    1943 3100    3100    1800    1200    1900    1800    1800    800     1200    1900    1000    1300    600     1800    600     1600    1600    700     1000    
	478    1944 1900    1900    1900    1900    1300    1900    800     500     1900    1100    900     700     800     700     1800    600     800     300     800     
	478    1945 1800    1800    1400    600     1800    1300    1400    600     300     1800    800     1400    900     1300    700     900     800     1400    500     
	478    1946 2100    1500    1400    1500    1500    1200    2100    1500    400     1500    1100    1200    700     900     900     600     2100    700     1900    
	478    1947 3100    1900    3100    1900    2000    2600    1200    1700    1100    300     2000    700     600     2000    2600    700     900     600     1000    
	478    1948 -999999 -999999 -999999 1400    -999999 -999999 -999999 200     1400    -999999 -999999 -999999 -999999 -999999 -999999 -999999 -999999 -999999 -999999 
	478    1949 -999999 -999999 -999999 -999999 -999999 -999999 -999999 -999999 -999999 -999999 -999999 -999999 -999999 -999999 -999999 -999999 -999999 -999999 700     
	478    1950 1700    -999999 1700    1400    900     1200    1000    1400    400     700     800     900     1200    700     500     300     1000    500     1400    
	478    1951 1800    1100    1500    800     1200    1100    1800    500     300     900     1200    1100    1100    700     700     800     1600    300     800     
	478    1952 1500    1000    1500    800     1500    900     1300    500     800     1000    1500    1500    800     800     900     1300    600     700     800     
	478    1953 1900    1600    1500    1100    1600    1400    1900    1100    700     1600    1100    1300    700     800     1400    700     1900    1100    800     
	478    1954 1800    1800    1700    1800    1700    800     700     1100    700     1700    1600    1300    500     700     600     400     700     600     600     
	478    1955 1900    1600    1900    1200    1900    1200    1100    900     1200    1000    1900    700     900     700     1200    800     700     1100    500     
	478    1956 2400    1300    2400    1300    2400    800     1400    400     1300    1200    1600    800     800     400     400     1400    900     900     400     
	478    1957 1500    1300    1100    1300    1500    1000    1000    1300    400     600     1100    800     700     500     700     200     700     1000    600     
	478    1958 2900    1400    1700    600     1300    1600    2200    600     300     1300    500     400     1600    800     600     800     800     2200    700     
	478    1959 4000    2100    4000    2100    2800    2000    2700    600     2000    400     600     2800    1600    1800    2000    2000    1800    800     800     
	478    1960 2000    1000    2000    1000    2000    900     800     1000    500     900     600     1800    900     400     500     800     300     200     700     
	478    1961 1700    1700    1300    1200    1700    800     1300    500     1200    1700    1000    900     700     400     800     1300    800     900     1500    
	478    1962 2300    1900    1700    1200    1400    1400    2300    600     1200    1200    900     500     1400    500     500     500     2300    600     700     
	478    1963 2500    2100    1700    1300    900     1700    1400    1100    1300    800     600     900     600     1700    500     1400    1000    900     1600    
	478    1964 1800    1800    1500    1300    1200    1500    1000    1300    600     1200    800     1000    800     900     1200    800     700     900     800     
	478    1965 1500    1500    1400    900     1300    1400    1400    400     900     1300    700     800     800     600     700     1100    1400    1300    500     
	478    1966 1500    1100    1500    1100    1100    1000    1500    1100    600     500     600     1100    1000    400     800     1500    800     400     200     
	478    1967 1600    1600    1200    1600    1000    1200    1200    1200    1600    700     900     300     900     800     1200    800     700     1200    400     
	478    1968 2200    1200    1700    800     1700    800     1600    400     800     700     1700    600     600     800     500     600     1000    1600    1500    
	478    1969 1900    1100    1900    1000    1100    1200    1900    1000    400     1100    1000    700     1100    1200    900     1600    1900    300     600     
	478    1970 2500    1300    2500    600     1200    2300    1400    600     400     800     300     1200    2300    500     800     1400    1200    900     1000    
	478    1971 2200    1000    2200    1000    2000    2000    2200    1000    800     500     1500    800     500     1900    500     2200    1100    600     900     
	478    1972 2200    1500    1900    1300    1500    1100    2200    1000    800     1500    900     400     700     900     1100    800     1800    500     2100    
	478    1973 3400    1800    1900    1700    1800    1900    1100    1300    500     1800    400     400     1400    400     1900    800     800     700     600     
	478    1974 2900    1000    2200    1000    2900    900     400     500     1000    700     2200    900     500     600     900     400     400     300     600     
	478    1975 1900    1100    1900    1100    1800    1000    1800    600     1100    200     900     1800    1000    600     1000    500     1800    700     1100    
	478    1976 2100    1500    2100    1500    1900    2100    800     500     1500    1100    1700    800     1700    1100    1600    400     800     400     600     
	478    1977 2000    800     2000    600     1100    1700    2000    400     600     400     600     1100    800     1600    600     2000    1100    600     500     
	478    1978 1800    1300    1800    1300    1700    1400    1500    500     1300    500     1100    1700    800     1200    1000    1000    1500    900     700     
	478    1979 1400    1000    1400    700     500     1300    1400    600     700     500     500     500     600     700     400     1400    1000    600     400     
	478    1980 2400    1400    2400    1400    2400    1300    1400    1400    800     1200    1500    1900    1300    800     600     1400    400     500     400     
	478    1981 2300    1800    1800    1800    2300    1200    700     600     1800    500     1800    500     600     600     1200    700     300     500     600     
	478    1982 1700    1500    1700    1500    1100    1100    1700    1500    1500    900     1000    1100    200     1100    700     1700    800     600     500     
	478    1983 2900    1700    1700    1700    1300    1700    2900    400     1700    1300    300     200     1500    1700    1400    600     600     2300    700     
	478    1984 2500    1300    2500    1100    1800    2300    700     400     1100    1300    1800    500     700     1100    2300    200     700     700     600     
	478    1985 2000    2000    1300    2000    1000    800     1900    600     2000    500     800     1000    300     800     400     900     1900    600     500     
	478    1986 3500    3500    1500    3200    1100    1500    2700    400     2800    1100    600     500     1100    1500    600     1300    1400    600     500     
	478    1987 1700    1400    1700    1400    1200    1700    1300    1400    700     1200    900     700     300     1400    500     600     600     1000    900     
	478    1988 2500    900     2500    900     1100    2500    900     900     600     300     1100    900     2500    400     700     600     900     800     800     
	478    1989 2000    1300    2000    1300    1800    1700    1000    1000    800     700     500     1800    1700    1200    1400    800     700     1000    1100    
	478    1990 1800    900     1800    600     1600    1800    1000    500     600     900     500     1600    1000    1800    1000    600     1000    600     500     
	478    1991 2600    1800    2300    1800    1600    1700    1400    1100    1200    1200    800     1500    300     700     1000    1400    900     1100    1500    
	478    1992 2200    1300    1700    1300    1200    1300    2200    1200    600     500     1000    1200    800     700     600     1700    500     400     1100    
	478    1993 1700    1000    1600    1000    1600    800     1700    500     900     1000    800     800     700     400     600     400     1000    1500    200     
	478    1994 1600    1100    1600    1100    900     1600    1600    600     1100    900     800     500     800     1600    800     600     1600    1000    600     
	478    1995 2800    1600    2800    400     1600    2800    2100    300     400     600     900     1600    1300    1000    2400    900     2100    1200    1700    
	478    1996 3200    3200    1700    3200    1600    1700    1000    2200    1000    1600    1200    1100    1700    1400    600     1000    700     400     1500    
	478    1997 2000    1800    2000    1800    1900    2000    1600    1800    400     1200    1900    900     600     1100    2000    1600    1000    600     800     
	478    1998 1700    1400    1700    1300    1700    1600    1000    800     1300    1400    300     1700    600     600     1600    1000    500     700     400     
	478    1999 1300    700     1300    700     1200    1300    1000    700     400     700     800     800     500     1300    500     800     1000    600     200     
	478    2000 1400    1300    1400    1300    1000    1400    800     1300    400     500     900     700     800     800     1400    800     300     300     800     
	478    2001 1300    1300    1300    1300    1300    1300    1000    1300    400     500     400     1300    900     800     1300    200     1000    700     1300    
	478    2002 1300    1100    1300    1100    1100    900     900     1000    700     600     800     500     500     800     900     900     600     500     1300    
	478    2003 3300    2300    3300    2300    2000    3300    1500    1100    2300    2000    1800    700     2100    1300    2700    1100    1500    800     900     
	478    2004 1700    900     1500    900     1500    1200    1600    400     600     500     1200    1500    700     600     600     1100    1400    300     1500    
	478    2005 1800    1400    1300    900     600     1100    1800    500     900     500     600     600     1100    1000    500     1200    1800    900     800     
	478    2006 1800    1800    1500    1800    1500    1300    1500    1100    900     1300    1000    1500    1300    1000    400     1500    700     500     1000    
	478    2007 4600    1000    3600    1000    4600    900     1000    300     700     1000    3000    600     700     500     900     500     1000    500     1900    
	478    2008 1700    1700    1400    1700    1400    800     900     500     1700    400     600     1400    500     400     800     900     600     700     1100    
	478    2009 1800    1800    1800    1100    1000    1800    1300    800     1100    800     800     700     1400    400     700     1300    900     400     600     
	478    2010 2200    1600    2200    1600    2100    2200    1200    1500    1100    800     2100    1100    2000    800     400     600     1200    1000    700     
	478    2011 2500    1200    1600    800     1600    1000    2500    600     800     1200    1600    900     400     700     300     1300    600     2500    400     
	478    2012 2300    2100    1600    1000    2300    1600    1000    400     1000    2100    500     700     400     700     1600    1000    1000    700     400     
	478    2013 2200    1200    2200    700     2200    2200    1300    700     700     1200    1000    700     1200    2200    700     1100    400     800     400     
	478    2014 2000    1800    2000    500     1700    900     1900    500     400     1700    500     600     900     900     500     1900    700     1000    600     
	478    2015 1700    1700    1400    1700    1700    1400    1300    400     1700    1700    1300    800     1100    700     800     600     900     400     800     
	478    2016 1800    1400    1500    700     1500    800     1100    500     400     1400    500     1500    600     800     800     1000    1000    900     900     
	478    2017 2200    1400    2200    1400    2200    1400    900     1400    700     1100    1100    1700    1400    400     900     900     700     500     300     
	478    2018 3300    1600    3300    1300    800     3300    1600    400     1300    500     600     800     1800    2400    600     800     1600    1500    800     
	478    2019 2000    1100    2000    1100    2000    1600    1000    600     1000    700     2000    1500    1100    1000    800     1000    400     600     500     
	478    2020 3500    1800    2000    1100    3500    2000    1700    1100    400     1800    1700    1100    700     700     1400    1700    900     900     300     
	478    2021 1800    1700    1800    1000    1600    1300    1600    300     1000    900     1600    400     1300    1000    900     1600    700     700     1000    
	478    2022 3300    3300    2300    700     3000    2000    800     700     300     3000    1100    1800    1000    2000    1600    400     800     800     900     
	478    2023 3800    1000    3800    1000    1900    1900    900     500     1000    500     600     1900    1900    600     1100    900     800     300     600     
	478    2024 1200    1000    1200    800     1000    1100    1200    800     200     1000    500     800     700     500     600     1200    700     1000    700     
	478    2025 4400    3200    2900    1100    4300    2500    1400    1100    1000    3100    1200    2300    1200    700     2500    1000    1400    1100    1200    
	478    2026 -999999 1100    -999999 1100    -999999 -999999 -999999 1100    400     900     1200    -999999 -999999 -999999 -999999 -999999 -999999 -999999 -999999 
	