EUROPEAN CLIMATE ASSESSMENT & DATASET (ECA&D), file created on: 17-05-2026
THESE DATA CAN BE USED FOR NON-COMMERCIAL RESEARCH AND EDUCATION PROVIDED THAT THE FOLLOWING SOURCE IS ACKNOWLEDGED: 

Klein Tank, A.M.G. and Coauthors, 2002. Daily dataset of 20th-century surface
air temperature and precipitation series for the European Climate Assessment.
Int. J. of Climatol., 22, 1441-1453.
Data and metadata available at http://www.ecad.eu

FILE FORMAT (MISSING VALUE CODE = -999999):

THIS FILE HOLDS DATA FOR STATION NETHERLANDS                              WIERINGERWERF                            (STAID:  20641)
LATITUDE: dd:mm:ss +52:51:29
LONGITUDE: ddd:mm:ss +005:02:43
ELEVATION: m -100

DATA IS FOR INDEX Maximum no of consecutive dry days (RR < 1 mm) (CDD) with unit 0.01 No of days

01-06 SOUID: Source identifier
08-11 YEAR : YYYY
13-20 ANNUAL DATA VALUES
21-28 WINTER HALF YEAR DATA VALUES
29-36 SUMMER HALF YEAR DATA VALUES
37-44 WINTER (DJF) DATA VALUES
45-52 SPRING (MAM) DATA VALUES
53-60 SUMMER (JJA) DATA VALUES
61-68 AUTUMN (SON) DATA VALUES
69-76 JANUARY DATA VALUES
etc. 
157-164 DECEMBER DATA VALUES

20641  1931 -999999 -999999 -999999 -999999 -999999 -999999 1400    -999999 -999999 -999999 -999999 -999999 -999999 -999999 1000    600     800     1400    1200    
	20641  1932 2100    2100    2000    2100    1800    2000    1000    1400    1700    1800    700     600     1900    500     1400    600     300     1000    2100    
	20641  1933 2000    2000    1400    2000    1400    1100    1200    900     900     1200    1100    1400    800     900     1000    1200    600     700     2000    
	20641  1934 1900    1700    1900    1700    1500    1500    1600    700     1700    900     600     1400    1100    1200    800     800     300     1600    700     
	20641  1935 1800    1700    1800    600     1800    1300    700     600     400     1700    600     1200    400     1200    1100    700     500     500     600     
	20641  1936 1800    1800    1500    1100    1800    1200    1000    300     1100    1800    900     900     800     500     1200    600     600     1000    900     
	20641  1937 1800    800     1800    600     1300    1800    900     600     200     500     800     1300    700     600     1200    800     800     900     500     
	20641  1938 1900    1300    1900    1300    1900    1300    1300    400     1300    1300    1500    1400    1300    800     1000    500     1200    1300    900     
	20641  1939 2600    1300    2600    1300    1600    1800    700     500     800     600     700     1600    1000    1200    1800    700     400     400     1500    
	20641  1940 1500    1500    1300    1500    1200    1100    900     900     1500    700     700     1200    1100    400     700     700     900     500     600     
	20641  1941 2300    1300    2300    1300    2300    1400    1200    1100    600     1100    1000    1300    1300    1400    400     1200    700     500     800     
	20641  1942 3200    3200    3100    1900    3100    1100    900     1900    1600    1600    2100    1000    1100    500     700     900     300     800     500     
	20641  1943 3700    3700    2000    1400    2300    2000    1400    600     1400    2300    1200    1100    1000    1800    1200    1300    1000    600     1500    
	20641  1944 2000    2000    1900    2000    1200    1900    800     600     2000    900     900     800     800     1300    1800    600     800     200     1300    
	20641  1945 -999999 -999999 -999999 -999999 -999999 -999999 -999999 -999999 -999999 -999999 -999999 -999999 -999999 -999999 -999999 -999999 -999999 -999999 -999999 
	20641  1946 -999999 -999999 -999999 -999999 -999999 -999999 -999999 -999999 -999999 -999999 -999999 -999999 -999999 -999999 -999999 -999999 -999999 -999999 -999999 
	20641  1947 -999999 -999999 -999999 -999999 -999999 2500    1700    -999999 -999999 -999999 -999999 1300    700     1300    2500    1200    1500    400     1000    
	20641  1948 2100    2100    1500    1500    1300    1500    1000    200     1500    1000    1300    1100    600     1400    600     800     700     1000    1200    
	20641  1949 2300    1400    2300    600     1500    2300    2100    600     600     1400    900     900     2000    1200    1000    1300    800     600     600     
	20641  1950 1500    1400    1500    1400    900     1200    900     1400    400     800     500     900     1200    400     600     200     900     100     1500    
	20641  1951 2400    1600    1600    900     1100    1100    2400    500     600     1000    1100    500     1100    900     400     900     2000    400     1400    
	20641  1952 1900    1000    1900    900     1900    1100    800     500     900     1000    1200    1900    800     900     1100    600     800     600     800     
	20641  1953 2000    2000    1500    1500    1500    1000    1900    1400    1100    1500    1100    1400    500     600     1000    600     1900    1700    500     
	