EUROPEAN CLIMATE ASSESSMENT & DATASET (ECA&D), file created on: 17-05-2026
THESE DATA CAN BE USED FOR NON-COMMERCIAL RESEARCH AND EDUCATION PROVIDED THAT THE FOLLOWING SOURCE IS ACKNOWLEDGED: 

Klein Tank, A.M.G. and Coauthors, 2002. Daily dataset of 20th-century surface
air temperature and precipitation series for the European Climate Assessment.
Int. J. of Climatol., 22, 1441-1453.
Data and metadata available at http://www.ecad.eu

FILE FORMAT (MISSING VALUE CODE = -999999):

THIS FILE HOLDS DATA FOR STATION NETHERLANDS                              LEMMER (GEMAAL BUMA)                     (STAID:    536)
LATITUDE: dd:mm:ss +52:49:59
LONGITUDE: ddd:mm:ss +005:43:00
ELEVATION: m   -1

DATA IS FOR INDEX Maximum no of consecutive dry days (RR < 1 mm) (CDD) with unit 0.01 No of days

01-06 SOUID: Source identifier
08-11 YEAR : YYYY
13-20 ANNUAL DATA VALUES
21-28 WINTER HALF YEAR DATA VALUES
29-36 SUMMER HALF YEAR DATA VALUES
37-44 WINTER (DJF) DATA VALUES
45-52 SPRING (MAM) DATA VALUES
53-60 SUMMER (JJA) DATA VALUES
61-68 AUTUMN (SON) DATA VALUES
69-76 JANUARY DATA VALUES
etc. 
157-164 DECEMBER DATA VALUES

536    1879 -999999 -999999 2200    -999999 2200    900     1000    -999999 -999999 1700    1100    1300    700     900     500     900     1000    600     1500    
	536    1880 2800    2000    2800    2000    2000    2300    900     1300    1100    1800    1500    2000    700     500     2300    800     300     600     200     
	536    1881 1600    1000    1200    1000    1600    700     900     800     1000    900     1100    1200    500     600     700     600     700     900     800     
	536    1882 3900    3900    1400    3900    1600    900     1000    2600    1300    1600    1200    1400    500     500     800     1000    1000    700     600     
	536    1883 3800    1500    3200    1300    3800    1600    1100    1300    1000    800     3000    1300    1300    300     600     1100    600     400     900     
	536    1884 2200    2000    1700    1400    2200    1700    1100    600     1400    2000    1200    1200    900     600     1300    1100    600     900     1100    
	536    1885 4400    2300    2800    1900    4400    2800    900     1200    700     2300    2100    700     900     1900    900     500     700     900     2700    
	536    1886 4700    4700    1600    2800    1900    1500    1500    2600    2800    1900    1000    1000    800     700     1200    900     1300    400     1400    
	536    1887 3000    1600    3000    1600    1600    3000    1200    1200    1400    1000    1600    900     2700    1400    900     900     600     1200    1200    
	536    1888 2900    2900    2500    2200    2500    2200    1300    1600    2200    700     600     2500    900     300     2200    1200    1300    1300    1400    
	536    1889 2600    900     2600    900     1800    2600    1300    800     400     600     1800    800     2000    600     500     1200    700     1300    1000    
	536    1890 3700    3700    1800    3100    1800    800     700     800     2800    1000    600     1800    800     700     800     700     700     600     3100    
	536    1891 3900    2700    1100    2500    1000    1100    1300    500     2500    900     1000    500     1100    800     200     1100    500     800     1100    
	536    1892 1800    1600    1500    1600    1800    1500    1000    1600    900     1400    1500    1100    400     1100    1500    1000    500     1000    1200    
	536    1893 2800    1400    1600    700     2800    1600    1200    700     700     1400    1500    1200    1600    1000    1300    600     700     1200    600     
	536    1894 2700    1900    1300    1400    2700    1100    1000    1400    1100    1900    800     1300    1000    400     800     1000    400     1000    600     
	536    1895 2000    2000    1700    2000    1300    1100    1800    600     2000    600     1100    1300    1100    700     1000    1700    400     800     1400    
	536    1896 1700    1400    1600    1400    1600    1300    1500    600     1200    800     700     1600    600     1000    800     400     200     1500    1000    
	536    1897 2500    1600    1200    1600    900     1200    2500    1500    800     800     500     900     800     1200    500     1000    1200    1300    1400    
	536    1898 2200    1400    2000    1400    1200    1500    2200    1400    300     700     1200    700     1100    1500    1400    1700    1000    700     500     
	536    1899 3000    3000    2500    1300    1700    2000    1100    800     1300    1700    900     500     2000    1300    1400    300     1100    1100    1300    
	536    1900 1700    1500    1200    1200    1700    1200    900     400     900     1500    1100    700     1000    1200    700     900     500     900     600     
	536    1901 1700    1600    1600    1600    1600    1400    1700    1600    700     700     1000    1600    1100    1100    1400    1300    1100    700     500     
	536    1902 1900    1400    1800    1400    800     1800    1600    700     1400    700     800     500     1500    1000    500     1300    900     1000    1300    
	536    1903 1500    1300    1500    1300    900     1500    1000    1300    600     900     300     800     1000    500     300     1000    400     800     2200    
	536    1904 2800    1900    2100    1900    1000    2100    2000    1000    800     900     700     1000    700     2100    600     1600    1300    800     1300    
	536    1905 1600    1600    1500    1600    1200    1300    1500    1600    1300    700     700     1200    800     1300    600     1500    400     1000    1000    
	536    1906 2600    700     2600    700     2300    2600    1200    400     500     600     1700    500     2600    1200    1200    1100    600     600     1700    
	536    1907 1900    1600    1900    1600    1500    1900    1900    1600    1100    1000    1200    900     700     1900    1500    1700    500     1200    800     
	536    1908 2300    1300    1800    1300    1100    1800    2300    900     600     1100    700     800     1200    1100    600     1400    2100    800     1600    
	536    1909 4200    4200    1100    2300    1900    600     1200    1500    2300    1900    1100    800     500     600     600     600     500     900     800     
	536    1910 3000    1300    2300    900     2500    2300    3000    800     500     1300    1200    1700    1300    1100    1800    1500    2900    400     400     
	536    1911 2300    1200    2100    1200    2300    2100    1300    1200    500     1100    1800    1000    700     2100    1400    500     600     1300    400     
	536    1912 2000    1300    2000    1300    2000    1600    1300    1300    600     900     1900    400     700     1600    400     1300    1300    500     500     
	536    1913 1800    1700    1800    1700    1800    1800    1200    1500    1700    500     1200    800     800     900     1800    1200    1200    400     700     
	536    1914 2000    2000    1300    2000    1300    1300    1900    2000    1400    700     1300    1200    800     900     1300    900     1900    700     400     
	536    1915 2200    1900    1800    700     1800    1300    2200    700     500     800     1400    1400    1300    500     1000    1200    2200    600     400     
	536    1916 3000    800     3000    500     1400    3000    1700    500     400     800     900     700     800     1700    1300    1100    800     1700    500     
	536    1917 2400    2400    1500    2400    1500    1200    1500    1400    1300    1100    700     1200    900     800     800     1400    300     600     1500    
	536    1918 1800    1400    1800    1300    1800    1300    1800    800     700     1400    900     1800    800     800     1100    600     1000    1800    800     
	536    1919 3100    3100    2200    3100    2200    2200    1800    1400    1700    1500    1300    2200    800     700     1800    1800    1000    400     800     
	536    1920 4200    1300    2000    1200    1400    1900    4200    600     1200    1300    500     1400    1900    500     800     900     2800    1400    1200    
	536    1921 4100    1600    4100    1500    1600    4100    2200    300     1200    900     1200    1600    1900    2200    700     1700    1500    2200    500     
	536    1922 2100    1600    2100    1300    1600    900     1500    1100    1300    1600    600     1300    900     300     500     500     1500    700     600     
	536    1923 1900    1500    1900    600     1500    1900    800     600     500     1500    1100    700     500     1400    1300    600     200     800     600     
	536    1924 1700    1400    1200    900     1700    1200    1500    900     700     1400    1100    500     1000    900     600     500     1000    1500    1000    
	536    1925 1900    800     1900    800     1400    1900    1300    800     800     800     700     1400    1700    1500    1300    300     1000    1000    500     
	536    1926 2600    2000    1000    600     2600    900     800     600     600     2000    800     500     700     800     600     800     600     600     700     
	536    1927 2700    1000    1700    1000    1700    800     1400    400     1000    1000    600     1300    800     700     600     900     1400    800     2100    
	536    1928 1700    1500    1700    1000    1700    1700    1100    300     1000    700     1300    800     600     1700    500     1100    600     800     500     
	536    1929 2000    1700    2000    1600    1700    2000    800     1300    1500    1700    800     1600    500     2000    800     800     600     600     800     
	536    1930 1800    1600    1800    1300    1800    1000    700     1200    1300    800     1300    600     1000    500     800     600     700     300     800     
	536    1931 1300    1300    1100    1300    1100    1100    1200    500     800     1100    400     900     600     500     800     600     1200    1200    1300    
	536    1932 2000    1900    2000    1600    1900    2000    1000    1500    1200    1900    400     700     2000    500     800     500     500     1000    1900    
	536    1933 1700    1200    1600    1100    1600    1000    1100    1100    900     1200    1600    1400    1000    800     1000    1100    800     700     1000    
	536    1934 2100    2000    2100    2000    1500    1500    1500    700     2000    600     600     1500    1100    1200    1000    1300    400     1500    600     
	536    1935 1800    1500    1800    600     1800    1400    500     600     600     1500    600     1200    400     1200    1400    500     500     400     600     
	536    1936 1700    1700    1500    900     1700    1400    1300    400     900     1700    800     1000    900     300     1400    600     1000    900     900     
	536    1937 1800    600     1800    500     1200    1800    1100    500     200     400     800     600     700     800     1200    400     1100    700     300     
	536    1938 2300    2300    1400    1300    2300    1200    1300    300     1300    2300    1400    700     1200    1000    500     700     1100    1300    1200    
	536    1939 2500    1600    2500    1600    1500    1500    1100    800     800     400     900     1500    1000    800     1500    1000    400     400     1500    
	536    1940 1900    1900    1800    1900    1800    1100    800     1900    500     400     700     1800    1100    500     900     500     800     500     600     
	536    1941 1500    1300    1500    1300    1300    1300    1500    1100    600     1100    1100    1300    1300    1200    300     1500    800     700     600     
	536    1942 3400    3400    3100    1800    3100    1200    800     1400    1800    1600    2100    1000    1200    500     600     800     300     600     800     
	536    1943 3600    3600    1800    1300    2300    1800    1400    500     1300    2300    1200    1300    900     1800    500     1200    1400    600     1700    
	536    1944 1900    1400    1900    1400    1700    1900    1200    600     1400    1100    1400    800     1100    1200    1800    1200    800     300     1400    
	536    1945 2000    2000    1300    900     2000    1200    1400    900     300     2000    900     800     800     1200    500     1200    1100    1400    400     
	536    1946 2200    1100    2200    1000    2200    900     1300    1000    400     1100    1700    1500    300     900     400     700     1300    400     1300    
	536    1947 2400    1000    2400    1000    2000    2400    1000    1000    900     400     1000    2000    900     1300    2400    700     800     400     300     
	536    1948 2100    2100    1400    1500    1400    1400    1200    100     1500    1000    1400    1100    600     1400    900     800     700     1200    1100    
	536    1949 2300    1400    1600    1400    1100    1600    2300    700     700     1000    800     600     1300    1100    900     1300    1000    500     500     
	536    1950 1600    1300    1600    1300    900     1300    900     1300    400     800     400     900     1300    400     500     400     900     400     1500    
	536    1951 2700    1600    1400    1200    1100    1100    2700    1000    600     1000    1100    400     1100    800     600     900     2000    300     800     
	536    1952 1900    1000    1900    400     1900    1000    1000    400     400     1000    1000    1900    800     800     600     1000    800     300     600     
	536    1953 2400    2000    1400    1400    1600    1000    1600    1400    1100    1600    1200    1300    1000    500     800     600     900     1600    800     
	536    1954 1800    1800    1300    1800    1600    700     600     1100    700     1600    1300    1200    500     400     700     400     400     600     500     
	536    1955 1600    1500    1600    1100    1200    1600    800     1100    1100    800     1200    400     800     1300    1600    800     800     800     500     
	536    1956 1400    1100    900     700     1400    600     1000    500     700     1100    900     800     600     400     400     900     800     1000    600     
	536    1957 1500    800     1100    700     1500    1100    1000    700     300     600     1100    800     1100    400     700     400     1000    600     1100    
	536    1958 5100    1300    1100    1100    1300    1000    2100    500     200     1300    600     500     1000    900     600     500     900     2100    3000    
	536    1959 4900    2000    3200    2000    1500    1700    4700    500     1900    400     1300    1500    1700    1500    800     3000    1700    700     500     
	536    1960 1800    1400    1800    500     1800    900     1100    400     500     1400    900     1200    900     300     700     900     200     400     500     
	536    1961 1500    1000    1000    1000    1000    700     1400    500     1000    900     500     1000    700     600     700     700     800     1400    1500    
	536    1962 2200    1300    1000    1100    1000    800     2200    300     1100    700     1000    400     800     700     300     400     2200    1300    700     
	536    1963 2400    2400    1300    1600    900     1000    1200    1100    1600    800     600     900     500     700     300     1200    900     500     1700    
	536    1964 2400    2400    1100    1100    1800    900     1000    1100    600     1800    800     1100    600     900     500     800     700     900     600     
	536    1965 1400    800     1400    700     800     1400    1400    500     700     600     400     600     700     600     1400    900     1400    600     300     
	536    1966 1600    1000    1600    1000    1200    1000    1600    1000    600     600     300     1200    1000    300     800     1500    900     700     300     
	536    1967 1300    1000    1100    1000    700     1100    1300    1000    900     700     700     500     900     700     1100    600     400     1300    400     
	536    1968 1700    1300    1200    1300    1100    1200    1200    400     1300    700     1100    500     1200    600     700     1100    1000    1200    1600    
	536    1969 1800    1200    1800    900     1200    1300    1700    900     500     1200    900     700     800     1300    900     1500    1700    300     600     
	536    1970 2800    1200    2800    800     1300    2300    1300    800     400     800     300     1300    2300    400     900     1300    1100    800     1300    
	536    1971 2200    1000    1700    1000    2200    1700    1700    900     900     700     1500    900     700     1500    700     1200    1100    600     900     
	536    1972 3000    1800    1900    1400    1800    1200    3000    1000    800     1800    800     700     500     1200    1100    1200    1800    300     1800    
	536    1973 3700    2200    2400    2200    1100    2400    1200    1900    600     1100    1000    500     2400    500     2100    1200    900     700     500     
	536    1974 3200    1100    2100    700     3200    1300    800     500     700     1100    2100    900     800     500     1300    800     300     400     500     
	536    1975 2100    1200    2100    1200    900     2100    1400    800     1200    600     900     900     1100    700     1400    900     1400    600     700     
	536    1976 2800    1500    2600    1500    2800    2600    900     500     1500    1100    2200    500     1600    1200    2600    700     800     500     500     
	536    1977 1800    800     1800    600     1500    1100    1800    500     600     400     400     1500    1100    700     500     1800    1100    500     600     
	536    1978 2000    1100    2000    1100    1500    1200    1400    1100    900     500     1400    1500    500     1200    900     500     1400    900     800     
	536    1979 1100    800     1000    800     800     800     1100    800     600     300     600     800     600     700     800     1000    1100    400     400     
	536    1980 3000    1500    3000    1400    3000    900     700     1400    1400    1100    900     2800    500     900     600     400     600     500     400     
	536    1981 2300    1300    2200    1300    2300    1700    1100    1200    1300    500     1800    500     900     700     1700    1100    300     300     400     
	536    1982 2300    1400    2300    1400    1100    2300    1400    1300    1400    1100    1100    1100    500     1600    700     1200    800     600     400     
	536    1983 2300    1700    2300    1700    1300    2300    1900    500     1700    1300    400     300     1200    2200    1400    800     600     1300    900     
	536    1984 2600    1200    2600    1100    2600    2400    700     400     1100    1200    1900    700     800     1100    2400    300     700     700     500     
	536    1985 2200    2200    1000    2200    900     600     1600    900     2200    500     800     900     500     600     500     900     1600    1000    500     
	536    1986 2800    2800    1500    2800    1400    1300    2100    700     2100    1400    1200    800     1300    1200    600     1500    1000    700     500     
	536    1987 1500    1500    1200    1500    1300    1200    1000    1300    1400    1300    1000    700     300     900     400     600     600     800     600     
	536    1988 1900    800     1900    600     1900    1300    1300    500     600     300     1500    1900    1100    400     900     600     1300    800     500     
	536    1989 2000    1700    2000    1700    1700    2000    1200    1400    600     700     500     1700    1800    2000    1000    800     400     1200    1100    
	536    1990 2100    1500    1700    1500    1600    1700    900     1300    600     800     500     1600    1300    1700    800     500     900     500     900     
	536    1991 2400    2100    2300    2100    1100    1200    1400    1100    1000    1100    800     1000    400     700     900     1400    1200    800     1600    
	536    1992 2500    1300    2500    1300    1700    2500    1200    1200    700     500     800     1700    2300    700     700     700     500     600     1200    
	536    1993 1900    1700    1600    1700    1600    1000    1600    500     1500    1000    800     800     800     700     400     300     500     1600    300     
	536    1994 1600    1300    1400    1300    1000    1400    1600    500     1300    500     800     900     900     1400    900     600     1600    800     400     
	536    1995 2700    1500    2700    500     1900    2700    1500    500     500     500     1200    700     1300    500     2300    400     1500    700     1100    
	536    1996 3200    3200    1700    3200    1700    1300    1200    2200    1000    1600    1700    600     900     1300    800     900     1200    400     900     
	536    1997 2000    1800    1900    1800    1000    1900    1600    1800    400     900     900     1000    600     1300    1900    1600    800     500     400     
	536    1998 1700    1000    1700    900     1700    1600    1300    900     800     1000    300     1700    400     900     1600    1300    400     500     300     
	536    1999 2000    600     2000    600     1700    1400    1400    300     400     600     800     1700    900     1400    600     1400    1000    400     200     
	536    2000 1100    1100    1100    1100    900     1100    600     1100    200     600     900     800     700     1100    600     600     400     300     600     
	536    2001 1400    1000    1400    1000    1400    1000    700     1000    500     400     400     1400    700     700     1000    200     700     700     1000    
	536    2002 2300    1000    1300    1000    2300    900     1000    1000    500     1000    1300    800     500     900     900     1000    600     500     1900    
	536    2003 2300    2300    1800    2300    2000    1800    1100    400     2300    2000    1400    700     1000    1200    1700    1100    1100    800     1000    
	536    2004 1800    1600    1800    800     1800    1500    1200    300     700     1100    1800    1400    700     600     900     1200    1000    400     1300    
	536    2005 1700    1000    1400    700     1000    900     1700    700     600     1000    600     900     800     900     900     900     1700    600     500     
	536    2006 1700    1700    1500    1700    1500    1300    1100    1100    900     1400    900     1500    1300    1100    400     1100    700     400     1200    
	536    2007 4600    1100    3500    800     4600    1200    1200    400     500     1100    3000    500     1200    800     1000    500     1200    1000    1500    
	536    2008 1600    1500    1600    1500    1600    700     900     300     1500    400     900     1500    700     300     700     900     600     600     1200    
	536    2009 2400    1200    2400    1000    1600    900     2400    800     600     1200    1600    800     700     400     900     2400    500     200     500     
	536    2010 2500    1200    2500    1200    2500    1000    1600    600     1200    900     2500    1600    1000    600     400     300     1200    1600    1500    
	536    2011 2800    1600    2800    800     2800    800     2800    700     700     1600    1900    900     400     800     400     1300    600     2800    500     
	536    2012 2700    2200    1000    900     2700    1000    1000    500     900     2200    700     700     500     700     1000    1000    400     600     200     
	536    2013 2200    1400    2200    900     2200    2200    1300    900     800     1400    1300    600     1100    2200    700     1100    400     600     400     
	536    2014 2000    1700    2000    500     1700    900     1900    500     400     1700    800     700     900     800     400     1900    400     1000    500     
	536    2015 1400    1000    1200    600     1200    900     1400    400     600     1000    1200    600     700     400     900     600     1000    400     400     
	536    2016 2000    1900    2000    500     1900    1100    2000    500     400     1900    500     1100    1100    1000    700     2000    1000    1000    1000    
	536    2017 1400    1400    1300    1400    1300    1100    1000    1400    700     1100    1000    1300    1100    700     900     1000    700     300     800     
	536    2018 3600    1700    3600    1400    1300    3600    1800    400     1400    500     900     1300    1500    2700    600     800     1800    1500    500     
	536    2019 2000    800     2000    700     2000    1800    600     600     700     700     2000    900     900     1000    1100    600     500     600     700     
	536    2020 2800    1700    2700    700     2800    1200    1300    700     500     1700    2700    1100    900     500     1200    1300    400     800     400     
	536    2021 -999999 -999999 1700    -999999 1700    1200    1200    -999999 1000    900     1700    500     1200    1200    600     1200    500     400     1000    
	536    2022 3800    1900    3800    900     3800    1500    500     900     400     1500    2100    1700    900     1300    1500    500     400     500     1000    
	536    2023 3400    1100    3400    1100    1500    1900    1100    600     1100    400     700     1500    1900    300     1100    1100    700     300     500     
	536    2024 1300    -999999 1300    -999999 1100    1300    1200    600     -999999 1000    500     1100    800     600     700     1100    600     900     600     
	536    2025 2800    2800    2700    1200    2700    1600    1200    700     900     2700    1100    2100    700     700     1600    1000    600     700     1200    
	536    2026 -999999 -999999 -999999 1100    -999999 -999999 -999999 1100    400     -999999 -999999 -999999 -999999 -999999 -999999 -999999 -999999 -999999 -999999 
	