EUROPEAN CLIMATE ASSESSMENT & DATASET (ECA&D), file created on: 17-05-2026
THESE DATA CAN BE USED FOR NON-COMMERCIAL RESEARCH AND EDUCATION PROVIDED THAT THE FOLLOWING SOURCE IS ACKNOWLEDGED: 

Klein Tank, A.M.G. and Coauthors, 2002. Daily dataset of 20th-century surface
air temperature and precipitation series for the European Climate Assessment.
Int. J. of Climatol., 22, 1441-1453.
Data and metadata available at http://www.ecad.eu

FILE FORMAT (MISSING VALUE CODE = -999999):

THIS FILE HOLDS DATA FOR STATION NETHERLANDS                              OOST MAARLAND                            (STAID:   2492)
LATITUDE: dd:mm:ss +50:48:00
LONGITUDE: ddd:mm:ss +005:43:00
ELEVATION: m   50

DATA IS FOR INDEX Maximum no of consecutive dry days (RR < 1 mm) (CDD) with unit 0.01 No of days

01-06 SOUID: Source identifier
08-11 YEAR : YYYY
13-20 ANNUAL DATA VALUES
21-28 WINTER HALF YEAR DATA VALUES
29-36 SUMMER HALF YEAR DATA VALUES
37-44 WINTER (DJF) DATA VALUES
45-52 SPRING (MAM) DATA VALUES
53-60 SUMMER (JJA) DATA VALUES
61-68 AUTUMN (SON) DATA VALUES
69-76 JANUARY DATA VALUES
etc. 
157-164 DECEMBER DATA VALUES

2492   1985 -999999 -999999 -999999 -999999 -999999 -999999 -999999 -999999 -999999 -999999 -999999 -999999 -999999 -999999 -999999 -999999 -999999 -999999 -999999 
	2492   1986 2300    -999999 1300    -999999 1200    1200    2300    700     1900    1200    300     500     1000    1200    700     1300    900     1200    600     
	2492   1987 1900    1600    1900    1600    1200    1900    1000    1600    500     1200    700     700     500     1400    700     700     700     800     1000    
	2492   1988 1500    900     1500    900     1100    1500    800     900     500     300     1100    600     1300    500     1500    600     800     600     400     
	2492   1989 2000    1700    2000    1700    1800    1300    1600    1400    700     700     400     1800    1100    1300    800     1000    700     1600    1100    
	2492   1990 2000    1200    2000    800     2000    1700    1500    600     700     1200    600     2000    800     1700    800     600     1500    800     700     
	2492   1991 3700    2100    3700    2100    1500    2300    1400    1100    1000    1300    900     1500    300     500     2300    1400    1200    1000    1500    
	2492   1992 1800    1400    1600    1400    1400    1000    1800    1200    600     500     1000    1400    1000    700     500     1600    700     400     1100    
	2492   1993 2500    2500    1800    800     2500    1800    1600    600     800     2500    800     500     1400    500     700     400     1000    1600    300     
	2492   1994 2300    1100    2300    1100    1400    2300    1600    500     1100    500     1400    500     2000    1100    500     600     1600    500     600     
	2492   1995 2300    1500    2300    600     1600    2300    1400    300     500     500     800     1500    1300    1200    1900    700     1400    700     1500    
	2492   1996 1500    1500    1400    1500    1400    1400    1400    1500    900     1400    1300    800     1100    1400    600     900     1400    400     900     
	2492   1997 2400    1500    1900    1500    1900    1300    2400    1400    500     1400    1900    1000    600     800     1300    1800    1700    700     800     
	2492   1998 1700    1700    1700    1700    1700    1700    900     1100    800     600     300     1700    300     500     1700    900     300     700     700     
	2492   1999 1900    900     1900    700     1000    1200    1400    700     400     900     400     1000    1100    1100    500     1400    1000    400     200     
	2492   2000 1400    900     1400    900     1000    1400    800     900     400     500     600     900     1400    700     1300    800     500     600     600     
	2492   2001 1500    800     1500    600     1500    1000    800     600     500     300     400     1500    1000    500     700     500     700     800     1400    
	2492   2002 2500    1500    1400    1500    2500    800     1100    1400    400     1100    1400    500     800     600     700     1100    600     600     1100    
	2492   2003 2000    2000    1800    2000    2000    1700    2000    800     2000    2000    1800    600     700     1600    1600    1100    2000    900     1000    
	2492   2004 6700    6400    1500    6000    1200    1500    900     3100    2900    800     1000    1200    500     900     600     900     900     400     1400    
	2492   2005 1800    1000    1800    700     1000    1800    1600    500     700     1000    500     800     1800    1800    600     1100    1600    700     600     
	2492   2006 1800    1400    1800    1400    1300    1600    1600    1000    600     1300    700     300     1100    1600    200     1600    600     700     1000    
	2492   2007 3600    800     3500    800     3600    800     700     400     600     700     3000    600     700     400     800     600     700     500     1400    
	2492   2008 1700    1700    1300    1700    1300    1000    1000    500     1700    500     400     1300    900     400     1000    1000    700     700     1100    
	2492   2009 1300    1100    1100    1100    900     900     900     1100    500     800     600     900     600     400     900     900     800     300     1000    
	2492   2010 2700    800     2700    700     2300    2700    1300    700     700     800     2200    700     1800    900     400     500     1300    1000    600     
	2492   2011 3300    1200    1500    1100    1500    600     3300    600     1100    1200    1400    1400    400     600     400     1200    700     2600    500     
	2492   2012 1800    1300    900     1300    1800    800     900     500     1200    1300    500     800     400     600     800     900     800     700     300     
	2492   2013 2200    900     2200    800     1600    2200    700     600     800     800     1300    600     1200    2200    1000    500     400     400     500     
	2492   2014 1900    1900    1600    900     1900    1600    1600    500     500     1900    1600    700     1600    700     300     1600    500     1100    600     
	2492   2015 2000    1700    2000    1700    2000    1000    1600    700     1700    900     2000    800     600     600     500     700     1300    400     600     
	2492   2016 1800    1700    1200    600     1700    1200    1200    300     600     1700    700     600     300     1200    700     1100    1200    900     1800    
	2492   2017 2000    1100    2000    800     1200    1300    1000    800     800     1100    1200    1200    1200    500     1300    800     1000    500     300     
	2492   2018 2200    1000    2200    1000    800     2200    1500    400     1000    400     700     800     1600    2200    600     700     1500    1200    500     
	2492   2019 2200    1700    2200    1700    1500    2200    800     400     1700    1400    1500    600     1100    1100    1300    800     500     700     500     
	2492   2020 3800    1100    3200    700     3800    1300    1800    700     400     1100    2700    2900    600     700     1000    1800    800     700     400     
	2492   2021 2200    800     2200    700     2200    1300    900     600     700     800     2000    500     1300    800     600     900     600     700     900     
	2492   2022 2400    1700    2400    1000    2400    2000    1100    1000    400     1400    1000    1800    900     2000    1200    500     1100    800     1200    
	2492   2023 3500    1300    3500    1300    1600    1900    1200    800     1300    800     800     1600    1900    300     900     900     1100    300     500     
	2492   2024 1900    800     1000    800     700     700     1900    800     300     600     600     700     700     500     700     1000    1000    900     700     
	2492   2025 2500    2500    2300    1400    2400    2300    1200    700     1400    2400    1200    2000    800     1200    2300    1000    1100    700     2200    
	2492   2026 -999999 1500    -999999 1200    -999999 -999999 -999999 1200    500     1000    1100    -999999 -999999 -999999 -999999 -999999 -999999 -999999 -999999 
	