EUROPEAN CLIMATE ASSESSMENT & DATASET (ECA&D), file created on: 17-05-2026
THESE DATA CAN BE USED FOR NON-COMMERCIAL RESEARCH AND EDUCATION PROVIDED THAT THE FOLLOWING SOURCE IS ACKNOWLEDGED: 

Klein Tank, A.M.G. and Coauthors, 2002. Daily dataset of 20th-century surface
air temperature and precipitation series for the European Climate Assessment.
Int. J. of Climatol., 22, 1441-1453.
Data and metadata available at http://www.ecad.eu

FILE FORMAT (MISSING VALUE CODE = -999999):

THIS FILE HOLDS DATA FOR STATION NETHERLANDS                              HOEK_VAN_HOLLAND_1                       (STAID:  10972)
LATITUDE: dd:mm:ss +51:59:07
LONGITUDE: ddd:mm:ss +004:08:53
ELEVATION: m    1

DATA IS FOR INDEX Maximum no of consecutive dry days (RR < 1 mm) (CDD) with unit 0.01 No of days

01-06 SOUID: Source identifier
08-11 YEAR : YYYY
13-20 ANNUAL DATA VALUES
21-28 WINTER HALF YEAR DATA VALUES
29-36 SUMMER HALF YEAR DATA VALUES
37-44 WINTER (DJF) DATA VALUES
45-52 SPRING (MAM) DATA VALUES
53-60 SUMMER (JJA) DATA VALUES
61-68 AUTUMN (SON) DATA VALUES
69-76 JANUARY DATA VALUES
etc. 
157-164 DECEMBER DATA VALUES

10972  1902 -999999 -999999 -999999 -999999 -999999 1100    1100    -999999 -999999 -999999 -999999 -999999 900     1100    500     700     600     1000    1300    
	10972  1903 1500    1300    1500    1300    1000    1500    1000    1300    700     900     300     1000    1100    700     700     1000    500     700     2200    
	10972  1904 2800    1100    2700    1100    800     2700    2400    1100    800     700     800     600     900     2200    500     1500    1900    1100    900     
	10972  1905 1300    900     1200    900     1200    800     500     900     600     500     1200    1100    700     700     700     400     200     500     1300    
	10972  1906 2300    600     1700    600     2300    1500    900     600     400     600     1700    500     1100    1000    900     800     900     500     500     
	10972  1907 2500    1000    2500    1000    1100    2500    1800    1000    600     800     800     700     600     1200    1900    1800    900     500     800     
	10972  1908 2400    1500    2000    1500    1000    2000    2400    900     1400    1000    600     700     1300    1300    600     1400    1400    1000    1400    
	10972  1909 1900    1400    1800    1400    1100    1100    1800    1400    1300    900     1000    1000    900     1100    600     1800    400     800     900     
	10972  1910 1700    1300    1600    1200    1700    1600    1500    800     400     1300    700     900     1600    1000    600     800     1500    400     500     
	10972  1911 2000    1600    2000    1600    1800    1900    1200    1200    1000    1400    1600    1800    800     1400    1900    1200    800     500     400     
	10972  1912 2200    900     2200    900     2200    1900    1700    900     500     700     2100    900     500     1900    400     1700    1100    600     700     
	10972  1913 1700    1700    1700    1700    700     1700    1000    1300    1700    600     500     700     1100    900     1700    900     900     900     600     
	10972  1914 1700    1500    1700    1500    1300    1700    1300    1500    1000    300     1300    900     1200    900     1700    1000    1000    800     300     
	10972  1915 1700    1000    1700    700     1700    1300    1300    700     600     700     700     1100    1300    500     800     700     1300    400     200     
	10972  1916 2800    1100    2800    700     1100    2800    1300    600     300     1100    800     600     900     1500    1300    1100    600     900     300     
	10972  1917 1900    1700    1900    1700    1000    1000    1400    1200    1600    600     1000    900     1000    1000    800     1200    300     500     700     
	10972  1918 2200    2200    1700    1300    1800    1200    1100    800     700     1800    700     800     900     700     700     300     1000    700     700     
	10972  1919 2300    2000    2300    2000    2100    2200    1800    700     1500    900     1000    2100    700     400     1900    1800    800     800     700     
	10972  1920 2900    1400    1100    1400    1100    1100    2900    800     1400    1100    400     1000    1100    500     800     1100    1600    1400    900     
	10972  1921 3400    3400    2200    3300    1800    2200    2200    500     2800    900     700     1800    900     2200    600     1700    1500    2200    1000    
	10972  1922 2100    1400    1600    1100    1400    1100    2100    400     1100    1000    1000    1400    1100    500     500     500     2100    600     500     
	10972  1923 2500    1500    2500    800     1900    2500    700     800     700     1500    1200    400     1100    1400    1400    700     100     500     400     
	10972  1924 2300    1700    1200    700     1700    1200    2300    700     700     1700    800     600     1000    1100    500     500     1100    2300    800     
	10972  1925 2200    800     2200    700     900     2000    1400    700     400     500     900     600     2000    1200    700     300     1100    700     500     
	10972  1926 1500    1500    1400    1000    1500    800     800     1000    600     1500    1000    1000    500     800     800     800     700     600     900     
	10972  1927 1600    1400    1000    1400    1400    600     1000    400     1400    1400    900     700     500     500     600     400     1000    400     1600    
	10972  1928 2100    1900    2100    1400    1000    2100    1000    300     1400    1000    600     900     600     2100    800     1000    400     400     700     
	10972  1929 2000    1700    2000    1400    1600    2000    800     1400    1300    1200    900     1600    600     2000    900     800     600     500     400     
	10972  1930 2700    2200    2700    1300    1500    2100    900     700     1300    1300    800     1000    2100    500     700     500     900     300     600     
	10972  1931 1500    1100    1500    400     1200    1500    1200    400     400     1100    500     1100    1100    500     900     700     1200    1100    700     
	10972  1932 2600    2600    2000    2300    1600    2000    1000    1600    2100    1600    400     600     2000    700     1500    800     300     1000    1800    
	10972  1933 3300    1500    2400    1500    2400    1100    1100    1200    800     1100    2400    800     1100    900     1000    1100    700     700     2600    
	10972  1934 2400    2400    2000    2400    1600    1500    800     800     2300    1100    700     1500    1400    1200    900     600     300     800     400     
	10972  1935 2000    1600    2000    700     1700    2000    900     700     300     1600    500     1200    400     1600    900     900     400     400     600     
	10972  1936 1800    1600    1800    1100    1800    1300    1100    600     1100    1600    1800    1000    700     500     1300    600     900     1100    900     
	10972  1937 1200    800     1200    500     1200    1100    1200    500     200     400     800     1100    700     500     1000    300     1000    900     400     
	10972  1938 2300    2300    1800    1300    2300    1800    700     500     1300    2300    1000    1400    1800    900     900     500     700     600     1000    
	10972  1939 2500    1100    2500    1100    1500    1000    800     500     600     400     800     1500    1000    600     1000    600     300     300     1500    
	10972  1940 2100    700     2100    700     2100    1100    900     600     700     400     700     2100    1100    500     700     900     800     200     500     
	10972  1941 2400    1300    1800    1200    1300    1800    2400    1100    300     1300    1000    1200    1600    800     300     1600    800     500     800     
	10972  1942 3000    1900    3000    1600    3000    1700    1300    1300    1600    900     2100    900     1300    400     700     1300    500     800     600     
	10972  1943 3700    3700    1900    1300    2400    1900    1400    700     1300    2400    1400    1300    1000    1900    600     700     1000    500     1500    
	10972  1944 1900    1800    1900    1800    1300    1900    700     500     1800    1100    1000    600     1000    1200    1800    500     700     300     600     
	10972  1945 1700    1100    1200    900     1100    1200    1700    900     400     1100    500     1100    1000    1200    600     900     1700    1400    700     
	10972  1946 1700    1400    1700    1400    1700    1000    900     1400    600     1400    1100    1500    600     1000    400     700     900     600     1300    
	10972  1947 4100    1800    4100    1800    1400    2500    1600    1700    1400    300     1100    1400    1000    1400    2500    1600    1300    500     600     
	10972  1948 3100    3100    1500    1600    1500    1500    1100    300     1600    1500    1300    1400    1100    1400    900     900     900     900     1100    
	10972  1949 2100    1300    2100    1300    1100    2100    1400    700     600     1000    900     700     1700    1200    2100    1100    800     400     500     
	10972  1950 1700    1300    1700    1300    1200    1300    900     1300    400     800     500     1200    1300    500     600     400     900     300     800     
	10972  1951 2500    1300    1500    700     1100    1100    2500    500     400     1000    1100    600     1100    700     700     700     2100    300     1100    
	10972  1952 1300    1000    1300    1000    1100    1100    600     400     1000    800     1100    800     800     800     1100    500     600     300     700     
	10972  1953 3800    3800    1400    1100    2700    1400    1700    1100    1100    2700    1100    700     800     600     1400    700     1600    1700    800     
	10972  1954 2700    1700    2700    1700    2700    700     600     1100    600     1100    2600    1500    500     700     700     300     200     600     700     
	10972  1955 1900    1800    1900    1200    1900    1200    800     900     1200    700     1900    700     800     1200    1100    800     800     600     400     
	10972  1956 2600    1300    2600    1300    2600    1000    1500    500     1300    1000    1700    1400    1000    700     300     1500    900     800     1000    
	10972  1957 1600    1100    1600    1100    1300    1300    1400    1100    300     700     900     800     1300    400     700     300     1400    800     600     
	10972  1958 1900    1200    1100    800     1200    1000    1900    500     300     1200    1100    500     1000    800     300     700     800     1900    400     
	10972  1959 2200    2100    2200    2100    1700    1700    2000    700     2000    400     800     1700    1600    1700    1500    2000    1100    700     1200    
	10972  1960 1600    1300    1600    600     1600    1500    800     500     600     1300    600     1100    1500    400     800     800     300     400     300     
	10972  1961 1700    1700    1400    1200    1700    900     1300    500     1200    1700    800     1400    700     900     700     1300    700     1200    700     
	10972  1962 2300    1400    2300    1300    1800    1900    2100    600     1300    1000    1400    700     1900    500     700     600     2100    700     700     
	10972  1963 2400    2400    1600    1600    800     800     1600    1100    1600    800     600     800     700     700     200     1600    900     900     1500    
	10972  1964 1700    1700    1600    1300    1200    1400    1000    1300    500     1200    800     1100    800     900     1200    900     700     900     500     
	10972  1965 1400    1300    1000    700     1300    1000    1400    400     700     1300    500     800     800     300     900     700     1400    700     400     
	10972  1966 1500    900     1500    900     900     800     1500    900     600     700     600     600     500     300     800     1500    700     400     200     
	10972  1967 1700    900     1700    900     900     1700    1000    900     600     700     800     400     1700    900     1100    700     700     1000    400     
	10972  1968 2200    1200    1700    800     1700    700     1600    700     800     500     1700    600     600     700     700     600     1300    1600    1500    
	10972  1969 2200    1100    1700    1000    1100    1200    2200    900     700     1100    900     800     1100    1200    900     1600    1900    300     600     
	10972  1970 3300    1400    3300    600     1200    2300    1400    600     400     700     400     1200    2300    600     1000    1400    1300    800     1200    
	10972  1971 2000    1500    1700    1500    2000    1700    1500    1500    700     500     1500    600     900     1600    700     1300    1100    400     900     
	10972  1972 3000    1400    2000    1300    1400    1300    3000    1000    900     1400    900     400     700     800     1300    1200    1800    400     1800    
	10972  1973 3100    1700    2100    1700    1300    2100    1600    1300    700     1300    400     500     1600    900     2100    1600    900     600     400     
	10972  1974 1700    700     1300    600     1700    1300    800     500     600     700     1100    900     800     400     1300    800     400     400     400     
	10972  1975 1900    1100    1900    1000    1500    1600    1800    800     1000    200     700     1500    1000    700     1000    900     1800    700     1100    
	10972  1976 2600    1500    2600    1500    2500    2600    700     500     1500    1100    2300    500     1500    1200    2600    500     700     400     400     
	10972  1977 1500    900     1500    600     1100    1500    1100    600     600     600     600     1100    800     1300    400     900     1100    300     600     
	10972  1978 2000    700     2000    700     1700    1600    1000    700     700     500     900     1700    700     1100    1600    1000    600     900     800     
	10972  1979 1300    800     1300    800     500     1300    1100    600     800     500     500     500     700     700     500     1000    1100    400     400     
	10972  1980 2800    1400    2800    1400    2800    2100    800     1400    700     700     1000    2300    900     1100    1000    800     400     500     200     
	10972  1981 1800    1700    1800    1700    1300    1800    700     500     1700    700     1000    600     700     1100    1800    700     400     300     700     
	10972  1982 1900    1400    1900    1400    1600    1500    1400    1400    1400    900     1600    1100    900     1500    700     1200    800     600     800     
	10972  1983 2300    1900    2300    1900    1300    2300    1700    500     1900    1300    500     500     2300    1700    1800    900     600     1400    700     
	10972  1984 2500    1300    2500    1100    2300    2300    700     200     1100    1300    1900    600     800     1100    2300    500     700     700     600     
	10972  1985 2000    2000    1500    2000    1000    1500    1200    500     2000    1000    1000    800     500     1500    500     900     1100    800     300     
	10972  1986 3500    3500    1400    3200    1000    1400    1900    400     2800    1000    600     400     700     1400    1300    1300    1000    400     500     
	10972  1987 6400    1600    1300    1600    1200    1300    3300    1600    1400    1200    900     700     400     1300    800     300     400     3000    3100    
	10972  1988 2400    1100    2400    1100    1500    2400    700     800     1100    200     1100    1500    2400    600     900     600     700     700     500     
	10972  1989 2200    800     2200    800     1900    2200    1100    600     600     700     500     1900    1300    2200    800     800     500     1100    900     
	10972  1990 1900    900     1900    800     1900    1800    900     500     600     900     700     1900    1300    1800    1000    800     900     500     900     
	10972  1991 2600    1900    2300    1900    1600    2300    1300    1200    1200    1200    1300    1600    400     700     1600    1300    1100    1100    1500    
	10972  1992 2100    1300    2100    1300    2100    1300    800     1200    600     400     900     2100    1000    700     600     800     500     600     1200    
	10972  1993 1800    1800    900     1800    1600    900     1500    500     1500    1600    800     500     700     300     800     300     1000    1500    500     
	10972  1994 2000    1300    2000    1300    900     2000    1700    500     1300    800     900     700     1400    2000    800     600     1700    1300    400     
	10972  1995 2900    1300    2900    500     1300    2900    1200    400     500     600     800     1200    1300    700     2500    400     1200    1100    1700    
	10972  1996 6500    6200    2500    6200    2100    2000    1000    3100    2900    1600    2000    600     2000    1200    700     1000    400     300     1400    
	10972  1997 2000    1800    1900    1800    1900    1900    1700    1800    400     800     1900    1000    700     1000    1900    1700    900     1000    400     
	10972  1998 1700    1300    1700    1300    1700    1600    700     1000    1300    1300    300     1700    200     800     1600    700     500     700     400     
	10972  1999 2300    700     2300    700     1300    1200    1200    300     400     700     900     1100    900     900     1100    1200    1200    600     200     
	10972  2000 1300    700     1300    700     1300    900     700     700     400     700     600     900     700     700     900     700     400     300     700     
	10972  2001 1400    1300    1400    1300    1400    1100    700     1300    800     500     600     1400    1100    500     600     300     400     700     1000    
	10972  2002 2200    1000    1300    1000    2200    900     600     900     600     1000    1200    700     700     700     900     600     500     300     1000    
	10972  2003 2900    2200    2900    2200    2200    2900    1300    600     2200    2000    2200    700     1200    1400    2700    900     1300    800     1000    
	10972  2004 1700    1000    1500    1000    1400    1500    1000    300     700     1000    1000    1400    1500    600     600     1000    900     400     1500    
	10972  2005 1400    900     1400    900     900     1300    900     500     900     900     600     800     800     1300    600     800     900     400     500     
	10972  2006 1700    1700    1500    1700    1500    1500    1500    1100    800     1300    800     1500    1100    1500    400     1500    1000    600     900     
	10972  2007 4600    1100    3500    800     4600    1000    1000    400     600     1100    3000    500     700     900     1000    500     1000    400     1400    
	10972  2008 1500    1500    1400    1500    1400    800     1000    400     1500    300     1400    1300    600     500     800     1000    900     500     1100    
	10972  2009 2000    1400    2000    1200    1200    2000    1400    800     1200    1200    900     800     1500    500     800     1400    700     400     500     
	10972  2010 2100    1100    2100    1100    2100    1200    800     1100    1000    900     2100    1200    1100    700     400     500     800     700     400     
	10972  2011 2500    1800    1500    700     1700    800     2500    700     700     1700    1500    900     400     700     300     1200    600     2500    500     
	10972  2012 2900    2400    1600    800     2900    1600    1000    500     800     2400    700     1100    500     700     1600    1000    600     400     300     
	10972  2013 2300    1400    2300    900     2300    2300    1300    500     900     1400    1100    700     1100    2300    700     1100    500     300     600     
	10972  2014 1800    1500    1800    500     1500    1600    1800    500     400     1500    800     800     1600    900     200     1800    700     600     400     
	10972  2015 2000    2000    1200    1600    2000    1200    1400    300     1600    2000    1200    600     800     400     900     700     1000    400     300     
	10972  2016 1600    1200    1400    600     1200    1400    1100    600     400     1200    600     900     500     1400    700     1100    1100    700     1000    
	10972  2017 1400    1400    1300    1400    1200    1300    900     1400    400     1000    1200    900     1300    400     900     800     900     300     400     
	10972  2018 3700    1500    3700    1400    1800    3700    1400    400     1400    500     900     1800    1200    2500    900     800     1400    1400    600     
	10972  2019 2000    1700    2000    1700    2000    1600    500     400     1700    1400    2000    1200    1100    600     1200    300     500     400     500     
	10972  2020 3700    2000    3100    800     3700    1200    1600    800     300     2000    1700    2800    900     600     1200    1600    400     600     400     
	10972  2021 2200    1000    2200    600     900     1600    1700    300     600     800     800     600     1600    1200    500     1700    400     600     1000    
	10972  2022 2400    1600    2400    700     1700    2400    700     700     400     1600    1700    1000    900     1800    1300    500     700     500     900     
	10972  2023 3800    1100    3800    1100    1900    1900    900     600     1100    300     700     1900    1900    500     1200    900     700     400     500     
	10972  2024 1800    600     1800    600     1000    1800    1200    600     500     500     600     1000    900     600     1200    1000    700     1000    1000    
	10972  2025 3100    2000    3000    1200    3100    2300    900     1200    900     2000    1100    2300    1100    700     2300    700     400     700     1000    
	10972  2026 -999999 1100    -999999 600     -999999 -999999 -999999 600     300     1000    1400    -999999 -999999 -999999 -999999 -999999 -999999 -999999 -999999 
	