EUROPEAN CLIMATE ASSESSMENT & DATASET (ECA&D), file created on: 17-05-2026
THESE DATA CAN BE USED FOR NON-COMMERCIAL RESEARCH AND EDUCATION PROVIDED THAT THE FOLLOWING SOURCE IS ACKNOWLEDGED: 

Klein Tank, A.M.G. and Coauthors, 2002. Daily dataset of 20th-century surface
air temperature and precipitation series for the European Climate Assessment.
Int. J. of Climatol., 22, 1441-1453.
Data and metadata available at http://www.ecad.eu

FILE FORMAT (MISSING VALUE CODE = -999999):

THIS FILE HOLDS DATA FOR STATION NETHERLANDS                              STRIJEN                                  (STAID:   2526)
LATITUDE: dd:mm:ss +51:46:00
LONGITUDE: ddd:mm:ss +004:34:59
ELEVATION: m   -1

DATA IS FOR INDEX Maximum no of consecutive dry days (RR < 1 mm) (CDD) with unit 0.01 No of days

01-06 SOUID: Source identifier
08-11 YEAR : YYYY
13-20 ANNUAL DATA VALUES
21-28 WINTER HALF YEAR DATA VALUES
29-36 SUMMER HALF YEAR DATA VALUES
37-44 WINTER (DJF) DATA VALUES
45-52 SPRING (MAM) DATA VALUES
53-60 SUMMER (JJA) DATA VALUES
61-68 AUTUMN (SON) DATA VALUES
69-76 JANUARY DATA VALUES
etc. 
157-164 DECEMBER DATA VALUES

2526   1931 -999999 -999999 -999999 -999999 -999999 -999999 -999999 -999999 -999999 -999999 -999999 -999999 -999999 -999999 -999999 -999999 -999999 -999999 -999999 
	2526   1932 1700    -999999 1700    -999999 1600    1700    900     1500    1400    1600    300     600     1700    900     700     400     400     900     1100    
	2526   1933 3300    1100    1900    1100    1900    1300    1200    800     700     1000    1900    1000    800     700     1300    1200    600     700     2600    
	2526   1934 2400    2400    2000    2400    1700    1500    2000    700     2400    1100    600     1500    1200    1200    1400    500     1200    2000    500     
	2526   1935 1900    1600    1900    700     1900    1500    800     700     600     1600    600     1300    500     1200    1100    800     400     500     400     
	2526   1936 1900    1900    1400    1000    1900    1200    1500    600     1000    1900    800     1000    700     400     1200    400     1500    1300    900     
	2526   1937 1800    1000    1800    600     1200    1400    1100    600     200     400     500     1200    600     800     900     300     1100    900     400     
	2526   1938 2000    2000    1800    1200    2000    1800    1200    500     1200    2000    1200    1500    1800    1000    900     1200    700     1000    1000    
	2526   1939 2300    1100    2300    1100    1300    1000    1300    400     700     300     600     1300    1000    900     900     1000    300     200     1700    
	2526   1940 2500    1000    2500    900     2500    1600    1300    700     400     800     600     2500    1100    400     1200    1000    1300    400     800     
	2526   1941 1700    1300    1700    1300    1700    1700    1500    1200    400     1300    1000    1700    1500    800     200     1500    800     500     800     
	2526   1942 3400    1800    3400    1500    3400    1200    1100    1400    1500    1100    2500    900     1200    400     700     1100    500     800     700     
	2526   1943 3800    3800    1400    1300    2500    1400    1400    600     1300    2500    1000    1300    900     1100    500     500     1400    500     900     
	2526   1944 2000    1900    2000    1900    1000    2000    900     600     1900    1000    800     600     800     700     1800    900     900     300     500     
	2526   1945 1700    900     1400    900     1400    1200    1700    900     400     900     1100    1400    900     1200    400     1000    1700    1400    1000    
	2526   1946 1900    1500    1900    1500    1900    1100    1500    1500    800     1300    1100    1200    400     1100    800     600     1500    700     1300    
	2526   1947 3300    1300    3300    1300    1100    2600    900     1200    600     400     1100    800     1000    1100    2600    700     800     700     1300    
	2526   1948 3000    3000    1500    1600    1400    1500    1900    300     1600    1400    800     1400    1000    1400    900     900     1000    900     1100    
	2526   1949 3100    1400    3100    1400    1300    3100    1600    700     800     1200    800     400     1700    1400    1500    800     800     400     600     
	2526   1950 1700    1400    1700    1400    1200    1300    1000    1400    400     800     800     1200    1300    800     800     400     1000    400     1300    
	2526   1951 2400    1600    1500    700     1000    1100    2400    400     600     1000    1000    400     1100    700     600     700     2000    300     1300    
	2526   1952 1900    1000    1900    1000    1900    1100    900     500     1000    700     1100    1900    800     800     1100    900     600     300     400     
	2526   1953 5600    5600    1400    2900    2700    1400    2300    1700    2800    2700    1000    1200    1000    800     1400    700     2300    1100    800     
	2526   1954 1700    1700    1400    1700    1700    700     700     1100    600     1700    1400    1400    600     600     500     300     700     600     700     
	2526   1955 1500    1500    1200    1200    1200    1100    900     900     1200    900     1200    500     900     900     1100    800     700     900     600     
	2526   1956 1500    1400    1500    1400    1500    800     1400    600     1400    1000    600     900     800     400     500     1400    900     1000    700     
	2526   1957 1300    1300    1300    1300    1000    1300    1100    1300    400     500     700     800     1300    500     700     300     700     1100    900     
	2526   1958 2700    1500    1100    800     1500    1000    2300    500     300     1500    500     400     1000    800     600     800     900     2300    400     
	2526   1959 3800    2100    3800    2100    2100    1800    2600    500     2000    400     800     2100    1700    1800    1800    2000    1700    800     700     
	2526   1960 1200    1100    1200    900     1100    1200    700     600     900     1100    1100    1100    1200    400     500     700     300     300     400     
	2526   1961 1500    1500    1300    1200    1500    900     1300    800     1200    1500    500     1100    700     900     700     1300    900     1200    700     
	2526   1962 2100    2100    1900    1300    1900    1400    2100    700     1300    1300    1400    500     1400    400     400     600     2100    500     700     
	2526   1963 2600    2100    1400    1300    1000    800     1400    1300    1300    800     800     800     700     800     300     1400    1000    900     1700    
	2526   1964 1800    1800    1500    1300    1200    1400    1000    1300    700     1200    800     500     800     900     1200    900     700     900     800     
	2526   1965 1500    1500    1500    1100    1500    1400    1500    600     1100    1300    900     1500    800     600     600     900     1500    700     300     
	2526   1966 1600    1600    1500    1600    1100    1100    1400    1600    600     600     400     1100    900     400     1100    1400    800     300     200     
	2526   1967 1400    900     1400    900     1400    1300    1000    900     900     900     800     600     1300    800     1200    900     500     1000    400     
	2526   1968 2200    1200    1700    800     1700    1100    1900    400     800     500     1700    600     600     700     1100    600     1000    1900    1500    
	2526   1969 2400    1600    1800    800     1100    1800    2400    800     700     1100    900     300     1500    1200    1100    1600    2200    300     700     
	2526   1970 2100    1200    1900    600     1200    1300    1400    600     400     500     300     1200    1300    500     800     1400    1100    900     2100    
	2526   1971 2300    1000    2300    1000    1000    2200    2200    1000    800     500     900     800     900     2100    800     2200    1100    400     900     
	2526   1972 2300    1800    1900    1800    1500    1200    2300    900     800     1500    900     700     700     700     1200    700     1900    500     2100    
	2526   1973 4000    2400    1700    2400    1800    1700    1400    1900    600     1800    400     400     1700    500     1200    1400    900     1000    600     
	2526   1974 2200    1100    1500    700     2200    1500    800     500     600     1100    1200    900     1500    500     1200    800     300     300     700     
	2526   1975 1800    1100    1600    1000    1500    1000    1800    600     1000    200     1000    1500    1000    600     900     600     1800    700     1100    
	2526   1976 2300    1500    2300    1500    1900    2300    700     500     1500    1100    1700    800     1700    1200    2300    400     700     500     400     
	2526   1977 1500    700     1500    600     1000    1500    1400    400     300     400     600     1000    800     1500    600     1400    1400    600     500     
	2526   1978 1600    1600    1300    1500    1200    1200    1300    1100    1500    500     900     1200    700     900     1200    600     1300    900     700     
	2526   1979 1400    900     1400    700     600     1100    1400    600     700     500     600     600     700     800     700     1400    1200    400     400     
	2526   1980 3200    1400    3200    1400    3200    800     700     1400    800     1200    900     2700    800     800     700     600     400     500     500     
	2526   1981 1900    1200    1800    1200    1900    1300    700     500     1200    700     1800    300     500     1300    1000    700     400     500     400     
	2526   1982 1900    1500    1900    1500    1600    1200    1900    1400    1500    900     1600    900     1000    1200    400     1900    800     600     500     
	2526   1983 2000    1700    2000    1700    1300    2000    2000    400     1700    1300    400     300     2000    1500    1400    600     600     1400    800     
	2526   1984 2100    1200    2100    1100    2100    1500    900     500     1100    1200    1900    700     800     1000    1500    300     700     900     500     
	2526   1985 2000    2000    1300    2000    1000    1300    1900    300     2000    700     900     1000    400     1300    500     800     1900    600     500     
	2526   1986 3500    3500    1500    3200    1000    1500    2100    400     2800    1000    700     500     700     1500    1300    1500    1000    400     500     
	2526   1987 1700    1700    1300    1700    1300    1300    1000    1700    700     1300    900     800     200     1300    400     500     500     1000    900     
	2526   1988 2500    900     2500    900     1300    2500    1100    900     700     200     800     1300    2500    300     900     600     1100    800     700     
	2526   1989 1800    1700    1800    1700    1800    1300    1200    1400    800     700     500     1800    1200    1300    900     1000    400     1200    800     
	2526   1990 1800    900     1800    700     1600    1800    900     500     600     900     600     1600    900     1800    800     400     900     500     600     
	2526   1991 2600    1700    2400    1700    1600    1600    1500    1100    700     1100    700     1500    400     600     1000    1500    1200    1100    1500    
	2526   1992 1200    800     1200    800     1200    900     800     600     700     500     900     1200    900     700     500     800     500     400     1200    
	2526   1993 1800    1700    1500    1700    1600    900     1800    500     1500    1600    800     800     900     400     800     300     1000    1400    300     
	2526   1994 1800    1100    1800    1100    900     1800    1600    500     1100    400     900     500     900     1800    600     300     1600    800     400     
	2526   1995 2700    1500    2700    300     1600    2700    1500    300     300     600     800     1500    1300    1000    2300    1100    1500    1100    1600    
	2526   1996 2900    2900    1400    2900    1600    1200    900     2100    800     1600    1300    1200    1000    1200    1000    900     400     400     1400    
	2526   1997 1900    1800    1900    1800    1900    1900    1600    1700    300     1100    1900    1000    600     1100    1900    1600    1100    800     700     
	2526   1998 1700    1300    1700    1300    1700    1600    700     900     1300    1200    300     1700    600     700     1600    700     200     700     300     
	2526   1999 2000    600     2000    600     1000    1200    1400    300     400     600     600     900     900     900     600     1400    1200    400     200     
	2526   2000 1400    1300    1400    1300    1400    1100    700     1300    300     500     900     800     800     700     1100    700     500     300     800     
	2526   2001 1700    900     1700    900     1300    1700    1000    900     800     400     400     1300    1300    400     600     300     1000    800     900     
	2526   2002 2300    1000    1300    1000    2300    900     1200    900     500     1000    1300    600     700     700     900     1200    700     300     1000    
	2526   2003 2900    2200    2900    2200    2200    2900    1400    900     2200    2000    2200    700     1300    1100    2700    1100    1400    900     1000    
	2526   2004 1700    1000    1400    1000    1400    900     1000    300     600     500     900     1400    600     600     300     1000    900     500     1500    
	2526   2005 1600    1000    1100    900     1000    1100    1600    600     900     500     400     1000    1100    900     600     500     1600    600     700     
	2526   2006 1700    1700    1600    1700    1500    1600    1500    1100    600     1300    900     1500    1200    1600    400     1500    1100    600     900     
	2526   2007 4500    1000    3500    1000    4500    800     1000    400     700     1000    3000    500     500     300     800     600     1000    500     2100    
	2526   2008 2400    1700    1500    1700    1500    1100    1000    500     1700    400     600     1400    1100    500     900     1000    700     500     1200    
	2526   2009 1900    1000    1900    1000    1000    1900    1400    800     1000    800     800     800     1500    700     1100    1400    800     400     500     
	2526   2010 2100    1100    2100    1100    2100    1300    1200    1100    700     900     2100    1400    1100    700     400     500     1200    800     600     
	2526   2011 2800    1800    1600    800     1700    800     2800    700     700     1700    1600    800     300     500     400     1200    600     2800    500     
	2526   2012 2600    2400    1600    800     2600    1600    1000    500     800     2400    300     700     500     600     1600    1000    900     600     400     
	2526   2013 2300    1200    2300    800     2000    2300    1300    600     800     1200    800     600     1100    2300    700     1100    400     800     500     
	2526   2014 2300    1700    2300    500     1700    1600    2300    500     500     1700    800     500     1600    500     500     2300    400     600     400     
	2526   2015 1900    1900    1400    1400    1900    1400    1400    400     1400    1900    1200    700     1100    600     900     700     1000    400     800     
	2526   2016 1800    1300    1300    600     1300    1300    1300    500     600     1300    600     600     900     1300    700     1300    1200    900     1000    
	2526   2017 1700    1000    1700    800     1300    1500    800     800     500     1000    1200    1300    1500    500     900     800     700     400     300     
	2526   2018 2800    1500    2800    1400    2100    2800    1400    400     1400    500     900     2100    1500    1500    700     1300    1400    1200    600     
	2526   2019 1700    1700    1600    1700    1600    1600    1000    400     1700    1400    1500    1600    1100    500     1200    1000    500     400     500     
	2526   2020 2100    1700    2100    700     2100    900     1600    700     400     1700    1700    2100    600     800     900     1600    800     700     400     
	2526   2021 -999999 -999999 1600    -999999 1600    1200    1000    -999999 1000    700     1600    600     1200    800     500     1000    400     600     1000    
	2526   2022 3300    3300    1900    700     2900    1900    1100    700     400     2900    1700    1000    900     1900    1400    400     1100    800     900     
	2526   2023 3800    1100    3800    1100    1900    1900    1700    600     1100    400     600     1900    1900    400     1200    900     1000    300     300     
	2526   2024 1800    -999999 1800    -999999 800     1800    1000    700     -999999 400     400     800     800     600     1200    1000    800     800     600     
	2526   2025 2900    2500    2900    1000    2900    2300    1400    1000    1000    2400    1100    2300    1600    700     2300    1000    1400    800     1300    
	2526   2026 -999999 -999999 -999999 600     -999999 -999999 -999999 600     300     -999999 -999999 -999999 -999999 -999999 -999999 -999999 -999999 -999999 -999999 
	