EUROPEAN CLIMATE ASSESSMENT & DATASET (ECA&D), file created on: 17-05-2026
THESE DATA CAN BE USED FOR NON-COMMERCIAL RESEARCH AND EDUCATION PROVIDED THAT THE FOLLOWING SOURCE IS ACKNOWLEDGED: 

Klein Tank, A.M.G. and Coauthors, 2002. Daily dataset of 20th-century surface
air temperature and precipitation series for the European Climate Assessment.
Int. J. of Climatol., 22, 1441-1453.
Data and metadata available at http://www.ecad.eu

FILE FORMAT (MISSING VALUE CODE = -999999):

THIS FILE HOLDS DATA FOR STATION NETHERLANDS                              KATWIJK AAN DEN RIJN                     (STAID:   2450)
LATITUDE: dd:mm:ss +52:10:59
LONGITUDE: ddd:mm:ss +004:25:00
ELEVATION: m    7

DATA IS FOR INDEX Maximum no of consecutive dry days (RR < 1 mm) (CDD) with unit 0.01 No of days

01-06 SOUID: Source identifier
08-11 YEAR : YYYY
13-20 ANNUAL DATA VALUES
21-28 WINTER HALF YEAR DATA VALUES
29-36 SUMMER HALF YEAR DATA VALUES
37-44 WINTER (DJF) DATA VALUES
45-52 SPRING (MAM) DATA VALUES
53-60 SUMMER (JJA) DATA VALUES
61-68 AUTUMN (SON) DATA VALUES
69-76 JANUARY DATA VALUES
etc. 
157-164 DECEMBER DATA VALUES

2450   1876 -999999 -999999 -999999 -999999 -999999 -999999 -999999 -999999 -999999 -999999 -999999 -999999 -999999 -999999 -999999 -999999 -999999 -999999 -999999 
	2450   1877 1300    -999999 1100    -999999 900     1100    1300    400     400     700     700     800     900     600     600     700     500     300     400     
	2450   1878 1300    900     1300    900     1300    1300    900     300     900     400     1200    500     1100    1300    600     600     900     600     300     
	2450   1879 1800    1800    1800    1800    1800    700     1200    1700    900     1100    500     1300    400     700     500     1200    700     900     1400    
	2450   1880 3900    2700    3900    2000    3700    1700    1000    1600    600     2700    700     3100    500     600     1700    900     300     900     600     
	2450   1881 1400    1000    1000    800     1400    900     900     700     800     1000    900     1000    900     900     700     700     900     900     600     
	2450   1882 3100    3100    1300    3100    1300    700     900     1900    1200    900     800     1300    500     600     400     600     900     300     1200    
	2450   1883 1900    1400    1800    1200    1900    700     1500    1200    1000    700     1800    1100    700     300     600     1500    700     300     1100    
	2450   1884 2600    1600    2600    1600    1600    2600    1300    1600    700     1000    1600    1200    1200    800     2400    1300    900     800     700     
	2450   1885 2400    1100    2400    1100    1200    2400    900     1100    600     1100    1200    600     900     1900    1000    400     200     900     1700    
	2450   1886 2300    2300    1800    2300    1300    1800    1700    500     2300    1300    1200    1000    1200    600     1500    1700    900     400     500     
	2450   1887 3200    1500    3200    1500    1500    3200    1100    1200    1500    1000    1500    500     2700    1700    1200    800     700     1100    500     
	2450   1888 2600    1500    2600    1500    2600    1100    1500    1500    900     300     1000    2600    700     200     1100    1300    1500    800     700     
	2450   1889 4300    1100    4300    1100    900     3600    1400    1000    1000    600     900     700     3000    600     400     1000    500     1400    700     
	2450   1890 2700    2700    1400    2700    1200    1000    1400    600     2600    800     1200    900     600     1000    700     1400    1300    600     1800    
	2450   1891 3400    3400    1400    2800    1400    600     1900    1100    2800    900     1400    1000    600     600     500     1000    1100    800     1000    
	2450   1892 1700    1400    1400    1100    1700    1100    1000    700     1100    600     1400    1000    500     1100    500     1000    500     600     1700    
	2450   1893 4600    1500    3100    1200    4600    2100    800     1200    400     1500    3000    1400    2100    700     800     600     700     800     600     
	2450   1894 3600    2200    1500    1300    3600    1500    1600    1300    600     2200    1400    800     1000    500     800     900     1200    1600    1300    
	2450   1895 2100    1600    2000    1100    1700    1200    2100    1000    1100    1600    1000    1400    1000    800     1200    2000    400     400     1400    
	2450   1896 3200    3200    2100    3200    1600    2100    1500    1000    2900    1000    1000    1600    700     1400    400     300     400     1500    700     
	2450   1897 1900    1100    1900    1100    900     1900    1700    1100    800     500     600     900     600     1800    400     700     1200    800     1000    
	2450   1898 1900    1100    1900    1100    1000    1300    1700    1100    400     600     1000    800     700     800     1300    1700    1000    600     800     
	2450   1899 3200    1700    3200    1400    1400    3200    1300    800     1400    1400    800     500     1700    900     2700    300     1300    1200    1600    
	2450   1900 1700    1100    1700    1100    1700    1700    600     500     600     500     1700    1300    600     1700    800     600     400     500     500     
	2450   1901 1900    1900    1900    1900    1900    1100    1500    1800    600     900     1300    1900    1100    1100    1000    1300    700     800     400     
	2450   1902 1400    1400    1100    1400    900     1100    1100    1300    1400    700     700     900     800     1100    600     600     500     1000    1200    
	2450   1903 1400    1100    1400    1100    1000    1400    800     1100    700     900     500     1000    1000    800     600     800     300     800     2200    
	2450   1904 2800    1100    2800    1100    1500    2800    1700    900     800     600     1500    600     600     2300    600     1700    900     1100    1000    
	2450   1905 2600    1100    2600    1100    2600    1300    800     1100    500     600     1100    2600    600     800     1300    500     500     400     1000    
	2450   1906 2200    700     1700    500     2200    1100    1200    300     500     700     1700    500     1100    1000    800     1200    300     500     600     
	2450   1907 2400    1000    2400    1000    1400    1100    2400    900     900     900     1000    800     200     1100    400     2400    300     700     800     
	2450   1908 2400    1300    2000    1300    900     2000    2400    700     1100    900     700     800     1300    1300    500     900     1400    1000    1500    
	2450   1909 2100    1700    1300    1200    1000    1300    900     900     1200    500     1000    1000    600     1000    1300    500     400     900     600     
	2450   1910 1600    1300    1600    800     1600    1600    900     800     500     1300    900     900     1600    700     600     700     900     400     300     
	2450   1911 2500    2500    1900    2500    1700    1900    1200    1900    600     500     1600    1700    800     1400    1900    1200    500     500     300     
	2450   1912 2100    1000    2100    1000    2100    1400    1200    1000    500     400     2000    500     500     1400    200     1200    1000    500     400     
	2450   1913 1700    1600    1700    1600    700     1700    900     1300    1600    300     600     700     800     900     1700    800     600     900     500     
	2450   1914 1600    1600    1400    1600    1100    1000    1200    1600    1000    500     1000    1100    900     600     1000    1000    900     400     200     
	2450   1915 1600    900     1600    900     1600    1300    1300    700     900     800     700     1100    1300    500     700     900     1300    500     300     
	2450   1916 2800    1400    2800    1400    900     2800    1400    1100    300     900     800     600     800     1500    1300    1100    500     1000    300     
	2450   1917 3800    3800    1800    3800    1500    1000    1300    1900    1900    900     700     1200    1000    1000    600     1100    200     800     800     
	2450   1918 2100    2100    1500    1500    1800    1200    1100    1000    700     1800    700     900     800     700     1000    200     900     600     400     
	2450   1919 2400    1900    2400    1900    2100    1400    1800    700     1500    900     900     2100    800     600     1400    1800    900     700     700     
	2450   1920 2500    1600    1500    1600    1100    1500    2500    800     1600    1100    500     1000    1500    600     800     1100    1600    1300    1200    
	2450   1921 3400    1400    2200    1400    2000    2200    2200    400     1300    700     1200    2000    900     2200    500     1700    900     2200    1200    
	2450   1922 2200    1100    2200    1100    1400    1200    1400    1000    1100    1100    500     1400    1200    500     800     600     1400    700     500     
	2450   1923 2500    1400    2500    700     2000    2500    700     700     700     1400    1200    700     1100    1400    1400    700     100     500     400     
	2450   1924 1700    1700    1200    700     1700    1200    1600    700     700     1700    900     300     1000    1100    600     500     900     1600    800     
	2450   1925 1500    700     1500    700     1000    1200    1400    700     400     500     1000    800     1100    1200    1000    400     1100    700     700     
	2450   1926 1500    1500    1200    700     1500    1200    800     600     700     1500    700     800     500     1200    1100    800     600     600     800     
	2450   1927 1300    1100    1300    1000    1300    600     1100    400     1000    1100    900     1100    400     600     600     400     1100    600     800     
	2450   1928 2000    1900    2000    1400    1000    2000    1100    300     1400    1000    500     900     600     2000    700     1100    700     800     500     
	2450   1929 2500    2100    2500    2100    2400    2100    1100    1200    2100    1600    1000    2400    1400    2100    900     1100    600     500     400     
	2450   1930 2200    2200    2100    1300    1400    2100    1200    700     1300    1200    800     800     2100    400     800     500     1200    300     600     
	2450   1931 1500    1100    1500    1000    1200    1500    1200    500     800     1100    400     800     1100    500     900     600     1200    1100    700     
	2450   1932 2300    2000    1500    2000    1900    1500    900     1300    1400    1900    400     700     1500    900     1500    800     300     900     2300    
	2450   1933 3300    2100    1900    2100    1500    1900    1100    900     700     1100    1500    900     1000    700     1900    1100    700     700     2600    
	2450   1934 2300    2300    2000    2300    1600    1500    700     900     2300    1100    600     1500    1400    1200    900     600     300     700     500     
	2450   1935 1800    1600    1800    600     1800    1200    700     600     400     1600    600     1200    400     1200    800     700     400     300     600     
	2450   1936 1900    1900    1500    1000    1900    1200    1100    300     1000    1900    1200    900     800     500     1200    600     1000    1100    900     
	2450   1937 1300    800     1300    600     1300    1200    1000    600     200     400     1000    1100    700     800     1000    400     1000    1000    400     
	2450   1938 2300    2300    1800    1300    2300    1800    900     400     1300    2300    1300    1400    1800    900     1000    500     700     900     1000    
	2450   1939 2500    1600    2500    1600    1500    1000    500     500     1100    300     700     1500    1000    400     900     500     300     300     1500    
	2450   1940 2100    1000    2100    700     2100    1100    1100    600     500     800     500     2100    1100    400     700     900     1100    400     500     
	2450   1941 2400    1200    2400    1200    1200    2400    1500    1100    600     1200    800     1200    2200    1400    300     1500    800     700     800     
	2450   1942 3000    1300    3000    1300    3000    1100    1000    1300    1200    1100    2100    900     1100    400     700     1000    500     800     600     
	2450   1943 3200    3200    2000    1300    1900    2000    1800    400     1300    1900    1400    1300    1000    2000    600     700     1600    500     1000    
	2450   1944 1800    1800    1400    1800    1300    1400    800     500     1800    1100    1000    700     1100    900     1400    600     800     200     800     
	2450   1945 1200    1100    1200    600     1100    1200    1200    600     400     1100    800     1100    800     1200    600     700     1200    600     600     
	2450   1946 1700    1500    1700    1500    1700    1000    1400    1500    900     1400    1100    1500    300     1000    400     600     1400    500     1300    
	2450   1947 1800    1200    1800    1200    1100    1800    1000    1000    1200    400     1100    800     1000    1400    1800    900     900     400     1000    
	2450   1948 3000    3000    1500    1500    1500    1500    1800    400     1500    1500    1200    1400    600     1400    900     600     1600    1300    1100    
	2450   1949 2000    900     2000    600     1000    2000    1400    600     600     900     800     700     1700    1400    2000    600     800     500     500     
	2450   1950 1700    1300    1700    1300    1000    1300    1000    1300    400     800     700     1000    1300    400     600     300     1000    300     1300    
	2450   1951 2500    1400    1500    700     1100    1100    2500    500     400     1000    1100    400     1100    700     700     700     2000    300     1300    
	2450   1952 1600    1000    1600    1000    1600    1000    900     500     1000    700     1100    1600    800     900     1000    900     600     300     600     
	2450   1953 4400    4400    1900    1700    2700    1200    1600    1400    1700    2700    1400    1700    700     500     1000    700     1600    1100    800     
	2450   1954 1700    1700    1700    1700    1700    700     600     1100    600     1600    1600    1400    500     700     700     300     200     600     700     
	2450   1955 1600    1600    1400    1000    1200    1400    800     900     1000    800     1200    800     800     1300    1200    800     700     500     400     
	2450   1956 1900    1300    1900    1300    1400    800     1900    500     1300    900     900     1300    800     800     400     1900    800     800     1000    
	2450   1957 1400    1200    1100    1200    1400    1000    1400    1200    300     700     1000    800     700     400     700     300     1400    1100    400     
	2450   1958 1600    1300    1000    600     1300    1000    1600    500     200     1300    500     600     1000    700     300     500     800     1600    400     
	2450   1959 2500    2100    2200    2100    1100    1700    2500    600     2000    400     800     1100    1700    1600    1500    2000    1600    700     800     
	2450   1960 2200    1300    2200    500     2200    1900    700     500     500     1300    1100    1800    1900    500     400     700     400     400     500     
	2450   1961 1700    1700    1300    1200    1700    900     1500    600     1200    1700    500     900     900     700     700     1300    700     1500    700     
	2450   1962 2200    1300    2200    1200    1700    1900    2100    600     1200    1100    1200    500     1900    500     700     800     2100    700     700     
	2450   1963 2300    1900    1700    1100    1000    900     1700    1100    1100    800     800     800     600     700     300     1700    1000    800     1500    
	2450   1964 1800    1800    1100    1300    1200    1000    1000    1300    700     1200    800     1100    800     1000    700     700     700     900     400     
	2450   1965 1500    900     1500    900     1500    1100    1400    700     700     700     500     1500    800     300     1100    700     1400    700     400     
	2450   1966 1500    1200    1500    1200    1300    900     1500    1200    500     600     300     1300    900     300     800     1500    700     400     200     
	2450   1967 1400    900     1400    900     900     1400    800     900     800     700     900     500     900     900     1400    700     400     800     400     
	2450   1968 1400    1000    1100    800     1100    800     1100    400     800     600     1100    600     800     700     700     700     1000    1100    1400    
	2450   1969 1900    1400    1700    900     1100    1100    1900    900     600     1100    1000    700     1000    1100    900     1600    1900    300     600     
	2450   1970 3300    1300    3300    500     1000    2300    1300    500     400     500     400     1000    2300    600     1100    1300    1200    600     1200    
	2450   1971 2100    1000    2100    1000    2100    2100    1600    900     500     600     1500    600     900     2000    500     1300    1200    700     900     
	2450   1972 3000    1500    1800    1400    1500    1100    3000    1000    800     1500    900     700     300     900     1100    1200    1800    400     1900    
	2450   1973 3300    2100    1900    1900    2100    1900    1500    1400    500     2100    400     500     1600    500     1900    1500    900     700     900     
	2450   1974 1700    700     1500    600     1700    1500    800     600     600     700     1100    800     1500    500     800     800     400     400     500     
	2450   1975 2100    1100    2100    1100    900     2100    1800    800     1100    300     900     800     1100    700     1400    900     1800    800     1100    
	2450   1976 2500    1600    2500    1600    2500    2400    800     500     1600    1100    2300    1100    1700    1200    2400    400     800     400     500     
	2450   1977 2000    800     2000    600     1900    2000    1500    400     600     400     500     1900    900     1600    500     1500    1100    500     500     
	2450   1978 2300    700     2300    700     1700    2000    1000    400     700     400     900     1700    700     1000    2000    1000    800     900     800     
	2450   1979 1400    800     1400    800     600     1100    1400    600     800     500     600     400     700     600     600     1400    1100    300     400     
	2450   1980 3300    1400    3300    1400    3300    800     1200    1400    700     800     1000    2800    400     800     600     800     700     500     300     
	2450   1981 2100    1300    2100    1300    1700    1700    900     500     1300    700     1300    600     900     1300    1700    900     300     300     800     
	2450   1982 1500    1400    1500    1400    1200    1500    1300    1400    1400    700     1200    1100    1100    1500    400     1300    800     400     800     
	2450   1983 2500    1900    2500    1900    1300    2500    1700    400     1900    1300    500     400     2500    1900    1500    900     700     1400    800     
	2450   1984 2100    1300    2100    1200    2100    1500    900     500     1200    1300    1900    500     800     1100    1500    300     700     900     600     
	2450   1985 2800    2800    1500    2800    1000    1500    1200    400     2800    500     1000    1000    500     1300    400     900     1100    600     300     
	2450   1986 2500    2500    1500    2500    1400    1500    2100    400     2100    1400    1300    800     1500    1400    1000    1500    1000    400     500     
	2450   1987 1500    1500    1300    1500    1300    1300    900     1200    900     1300    1000    800     400     1300    500     500     500     900     900     
	2450   1988 1500    800     1500    700     1100    1500    700     500     700     100     1100    900     1500    600     900     600     500     700     500     
	2450   1989 1800    900     1800    900     1800    1800    1200    600     600     800     500     1800    1800    1300    900     900     400     1200    800     
	2450   1990 2700    800     2700    800     2000    2700    900     700     600     600     500     2000    500     2200    1100    600     900     300     1000    
	2450   1991 2500    1800    2500    1800    1500    2500    1400    1100    700     1100    900     1500    300     700     1800    1400    700     800     1600    
	2450   1992 2100    1300    2100    1300    2100    1000    1200    1200    700     600     1000    2100    1000    700     600     700     500     600     1200    
	2450   1993 1600    1000    900     900     1000    700     1600    500     900     1000    800     600     700     300     600     300     1000    1500    200     
	2450   1994 1700    1400    1300    1400    1200    1300    1700    400     1400    800     1200    700     900     1300    700     600     1700    800     400     
	2450   1995 2800    1600    2800    300     1600    2800    1500    300     300     500     900     700     1300    700     2400    500     1500    1100    1600    
	2450   1996 2200    2200    2000    2200    2000    1200    800     2100    600     1600    2000    600     1000    1200    700     800     400     300     900     
	2450   1997 2000    1700    2000    1700    2000    1900    1600    1700    400     1200    2000    1000    600     700     1900    1600    900     500     600     
	2450   1998 1700    1400    1700    1300    1700    1600    700     1200    1300    1400    300     1700    200     1200    1600    700     300     700     400     
	2450   1999 2000    800     2000    700     1000    1200    1400    400     400     800     600     800     900     1200    600     1400    1300    300     200     
	2450   2000 1600    1400    1600    1400    800     1600    700     1400    400     700     600     700     800     1100    1200    700     400     300     700     
	2450   2001 1200    1200    1000    1200    1000    900     700     1200    800     500     400     1000    900     500     700     200     400     700     1000    
	2450   2002 2300    1100    1200    1000    2300    900     1100    900     500     1100    1200    700     900     700     800     1100    400     600     1200    
	2450   2003 2300    2300    2200    2300    2000    2200    1400    600     2300    2000    1800    700     1200    1200    2200    1000    1400    800     1000    
	2450   2004 1900    1000    1900    1000    1900    1200    1100    300     600     1000    800     1900    700     600     600     1100    900     700     1500    
	2450   2005 1500    900     1500    800     900     1100    1000    600     800     900     600     800     1100    900     700     800     1000    400     500     
	2450   2006 1700    1700    1600    1700    1500    1600    1500    1100    900     1300    700     1500    1200    1600    400     1500    1000    600     1000    
	2450   2007 4600    1100    3500    1000    4600    900     1000    500     600     1100    3000    500     700     500     900     600     1000    600     1400    
	2450   2008 1800    1800    1700    1800    1700    900     1000    400     1800    300     1700    1300    900     500     800     1000    900     600     1200    
	2450   2009 1700    1500    1700    1200    1200    1700    1400    800     1200    1200    900     800     1500    500     1500    1400    700     300     600     
	2450   2010 2100    1400    2100    1400    2100    1200    800     600     1400    900     2100    1600    1100    700     400     500     800     600     600     
	2450   2011 2000    1800    1200    700     1700    800     2000    700     700     1700    1000    800     400     600     300     1200    600     2000    500     
	2450   2012 1700    1400    1000    800     1700    800     1000    500     800     1400    500     900     500     700     800     1000    700     400     200     
	2450   2013 2300    2000    2300    1300    2100    2300    1300    600     1300    1200    1100    700     1100    2300    700     1100    600     300     400     
	2450   2014 2100    1700    2100    300     1700    1500    1900    300     300     1700    900     700     1500    900     200     1900    700     600     400     
	2450   2015 1700    1500    1700    1500    1700    1200    1300    400     1500    1400    1700    1000    1100    400     900     600     1000    300     400     
	2450   2016 1600    1200    1400    400     1200    1400    1100    300     400     1200    600     1100    700     1400    700     1100    1000    700     1000    
	2450   2017 1400    1000    1400    900     1400    1300    700     800     900     1000    1100    1400    1300    500     900     400     700     300     300     
	2450   2018 4000    1500    4000    1400    2000    4000    1500    400     1400    500     1100    2000    1300    2700    900     800     1300    1500    800     
	2450   2019 2000    1500    2000    700     2000    1700    700     400     700     1500    2000    1600    1200    600     1300    300     500     700     500     
	2450   2020 2000    1600    2000    400     2000    1000    1800    400     400     1600    1700    2000    700     500     1000    1800    800     700     400     
	2450   2021 2800    1700    2800    1000    1500    1200    2600    400     1000    900     1500    500     1200    1200    500     2600    600     400     500     
	2450   2022 1600    1400    1600    700     1500    1400    700     700     500     1400    1500    1000    900     1100    1400    500     700     500     500     
	2450   2023 3600    1300    3600    1200    1900    1700    900     600     1200    400     700     1900    1700    600     1300    900     700     200     400     
	2450   2024 2000    900     2000    800     900     2000    1200    800     500     900     500     900     900     600     1400    1100    800     900     700     
	2450   2025 2700    2200    2700    1200    2700    1600    700     1000    900     2100    1100    2100    1600    700     1500    600     600     700     1100    
	2450   2026 -999999 1000    -999999 600     -999999 -999999 -999999 600     600     900     2800    -999999 -999999 -999999 -999999 -999999 -999999 -999999 -999999 
	