EUROPEAN CLIMATE ASSESSMENT & DATASET (ECA&D), file created on: 17-05-2026
THESE DATA CAN BE USED FOR NON-COMMERCIAL RESEARCH AND EDUCATION PROVIDED THAT THE FOLLOWING SOURCE IS ACKNOWLEDGED: 

Klein Tank, A.M.G. and Coauthors, 2002. Daily dataset of 20th-century surface
air temperature and precipitation series for the European Climate Assessment.
Int. J. of Climatol., 22, 1441-1453.
Data and metadata available at http://www.ecad.eu

FILE FORMAT (MISSING VALUE CODE = -999999):

THIS FILE HOLDS DATA FOR STATION NETHERLANDS                              ORANJE NASSAU'S OORD/RENK                (STAID:  20579)
LATITUDE: dd:mm:ss +51:58:00
LONGITUDE: ddd:mm:ss +005:43:00
ELEVATION: m -100

DATA IS FOR INDEX Maximum no of consecutive dry days (RR < 1 mm) (CDD) with unit 0.01 No of days

01-06 SOUID: Source identifier
08-11 YEAR : YYYY
13-20 ANNUAL DATA VALUES
21-28 WINTER HALF YEAR DATA VALUES
29-36 SUMMER HALF YEAR DATA VALUES
37-44 WINTER (DJF) DATA VALUES
45-52 SPRING (MAM) DATA VALUES
53-60 SUMMER (JJA) DATA VALUES
61-68 AUTUMN (SON) DATA VALUES
69-76 JANUARY DATA VALUES
etc. 
157-164 DECEMBER DATA VALUES

20579  1866 -999999 -999999 -999999 -999999 -999999 -999999 1900    -999999 -999999 -999999 -999999 -999999 -999999 -999999 600     600     1300    700     1000    
	20579  1867 2100    2100    1700    1100    1700    1100    1000    1100    600     1700    600     1200    800     800     1100    600     800     1000    1100    
	20579  1868 2000    1100    1800    1100    1100    1700    1600    1100    600     500     600     800     1700    1500    500     1600    700     800     300     
	20579  1869 2500    1100    2500    1100    1300    2500    1100    1100    900     900     1100    400     1100    1700    1800    500     800     1100    1200    
	20579  1870 3700    2900    3700    2900    1900    2200    1900    900     2000    700     1200    1500    2200    900     300     1300    600     800     1100    
	20579  1871 1600    1000    1200    1000    1000    1200    1600    900     1000    1000    700     700     600     400     1200    800     1300    1200    800     
	20579  1872 1300    1200    1300    1200    900     1300    1100    700     600     800     700     600     1300    900     1100    1100    800     500     700     
	20579  1873 2500    2000    1100    1900    2500    900     2000    900     1100    2000    1100    600     500     900     700     1000    600     2000    1500    
	20579  1874 3000    1400    3000    1400    3000    1100    1900    1300    700     800     2700    900     900     900     900     1100    1300    900     800     
	20579  1875 2200    1700    2200    1300    2200    800     1200    700     1300    1400    2200    900     600     800     500     1000    900     500     800     
	20579  1876 3100    3100    1500    3100    1200    1500    1600    3000    600     1100    900     1100    1500    1500    1500    400     1600    500     400     
	20579  1877 1700    1000    1000    400     1000    1000    1700    400     300     1000    1000    900     1000    500     500     800     900     400     500     
	20579  1878 1500    1500    1200    1500    1200    1100    1000    500     1200    400     1200    600     1100    1000    700     600     1000    800     800     
	20579  1879 2100    1800    1600    1800    1100    800     2100    1400    800     900     1100    700     300     800     700     1600    1200    1000    1800    
	20579  1880 3300    3000    3300    3000    3300    1600    900     1500    1500    2500    1600    2700    400     600     1600    800     500     600     600     
	20579  1881 1800    1000    1100    1000    1400    1000    1800    900     1000    1000    900     1100    800     500     700     700     800     1500    1100    
	20579  1882 1700    1700    1300    1700    1500    600     1000    1700    1300    1500    1200    1300    500     500     500     900     1000    300     1200    
	20579  1883 3700    2200    3100    1700    3700    1500    1100    1500    1700    1000    3000    1300    1500    300     1000    1100    1000    500     1200    
	20579  1884 1900    1400    1900    1100    1600    1500    1200    900     800     900     1400    1600    1200    400     1100    1200    900     1200    700     
	20579  1885 2500    1400    2100    1300    2500    1300    900     1300    1000    1400    2100    400     1000    1100    900     500     200     900     1800    
	20579  1886 3300    2400    3300    2300    3300    1400    1100    700     2300    1800    2200    1100    700     700     600     900     1000    400     400     
	20579  1887 3000    1700    3000    1500    1900    3000    900     1200    1500    1000    1900    500     2600    1000    1100    800     500     900     500     
	20579  1888 2300    1300    2300    1100    2300    800     1300    600     1100    400     600     2300    700     300     800     1200    1300    1300    1500    
	20579  1889 1700    900     1700    800     700     1700    1300    700     300     600     700     600     1600    500     400     900     600     1300    800     
	20579  1890 2600    2600    1500    2600    1200    1100    1500    400     2500    1200    600     1100    800     1100    600     1500    700     600     1800    
	20579  1891 2000    1400    1600    1400    1600    800     2000    700     1400    1300    900     700     600     800     400     1500    1100    400     1000    
	20579  1892 1700    1000    1400    1000    1700    1100    900     700     700     1000    1400    700     600     800     1100    500     600     900     1600    
	20579  1893 4400    1700    3100    1700    4400    1900    900     1100    400     1300    3000    900     1800    900     1900    700     700     900     600     
	20579  1894 2700    1700    1200    1700    2700    1100    1100    1600    600     1500    1200    700     1000    600     400     1100    200     1000    1100    
	20579  1895 1800    1800    1600    1800    1200    900     1700    700     1100    800     1000    1200    800     700     900     1600    500     700     1400    
	20579  1896 1400    1400    1300    1400    1300    1300    1000    1200    1400    500     900     1300    600     1300    1100    400     300     1000    500     
	20579  1897 2500    1100    2300    1100    1900    1200    2500    1100    800     700     500     1900    600     1000    500     600     1200    1300    1500    
	20579  1898 1900    1100    1900    1100    900     1500    1700    1100    400     900     700     800     800     1500    1300    1700    1100    1000    700     
	20579  1899 2400    1500    2400    1500    1400    2000    1200    1100    900     1400    300     800     2000    600     1400    400     1200    1200    900     
	20579  1900 2100    1400    2100    1100    2100    1000    1500    400     1000    1200    1500    1500    600     1000    700     1500    500     900     600     
	20579  1901 2400    1800    2400    1800    2000    2400    1700    1800    600     700     900     2000    800     2400    1000    1300    900     800     500     
	20579  1902 1700    1700    900     1700    900     700     1100    800     1700    700     600     900     700     700     400     600     500     1100    1200    
	20579  1903 2300    1200    2300    1200    1400    1600    800     1200    1000    900     300     1400    1100    700     400     800     600     500     2200    
	20579  1904 2800    1100    2000    1000    1100    2000    1200    1000    700     1100    1000    1000    700     2000    500     1200    800     1100    900     
	20579  1905 1300    700     1300    700     1000    1300    1200    700     700     500     1000    600     1300    700     800     1200    400     600     800     
	20579  1906 1800    600     1700    600     1800    1100    1100    400     600     500     1700    400     1100    400     600     1000    900     500     900     
	20579  1907 2300    1300    2300    1300    1300    1500    2300    1300    1000    800     900     500     800     1500    500     2300    400     900     800     
	20579  1908 1500    1300    1500    1300    900     1500    1300    900     1000    900     400     500     1200    800     500     1100    900     800     1300    
	20579  1909 1800    1100    1100    1100    1100    900     1100    900     1100    500     900     1100    900     600     600     1100    600     700     900     
	20579  1910 1900    1300    1500    600     1900    900     1500    400     400     1300    600     900     500     900     600     1500    1500    500     500     
	20579  1911 1600    1500    1600    1500    1600    900     1200    600     1000    900     1600    600     300     900     900     1200    700     300     300     
	20579  1912 2000    700     2000    700     2000    1900    1300    700     600     500     1900    600     600     1900    400     1300    1200    300     500     
	20579  1913 1700    1600    1700    1600    900     1700    1700    900     1600    300     900     600     600     500     1700    1300    800     300     600     
	20579  1914 1500    1500    1400    1500    1000    1400    1200    1500    1000    300     900     900     900     700     1400    800     700     1200    500     
	20579  1915 2000    700     2000    600     1300    1200    1300    600     600     600     700     1300    1200    500     600     1100    1300    600     200     
	20579  1916 1700    800     1700    700     1300    1700    1400    400     400     800     800     600     300     900     1200    1100    600     900     500     
	20579  1917 2500    2500    2300    2500    2300    1000    1300    1400    1100    700     1100    1200    700     1000    600     1100    400     500     600     
	20579  1918 2100    2100    1400    1200    1800    1200    900     700     600     1800    700     900     800     700     600     200     900     700     300     
	20579  1919 2600    1800    2600    1800    2000    2600    1200    500     1500    900     800     2000    1100    700     1900    1200    1200    800     800     
	20579  1920 2800    1200    1400    1200    800     1400    2800    700     1200    800     400     500     1400    400     800     1000    1600    1400    1400    
	20579  1921 3700    1500    3700    1300    1400    3700    2300    300     1300    1400    1200    600     1000    2700    800     1800    900     2300    800     
	20579  1922 5100    4000    2800    1300    4200    1200    1400    900     1300    3100    1200    1900    1200    1000    600     300     1400    900     500     
	20579  1923 1500    1500    1300    800     1500    1300    600     400     800     1500    1100    500     400     700     1300    600     300     600     500     
	20579  1924 4500    4500    1100    2400    2100    1100    1600    1200    2400    2100    1100    500     1000    1000    400     400     1000    1600    2100    
	20579  1925 2100    1200    2100    900     1200    2000    1600    700     700     600     1000    1200    2000    800     900     300     1200    1600    1000    
	20579  1926 1200    1200    1200    1200    1000    800     800     1200    800     700     600     1000    500     800     700     700     800     400     600     
	20579  1927 2600    700     1500    700     1500    600     1300    400     700     500     500     1100    600     300     600     700     1300    600     2000    
	20579  1928 1900    1900    1600    1300    1600    900     1400    300     1300    1300    900     900     600     900     500     1400    400     600     700     
	20579  1929 2000    1700    2000    1700    1500    2000    800     1300    1000    1500    1000    1300    500     2000    1200    800     600     500     900     
	20579  1930 2100    2100    1100    1200    1600    1100    500     500     1200    1200    600     500     1100    500     700     500     500     300     600     
	20579  1931 1700    1100    1700    600     1100    1700    1200    500     600     1100    600     700     1200    500     700     700     1200    600     800     
	20579  1932 1900    1900    1800    1500    1900    1800    1000    1500    700     1900    800     500     1800    500     800     400     200     1000    1100    
	20579  1933 1900    1800    1300    1800    1300    1000    1100    1800    500     1100    1300    1000    1000    800     1000    1100    700     800     1300    
	20579  1934 2500    1900    2500    1900    1500    2500    1200    700     1900    900     600     1500    1100    2300    700     800     400     1200    500     
	20579  1935 1500    1500    1500    500     1500    1100    500     500     400     1500    500     1300    400     800     1100    400     500     500     600     
	20579  1936 1900    1900    1200    1000    1900    1000    1100    600     1000    1900    800     800     700     400     1000    400     900     1100    900     
	20579  1937 1300    800     1300    700     1100    1300    1300    500     200     400     400     1100    600     500     1000    400     1300    900     600     
	20579  1938 1400    1300    1400    1300    1400    1400    1400    400     1300    1300    400     1400    1400    1300    600     1400    700     800     500     
	20579  1939 2400    1300    2400    1300    1400    1000    1600    500     800     300     600     1400    1000    700     600     1000    600     300     2000    
	20579  1940 2100    1400    2100    1400    2100    1100    1300    1400    500     500     500     2100    1100    500     700     900     1300    600     600     
	20579  1941 1800    1100    1800    1000    1700    1800    1500    1000    400     1100    900     1700    1500    700     400     1500    800     700     700     
	20579  1942 2300    1500    2300    1500    2300    1100    900     1500    1000    1100    2100    600     1100    400     700     600     600     700     600     
	20579  1943 1800    1800    1300    1300    1700    1100    1800    1000    1300    1700    1000    1100    700     900     500     1200    1600    700     900     
	20579  1944 -999999 1600    -999999 1600    1200    1800    -999999 300     1600    1000    800     700     700     1000    1800    -999999 -999999 -999999 -999999 
	20579  1945 -999999 -999999 -999999 -999999 -999999 -999999 -999999 -999999 -999999 -999999 -999999 -999999 -999999 -999999 -999999 -999999 1500    1400    900     
	20579  1946 1700    1700    1300    1700    1300    1000    1400    1700    400     1100    1100    1100    300     600     600     600     1400    700     1300    
	20579  1947 3000    1400    3000    1400    900     2500    1000    1400    500     400     900     600     800     2100    2500    600     1000    400     300     
	20579  1948 3000    3000    2200    1600    2200    1300    1200    300     1600    1400    900     2200    900     1300    900     600     800     1200    1100    
	20579  1949 2300    1800    2300    1800    1600    2300    900     1000    900     1400    700     600     2000    1200    1200    700     800     500     600     
	20579  1950 1600    1600    1600    1100    1200    1300    1000    1100    400     1200    900     1000    1300    400     500     300     1000    400     1300    
	20579  1951 2200    1400    1400    1100    1000    1100    2200    900     400     1000    1000    500     1100    700     700     800     2000    300     700     
	20579  1952 2000    1300    2000    1000    2000    1000    1600    500     1000    1000    2000    1300    800     1000    900     1600    800     300     700     
	20579  1953 1700    1700    1100    800     1600    1100    1300    800     700     1600    1000    1100    700     300     1100    700     1100    1000    900     
	20579  1954 1800    1800    1500    1800    1700    700     900     1100    700     1700    1400    1500    300     400     500     300     900     600     600     
	20579  1955 -999999 1600    -999999 1200    1200    -999999 -999999 900     1200    700     1200    400     -999999 -999999 -999999 -999999 -999999 -999999 -999999 
	