EUROPEAN CLIMATE ASSESSMENT & DATASET (ECA&D), file created on: 17-05-2026
THESE DATA CAN BE USED FOR NON-COMMERCIAL RESEARCH AND EDUCATION PROVIDED THAT THE FOLLOWING SOURCE IS ACKNOWLEDGED: 

Klein Tank, A.M.G. and Coauthors, 2002. Daily dataset of 20th-century surface
air temperature and precipitation series for the European Climate Assessment.
Int. J. of Climatol., 22, 1441-1453.
Data and metadata available at http://www.ecad.eu

FILE FORMAT (MISSING VALUE CODE = -999999):

THIS FILE HOLDS DATA FOR STATION NETHERLANDS                              DALMSHOLTE                               (STAID:  20502)
LATITUDE: dd:mm:ss +52:28:41
LONGITUDE: ddd:mm:ss +006:20:51
ELEVATION: m -100

DATA IS FOR INDEX Maximum no of consecutive dry days (RR < 1 mm) (CDD) with unit 0.01 No of days

01-06 SOUID: Source identifier
08-11 YEAR : YYYY
13-20 ANNUAL DATA VALUES
21-28 WINTER HALF YEAR DATA VALUES
29-36 SUMMER HALF YEAR DATA VALUES
37-44 WINTER (DJF) DATA VALUES
45-52 SPRING (MAM) DATA VALUES
53-60 SUMMER (JJA) DATA VALUES
61-68 AUTUMN (SON) DATA VALUES
69-76 JANUARY DATA VALUES
etc. 
157-164 DECEMBER DATA VALUES

20502  1888 -999999 -999999 1200    -999999 -999999 800     1500    -999999 -999999 -999999 400     1100    800     200     600     1200    1500    1300    1500    
	20502  1889 2100    1000    2100    1000    1600    2100    1100    800     400     600     1600    900     1500    600     400     800     800     1100    900     
	20502  1890 2800    2800    800     2800    1300    700     800     400     2700    800     700     700     400     700     600     800     700     600     1700    
	20502  1891 1800    1800    1100    1700    900     600     1700    1000    1700    700     900     600     600     400     300     1100    600     800     800     
	20502  1892 1800    1000    1600    900     1800    1100    1700    600     900     1000    1600    1000    1000    1100    1000    600     800     1700    1300    
	20502  1893 2900    1300    1600    800     2900    1600    1100    800     400     1300    1600    1100    1600    1000    600     500     700     1100    600     
	20502  1894 2900    1500    1400    1400    2900    1100    1100    1400    900     1500    1400    700     1000    600     600     1100    400     1000    1300    
	20502  1895 2800    2800    2200    2800    1200    1600    1900    700     2200    800     1100    1200    900     700     1600    1800    500     600     900     
	20502  1896 1500    1400    1500    1400    1500    1100    1000    700     1200    600     700     1400    600     1100    700     300     200     1000    500     
	20502  1897 2600    800     1300    800     900     1300    2600    800     600     700     400     900     600     1300    500     900     1200    1400    1200    
	20502  1898 1700    900     1700    700     1300    1700    1400    700     400     700     1300    500     1100    1700    1200    1100    1100    1000    600     
	20502  1899 3100    3100    2500    1300    1800    2000    1300    800     1300    1800    400     600     2000    800     1400    400     1300    700     1000    
	20502  1900 1600    1600    1500    1300    1500    700     900     400     1000    1400    1000    1500    600     600     700     600     500     900     600     
	20502  1901 1800    1800    1700    1800    1700    1100    1600    1800    1200    600     900     1700    800     1100    1000    1300    900     800     500     
	20502  1902 1600    1500    1600    1500    800     1600    1200    700     1500    700     800     800     1600    600     400     1200    500     1100    1200    
	20502  1903 1500    1200    1500    1200    800     1500    1000    1200    700     800     300     800     1100    400     500     1000    500     500     800     
	20502  1904 2100    1100    2100    1100    1000    2100    1100    1100    700     600     700     1000    900     2100    500     900     600     1100    800     
	20502  1905 1400    1400    1100    1400    1100    1000    1000    1400    800     600     1100    1100    1000    500     600     900     400     1000    700     
	20502  1906 1800    800     1700    800     1800    1100    1200    300     800     600     1700    600     1100    700     500     1100    700     700     900     
	20502  1907 1600    800     1600    800     1300    1000    1600    800     700     800     1000    500     200     1000    600     1600    600     1100    800     
	20502  1908 1800    1300    1800    1300    1200    1800    1700    900     1100    1200    400     600     1200    700     400     1000    1200    1100    1300    
	20502  1909 1900    1800    1300    1200    1000    1300    700     900     1200    600     1000    1000    900     600     1300    300     700     700     1000    
	20502  1910 1900    1300    1000    800     1900    800     1400    800     400     1300    600     1000    800     400     600     800     1400    600     900     
	20502  1911 1600    1200    1500    1200    1500    1500    1200    1200    800     700     1500    500     700     1000    1500    1200    600     1000    600     
	20502  1912 2000    800     2000    800     2000    1700    1400    800     600     500     1900    400     600     1700    300     1400    1000    300     700     
	20502  1913 1700    1600    1700    1600    1200    1700    1600    1000    1600    400     1100    600     600     900     1700    1200    800     800     600     
	20502  1914 1700    1600    1700    1600    1000    1700    1400    1600    1000    400     900     900     1100    900     1700    900     1400    1200    500     
	20502  1915 2100    700     2100    700     1300    1200    1900    700     600     700     700     1300    1200    900     700     1000    1900    600     400     
	20502  1916 2700    800     2700    700     1200    2700    1000    700     400     800     1000    800     400     1400    1300    1000    700     900     500     
	20502  1917 2400    2400    1500    2400    1800    1500    1200    1400    1000    1800    600     1200    900     900     600     1000    500     1000    800     
	20502  1918 1500    1500    1400    1200    1400    1000    900     700     700     1400    700     1000    800     700     800     300     900     600     500     
	20502  1919 3100    2000    3100    2000    2900    1100    1200    700     1500    900     900     2900    800     700     1100    1200    900     400     800     
	20502  1920 4000    1500    1900    1500    1200    1900    4000    900     1500    1200    700     500     1900    400     700     800     2800    1400    1100    
	20502  1921 3000    1600    1500    1000    1400    1500    2300    600     1000    1400    700     1300    900     1500    600     1200    1500    2300    700     
	20502  1922 1700    1800    1400    1100    1700    1200    1700    1100    1100    1700    700     1400    1200    300     700     400     1400    1700    500     
	20502  1923 1800    1200    1800    700     1200    1800    700     700     400     1200    1100    500     400     1400    1100    700     500     700     400     
	20502  1924 1500    1400    1100    1000    1400    1100    1500    700     800     1400    700     300     1000    900     500     400     900     1500    1200    
	20502  1925 1700    1300    1700    1300    1400    1600    1200    1300    500     600     700     1400    1600    800     900     500     1000    700     600     
	20502  1926 1100    700     1100    600     800     800     800     300     400     700     600     500     500     800     600     800     600     500     1000    
	20502  1927 1600    1000    1500    1000    1500    500     1100    700     900     1000    700     1100    400     400     500     900     1100    500     1200    
	20502  1928 2000    1600    2000    1100    1500    2000    1700    300     1100    800     800     700     600     2000    400     1700    600     300     500     
	20502  1929 2000    1900    2000    1900    1800    2000    1100    1500    800     1800    600     800     600     2000    700     1100    600     700     500     
	20502  1930 2100    2100    2000    2000    1300    2000    1000    1900    1200    1200    500     500     2000    500     800     500     1000    600     600     
	20502  1931 2200    2200    1100    1100    2100    1100    1300    500     900     2100    300     900     900     500     600     600     1300    1200    1100    
	20502  1932 2500    2500    1200    2500    1900    1200    1000    1800    1100    1900    800     500     1200    500     800     400     600     1000    1800    
	20502  1933 2300    2100    2300    2100    2300    1000    1500    2100    1000    1300    2300    800     900     900     900     1200    800     600     1100    
	20502  1934 2400    2400    2000    2400    1500    1300    1800    700     2400    600     600     1500    1200    1200    700     800     400     1800    400     
	20502  1935 -999999 1600    -999999 700     -999999 -999999 -999999 700     700     1600    400     -999999 -999999 -999999 -999999 -999999 -999999 -999999 -999999 
	