EUROPEAN CLIMATE ASSESSMENT & DATASET (ECA&D), file created on: 17-05-2026
THESE DATA CAN BE USED FOR NON-COMMERCIAL RESEARCH AND EDUCATION PROVIDED THAT THE FOLLOWING SOURCE IS ACKNOWLEDGED: 

Klein Tank, A.M.G. and Coauthors, 2002. Daily dataset of 20th-century surface
air temperature and precipitation series for the European Climate Assessment.
Int. J. of Climatol., 22, 1441-1453.
Data and metadata available at http://www.ecad.eu

FILE FORMAT (MISSING VALUE CODE = -999999):

THIS FILE HOLDS DATA FOR STATION NETHERLANDS                              DEDEMSVAART                              (STAID:    535)
LATITUDE: dd:mm:ss +52:36:00
LONGITUDE: ddd:mm:ss +006:27:00
ELEVATION: m    6

DATA IS FOR INDEX Maximum no of consecutive dry days (RR < 1 mm) (CDD) with unit 0.01 No of days

01-06 SOUID: Source identifier
08-11 YEAR : YYYY
13-20 ANNUAL DATA VALUES
21-28 WINTER HALF YEAR DATA VALUES
29-36 SUMMER HALF YEAR DATA VALUES
37-44 WINTER (DJF) DATA VALUES
45-52 SPRING (MAM) DATA VALUES
53-60 SUMMER (JJA) DATA VALUES
61-68 AUTUMN (SON) DATA VALUES
69-76 JANUARY DATA VALUES
etc. 
157-164 DECEMBER DATA VALUES

535    1950 -999999 -999999 -999999 -999999 -999999 -999999 -999999 -999999 -999999 -999999 -999999 -999999 -999999 -999999 -999999 -999999 -999999 -999999 -999999 
	535    1951 2200    -999999 1400    -999999 1000    1200    2200    1200    300     900     1000    800     1000    1200    700     700     1900    500     600     
	535    1952 1900    1400    1900    600     1900    1000    1300    600     500     1400    1200    1900    800     1000    700     1300    800     600     800     
	535    1953 2400    1600    1300    1100    1600    1300    1600    800     700     1600    1100    1200    1200    500     1300    700     1000    1600    800     
	535    1954 1800    1800    1500    1800    1700    800     600     1100    700     1700    1200    1300    600     400     800     600     200     600     700     
	535    1955 1600    1600    1200    1200    1200    900     800     900     1200    800     1200    400     500     800     900     800     700     800     300     
	535    1956 1500    1400    1300    1400    1500    400     1300    400     1400    1200    900     800     400     300     400     1300    800     800     600     
	535    1957 1400    1200    1100    1200    1400    1000    800     1200    400     600     1100    800     1000    300     800     400     800     600     600     
	535    1958 1000    800     1000    600     800     1000    900     500     300     800     600     700     1000    800     500     600     800     900     500     
	535    1959 2800    2800    2400    2800    2400    1700    2700    800     2000    700     1000    2400    1300    1700    700     2000    1800    700     1300    
	535    1960 1400    1400    1400    900     1400    900     900     600     900     1400    600     1200    900     300     600     900     600     400     500     
	535    1961 1400    1000    1300    1000    1000    700     1400    700     1000    900     1000    1000    700     500     700     1300    900     1400    800     
	535    1962 2100    1700    1000    1200    1200    800     2100    500     1200    1200    1000    400     800     700     400     400     2100    1400    700     
	535    1963 2400    2400    1200    2000    800     900     900     2000    1600    800     600     800     700     700     400     800     900     500     1600    
	535    1964 2400    2400    1000    1600    1800    1000    1000    1600    600     1800    400     700     500     1000    500     700     700     900     700     
	535    1965 1500    1500    1100    800     1300    1100    1400    500     800     1300    500     700     800     300     700     900     1400    1300    300     
	535    1966 1800    1800    1600    1800    600     1100    1600    1800    700     600     300     600     1100    300     800     1500    800     800     300     
	535    1967 1400    900     1100    900     800     1100    1400    900     800     700     800     500     900     700     1100    600     500     1400    400     
	535    1968 2600    1300    1800    1300    1800    700     1000    400     1300    700     1800    600     600     700     700     800     1000    800     1900    
	535    1969 2100    1100    2100    900     1100    2100    2000    900     600     1100    900     800     800     2000    900     1500    2000    500     700     
	535    1970 2000    1200    2000    800     1000    2000    1300    800     500     800     500     1000    2000    400     900     1300    1100    800     600     
	535    1971 1700    800     1700    700     1100    1700    1700    700     700     500     1100    900     600     1600    600     1200    1100    600     800     
	535    1972 2200    1500    1700    1400    1500    1200    2200    1000    800     1500    900     700     800     1200    1200    800     1800    400     2100    
	535    1973 4000    2300    2500    2300    900     2500    1400    1900    600     900     600     500     2500    500     2100    1400    900     700     500     
	535    1974 3300    1100    2200    1000    3300    1400    800     400     1000    1100    2200    600     800     600     1400    800     300     400     500     
	535    1975 2000    1200    2000    1100    1400    2000    1700    600     1100    300     900     1400    1000    700     1400    800     1700    800     700     
	535    1976 2500    1300    2500    1300    2500    2200    1200    500     900     1100    2300    800     1700    1200    800     1100    1000    700     500     
	535    1977 1900    800     1900    600     1800    1500    1800    500     300     400     400     1800    1200    1500    600     1700    1800    500     700     
	535    1978 1500    1100    1200    1100    1000    1100    1500    1100    900     200     900     700     1000    800     1100    500     1500    900     700     
	535    1979 1500    900     1400    900     1000    700     1500    900     700     300     1000    400     600     700     500     1400    1100    700     600     
	535    1980 2700    1500    2700    1400    2700    900     700     1400    1400    700     800     2600    500     900     600     700     600     500     400     
	535    1981 2200    1400    2200    1400    1100    1700    1100    1300    700     500     1100    700     800     600     1700    1100    200     600     600     
	535    1982 1600    1400    1600    1400    1600    1100    1500    1400    1400    900     1600    1100    500     1100    500     1500    800     400     500     
	535    1983 2600    1700    1600    1700    1200    1600    2600    400     1700    1200    700     200     800     1600    1300    800     1300    1300    700     
	535    1984 2800    1600    2800    1100    1800    2600    1900    400     1100    1300    1800    1000    800     700     2600    200     600     1600    500     
	535    1985 2000    2000    1000    2000    900     600     1600    900     2000    500     800     900     500     600     400     800     1600    600     500     
	535    1986 2400    2400    1500    2400    1400    1400    2100    400     2100    1400    700     400     600     1300    1400    1500    600     600     400     
	535    1987 1900    1500    1700    1500    1200    1700    900     1500    700     1200    1000    700     300     1400    400     400     600     900     1500    
	535    1988 1500    1100    1500    1100    1500    1100    1000    1100    600     200     1400    1500    1100    200     900     500     1000    700     500     
	535    1989 2000    1300    2000    1300    1900    2000    1100    1000    700     700     400     1900    1200    2000    800     600     400     1100    800     
	535    1990 1700    800     1700    500     1600    1700    1100    500     300     800     500     1600    1000    1700    1000    600     1100    600     700     
	535    1991 2700    2100    1800    2100    1600    1700    1200    1100    1000    1200    700     1600    200     900     1200    700     1200    1100    1600    
	535    1992 2400    800     2400    800     1900    2400    1200    800     700     600     900     1900    1300    1100    800     800     400     400     900     
	535    1993 1700    1700    1100    900     1500    1100    1700    400     900     1500    800     800     1100    600     600     500     1100    1600    200     
	535    1994 1700    1300    1100    1300    900     1100    1700    500     1300    200     900     900     500     1100    800     500     1700    600     500     
	535    1995 2700    1600    2700    500     1900    2700    2000    500     500     500     1200    700     1300    1100    2300    700     2000    700     1600    
	535    1996 1800    1800    1300    1800    1600    1300    800     1800    700     1600    1200    600     800     1300    800     800     800     600     1100    
	535    1997 2000    1800    1900    1800    1900    1800    1600    1800    300     1200    1900    1000    600     800     1800    1600    1100    1200    500     
	535    1998 1600    900     1600    800     1600    1600    1000    800     800     600     300     1600    200     600     1600    600     200     1000    300     
	535    1999 1900    600     1900    600     1400    1200    1400    300     300     600     800     1400    600     900     500     1400    1000    400     200     
	535    2000 1300    1300    800     1300    800     800     500     1300    300     800     700     800     600     800     800     500     400     500     600     
	535    2001 1300    1300    1000    1300    1000    800     600     1300    300     600     400     1000    800     700     700     200     600     400     1300    
	535    2002 2300    1000    1300    1000    2300    700     1100    1000    600     1000    1300    700     300     700     700     1100    500     600     700     
	535    2003 2200    2000    2200    2000    2200    2200    1100    500     2000    2000    2200    700     1000    1200    2100    1100    1000    1000    500     
	535    2004 1500    1400    1500    1300    1400    1500    1200    400     1300    1100    1200    1400    500     600     900     1200    600     300     1300    
	535    2005 1800    800     1800    800     800     1100    1600    400     600     800     600     700     1100    1000    900     1300    1600    600     700     
	535    2006 2600    1500    2600    1500    1500    2400    1500    1000    900     1300    700     1500    2400    1100    300     1500    700     600     900     
	535    2007 4300    800     3500    800     4300    800     1300    400     600     800     3000    500     800     400     800     600     1300    1000    1500    
	535    2008 1700    1700    1200    1700    1200    700     1000    300     1700    200     1000    1200    700     300     600     1000    600     300     1200    
	535    2009 1700    1200    1700    1200    1700    1100    1400    800     500     900     1700    600     900     300     900     1400    500     200     600     
	535    2010 1700    600     1700    600     1700    1000    800     600     500     500     1700    1000    1000    900     400     400     800     800     700     
	535    2011 2500    1600    1600    700     1600    700     2500    600     700     1600    1600    800     300     600     200     1200    600     2500    500     
	535    2012 1900    1600    1000    1600    1900    900     1000    500     1100    1400    500     700     600     700     800     1000    500     700     200     
	535    2013 2100    1200    2100    800     1200    2100    1300    800     400     1200    1000    600     1100    2100    500     1100    500     700     400     
	535    2014 1300    1300    1300    500     1300    1000    1300    400     500     1300    500     700     500     800     600     1300    400     600     600     
	535    2015 1400    1000    1200    900     1200    800     1400    400     900     1000    1200    600     700     400     800     600     1000    400     400     
	535    2016 1700    1500    1300    700     1500    700     1300    500     700     1500    600     1100    700     400     500     1300    1000    1000    700     
	535    2017 1300    1300    1200    1300    1000    1200    1000    1300    400     1000    1000    700     1200    400     900     1000    800     500     500     
	535    2018 3500    1700    3500    1400    900     3500    2000    400     1400    500     900     800     800     2700    600     800     2000    700     500     
	535    2019 1600    700     1600    700     1000    1600    700     500     700     700     1000    900     1100    1000    1000    500     500     700     700     
	535    2020 2500    1600    2500    700     2500    1300    1300    700     400     1600    2500    1100    800     400     1300    1300    800     900     400     
	535    2021 -999999 -999999 -999999 -999999 1600    -999999 1200    -999999 1000    700     1600    400     1300    -999999 400     1200    600     700     600     
	535    2022 3100    1800    3100    700     3100    1400    1100    700     400     1500    2100    1000    1400    1300    1400    500     1100    500     1000    
	535    2023 2900    1100    2900    1100    1000    1900    1000    600     1100    500     700     1000    1900    300     1200    1000    700     200     500     
	535    2024 1700    -999999 1700    -999999 1300    1700    1100    600     -999999 1300    500     1100    800     400     1300    1100    600     900     900     
	535    2025 2300    2200    2300    1400    2100    2300    1200    1400    1000    2100    1100    1900    1100    700     2300    1000    600     700     1300    
	535    2026 -999999 -999999 -999999 1300    -999999 -999999 -999999 1300    500     -999999 -999999 -999999 -999999 -999999 -999999 -999999 -999999 -999999 -999999 
	