EUROPEAN CLIMATE ASSESSMENT & DATASET (ECA&D), file created on: 17-05-2026
THESE DATA CAN BE USED FOR NON-COMMERCIAL RESEARCH AND EDUCATION PROVIDED THAT THE FOLLOWING SOURCE IS ACKNOWLEDGED: 

Klein Tank, A.M.G. and Coauthors, 2002. Daily dataset of 20th-century surface
air temperature and precipitation series for the European Climate Assessment.
Int. J. of Climatol., 22, 1441-1453.
Data and metadata available at http://www.ecad.eu

FILE FORMAT (MISSING VALUE CODE = -999999):

THIS FILE HOLDS DATA FOR STATION NETHERLANDS                              KRAGGENBURG                              (STAID:  20550)
LATITUDE: dd:mm:ss +52:40:14
LONGITUDE: ddd:mm:ss +005:55:53
ELEVATION: m    5

DATA IS FOR INDEX Maximum no of consecutive dry days (RR < 1 mm) (CDD) with unit 0.01 No of days

01-06 SOUID: Source identifier
08-11 YEAR : YYYY
13-20 ANNUAL DATA VALUES
21-28 WINTER HALF YEAR DATA VALUES
29-36 SUMMER HALF YEAR DATA VALUES
37-44 WINTER (DJF) DATA VALUES
45-52 SPRING (MAM) DATA VALUES
53-60 SUMMER (JJA) DATA VALUES
61-68 AUTUMN (SON) DATA VALUES
69-76 JANUARY DATA VALUES
etc. 
157-164 DECEMBER DATA VALUES

20550  1912 -999999 -999999 2000    -999999 -999999 800     1000    -999999 -999999 -999999 1900    500     600     800     200     1000    1000    400     800     
	20550  1913 1900    1900    1900    1900    1700    1800    1600    1400    1900    900     1000    700     600     900     1800    1000    1600    400     600     
	20550  1914 2100    1600    2100    1600    2100    1200    1400    1600    1000    400     1700    1000    900     1000    1200    1000    1100    700     400     
	20550  1915 1900    1100    1200    500     1000    1200    1900    500     400     700     700     1000    1200    700     700     1100    1900    700     400     
	20550  1916 2600    1800    2600    1300    1800    2600    1100    1000    1100    1800    1000    900     1100    1300    1300    1000    800     900     700     
	20550  1917 2800    2800    1500    2800    1800    1100    1000    1800    1000    1800    700     1200    500     900     400     800     700     1000    800     
	20550  1918 2200    2200    1300    1200    1800    1300    900     700     700     1800    1000    600     700     700     800     300     500     900     500     
	20550  1919 3100    2000    3100    2000    2800    1600    1900    700     1500    800     900     2800    700     800     1600    1800    1000    1600    800     
	20550  1920 2800    1600    2000    1200    1200    1900    2800    800     1200    1200    400     700     1900    500     800     800     1600    1400    1900    
	20550  1921 3000    1500    1700    1500    1600    1500    2300    700     1200    1400    1200    1600    1000    1500    700     1700    1600    2300    700     
	20550  1922 -999999 1600    -999999 1200    -999999 -999999 -999999 1200    1100    1600    700     -999999 -999999 -999999 -999999 -999999 -999999 -999999 -999999 
	20550  1923 -999999 -999999 -999999 -999999 -999999 -999999 -999999 -999999 -999999 -999999 -999999 -999999 -999999 -999999 -999999 -999999 -999999 -999999 -999999 
	20550  1924 -999999 -999999 -999999 -999999 -999999 -999999 -999999 -999999 -999999 -999999 -999999 -999999 -999999 -999999 -999999 -999999 -999999 -999999 -999999 
	20550  1925 -999999 -999999 -999999 -999999 -999999 -999999 -999999 -999999 -999999 -999999 -999999 -999999 -999999 -999999 -999999 -999999 -999999 -999999 -999999 
	20550  1926 -999999 -999999 -999999 -999999 -999999 -999999 -999999 -999999 -999999 -999999 -999999 -999999 -999999 -999999 -999999 -999999 -999999 -999999 -999999 
	20550  1927 -999999 -999999 -999999 -999999 -999999 -999999 -999999 -999999 -999999 -999999 -999999 -999999 -999999 -999999 -999999 -999999 -999999 -999999 -999999 
	20550  1928 -999999 -999999 -999999 -999999 -999999 -999999 -999999 -999999 -999999 -999999 -999999 -999999 -999999 -999999 -999999 -999999 -999999 -999999 -999999 
	20550  1929 -999999 -999999 -999999 -999999 -999999 -999999 -999999 -999999 -999999 -999999 -999999 -999999 -999999 -999999 -999999 -999999 -999999 -999999 -999999 
	20550  1930 -999999 -999999 -999999 -999999 -999999 -999999 -999999 -999999 -999999 -999999 -999999 -999999 -999999 -999999 -999999 -999999 -999999 -999999 -999999 
	20550  1931 -999999 -999999 -999999 -999999 -999999 -999999 -999999 -999999 -999999 -999999 -999999 -999999 -999999 -999999 -999999 -999999 -999999 -999999 -999999 
	20550  1932 -999999 -999999 -999999 -999999 -999999 -999999 -999999 -999999 -999999 -999999 -999999 -999999 -999999 -999999 -999999 -999999 -999999 -999999 -999999 
	20550  1933 -999999 -999999 -999999 -999999 -999999 -999999 -999999 -999999 -999999 -999999 -999999 -999999 -999999 -999999 -999999 -999999 -999999 -999999 -999999 
	20550  1934 -999999 -999999 -999999 -999999 -999999 -999999 -999999 -999999 -999999 -999999 -999999 -999999 -999999 -999999 -999999 -999999 -999999 -999999 -999999 
	20550  1935 -999999 -999999 -999999 -999999 -999999 -999999 -999999 -999999 -999999 -999999 -999999 -999999 -999999 -999999 -999999 -999999 -999999 -999999 -999999 
	20550  1936 -999999 -999999 -999999 -999999 -999999 -999999 -999999 -999999 -999999 -999999 -999999 -999999 -999999 -999999 -999999 -999999 -999999 -999999 -999999 
	20550  1937 -999999 -999999 -999999 -999999 -999999 -999999 -999999 -999999 -999999 -999999 -999999 -999999 -999999 -999999 -999999 -999999 -999999 -999999 -999999 
	20550  1938 -999999 -999999 -999999 -999999 -999999 -999999 -999999 -999999 -999999 -999999 -999999 -999999 -999999 -999999 -999999 -999999 -999999 -999999 -999999 
	20550  1939 -999999 -999999 -999999 -999999 -999999 -999999 -999999 -999999 -999999 -999999 -999999 -999999 -999999 -999999 -999999 -999999 -999999 -999999 -999999 
	20550  1940 -999999 -999999 -999999 -999999 -999999 -999999 -999999 -999999 -999999 -999999 -999999 -999999 -999999 -999999 -999999 -999999 -999999 -999999 -999999 
	20550  1941 -999999 -999999 -999999 -999999 -999999 1900    1500    -999999 -999999 -999999 -999999 1300    1600    800     500     1500    700     700     800     
	20550  1942 3100    3100    3000    2100    3000    1200    1100    2100    1500    1500    2000    1000    1200    500     600     1100    400     800     800     
	20550  1943 3100    3100    2000    1300    1800    2000    1400    900     1300    1800    1200    1100    900     1800    600     1200    1400    600     1500    
	20550  1944 2100    2100    1900    1900    1300    1900    1300    600     1900    1100    1000    700     1000    700     1800    1300    800     200     800     
	20550  1945 1400    1000    1400    800     1400    1300    1400    800     300     1000    1400    1100    700     1300    500     1300    900     1400    600     
	20550  1946 1900    1600    1900    1600    1900    900     1500    1600    400     900     1700    1200    400     900     500     700     1500    700     1300    
	20550  1947 2400    1900    2400    1900    2100    2400    1000    700     1300    400     900     2100    600     1100    2400    700     800     400     300     
	20550  1948 2100    2100    1400    1500    1400    1400    1200    200     1500    900     1400    1100    1000    1400    1000    700     700     1200    1100    
	20550  1949 2400    1300    1600    800     1500    1600    2400    800     800     1300    800     600     1300    1200    1200    800     1600    600     500     
	20550  1950 1600    1400    1600    1400    900     1300    900     1400    400     800     900     900     1300    400     600     200     900     400     1600    
	20550  1951 2700    1400    1400    1200    1100    1100    2700    1000    400     1000    1100    600     1100    800     400     900     2000    400     600     
	20550  1952 2000    1000    2000    600     2000    1000    1000    600     500     1000    1200    2000    800     800     600     1000    800     300     600     
	20550  1953 1800    1600    1500    1400    1600    1000    1800    1400    1100    1600    1200    1400    1000    500     1000    500     1500    1000    900     
	20550  1954 1800    1800    1300    1800    1600    700     600     1100    700     1600    1100    1300    400     400     700     300     300     600     700     
	20550  1955 1500    1500    1400    1300    1200    1400    800     1300    1100    800     1200    400     900     800     1400    800     800     800     500     
	20550  1956 1500    1100    1500    800     1500    700     1300    500     800     1100    1500    800     700     400     400     1300    800     800     600     
	20550  1957 1500    1100    1100    1100    1500    1100    800     1100    400     600     1100    800     1100    300     800     400     500     800     1100    
	20550  1958 1900    1200    1200    600     1200    1000    1900    600     300     1200    600     600     1000    800     700     500     800     1900    700     
	20550  1959 3000    2100    3000    2100    2400    1500    2700    500     2000    400     900     2400    1500    1500    1000    2000    1800    1200    800     
	20550  1960 1800    1400    1800    500     1800    900     800     400     500     1400    600     1200    900     400     800     800     300     400     800     
	20550  1961 1500    1000    1000    1000    900     700     1400    700     1000    900     500     900     700     500     700     700     800     1400    1500    
	20550  1962 2100    1200    1000    1100    1000    800     2100    500     1100    800     1000    400     800     700     400     400     2100    1300    700     
	20550  1963 2400    2400    1800    1600    800     700     1800    1100    1600    800     600     400     700     700     300     1800    1000    500     1700    
	20550  1964 2400    2400    1000    1600    1800    1000    1000    1600    600     1800    800     900     700     1000    500     700     700     900     600     
	20550  1965 1500    1500    1200    700     1300    1200    1200    600     700     1300    500     600     700     300     1200    900     1200    700     300     
	20550  1966 1700    1700    1600    1700    900     1000    1500    1700    700     600     300     900     1000    300     800     1500    800     700     300     
	20550  1967 1800    900     1800    900     900     1800    1100    900     700     600     900     500     1800    700     1100    700     300     1100    400     
	20550  1968 2300    1300    1700    1300    1700    800     1200    500     1300    700     1700    500     800     700     700     1000    1000    1200    1600    
	20550  1969 2000    1200    2000    900     1200    2000    1700    900     600     1200    900     700     1000    2000    600     1500    1700    400     600     
	20550  1970 2000    1200    2000    800     1600    2000    1300    800     500     800     400     1600    2000    300     900     1300    1100    700     700     
	20550  1971 1900    800     1500    800     1900    1200    1700    700     800     500     1500    900     900     1100    600     1300    1100    600     900     
	20550  1972 3000    1400    1900    1300    1400    1200    3000    1000    800     1400    900     700     700     1200    1100    1200    1800    200     1800    
	20550  1973 3700    2200    2400    2200    1000    2400    1500    1900    600     900     1000    500     2400    500     2100    1500    800     500     500     
	20550  1974 3200    1100    2100    1000    3200    900     500     400     1000    1100    2100    700     800     300     900     500     300     400     400     
	20550  1975 2000    1200    2000    1100    1300    2000    1400    600     1100    300     900     1300    1000    700     1400    900     1400    600     1000    
	20550  1976 2400    1300    2400    1300    1500    2400    900     500     1000    1100    1500    800     1700    1200    2400    800     800     900     400     
	20550  1977 2000    800     1800    600     1600    1500    2000    500     500     400     400     1600    900     1500    500     1800    2000    500     600     
	20550  1978 1500    1100    1500    1100    1300    1500    1400    1100    900     300     1300    1100    600     1100    1500    500     1400    900     800     
	20550  1979 1100    800     1100    800     700     1100    1000    800     600     300     700     500     600     700     1100    1000    900     300     400     
	20550  1980 2100    1500    2100    1400    2100    900     700     1400    1400    1300    800     2100    900     900     700     400     600     500     300     
	20550  1981 2300    1300    2200    1300    2300    1700    1100    1200    1200    500     1800    900     600     600     1700    1100    300     600     600     
	20550  1982 2300    1500    2300    1500    1600    2300    1200    1500    1400    900     1600    1100    700     1600    700     1200    800     400     900     
	20550  1983 2300    1700    2300    1700    1300    2300    1600    400     1700    1300    300     200     800     2200    1400    900     600     1300    700     
	20550  1984 2800    1200    2800    1100    1800    2600    700     400     1100    1200    1800    500     800     1100    2600    200     700     700     500     
	20550  1985 2200    2200    900     2200    900     600     1700    900     2200    500     800     900     300     600     400     900     1700    1000    500     
	20550  1986 2400    2400    1600    2400    1100    1600    2100    300     2100    1100    700     1100    1300    1200    700     1500    700     600     500     
	20550  1987 1700    1200    1700    1200    1200    1700    900     1200    1100    1200    900     700     300     1400    500     500     600     900     900     
	20550  1988 2000    1000    2000    1000    1600    2000    900     400     1000    200     1500    1500    2000    300     900     800     900     800     500     
	20550  1989 2000    800     2000    800     1600    2000    1300    600     600     700     500     1600    1700    2000    700     900     400     1300    1100    
	20550  1990 2000    800     2000    700     1600    2000    900     700     700     800     400     1600    1000    1700    1700    600     900     500     700     
	20550  1991 2600    2100    2200    2100    2600    1200    1400    1100    1000    1100    1500    1500    500     1200    1000    1400    1200    800     1600    
	20550  1992 1800    1400    1800    1400    1800    1700    1000    1200    600     500     800     1800    1700    700     800     1000    500     300     1100    
	20550  1993 2500    1700    2500    1700    2500    1200    1600    600     1500    1100    1000    1700    1200    400     400     400     1000    1600    300     
	20550  1994 1600    1300    1500    1300    1100    1500    1600    500     1300    400     800     600     900     1300    900     600     1600    600     400     
	20550  1995 3300    1500    3300    500     1300    3300    1500    500     400     600     900     800     1300    1000    2300    1100    1500    1100    1700    
	20550  1996 3200    3200    2000    3200    2000    1300    1200    2200    1000    1600    1900    600     700     1300    800     900     1200    500     900     
	20550  1997 2000    1800    1900    1800    1900    1900    1600    1800    300     900     1900    1000    600     1000    1900    1600    1000    600     600     
	20550  1998 1600    1300    1600    1300    1600    1600    1000    900     1300    600     300     1600    300     600     1600    1000    300     700     400     
	20550  1999 1900    800     1900    700     1400    1500    1400    300     400     800     800     1400    800     900     600     1400    900     700     100     
	20550  2000 1300    1300    1200    1300    1200    800     500     1300    400     500     1000    1200    600     800     500     500     400     400     700     
	20550  2001 1400    1400    900     1400    900     900     700     1400    400     600     600     900     700     600     900     400     700     300     1300    
	20550  2002 2200    1300    1300    1300    2200    900     1100    1000    600     900     1300    800     400     800     900     1100    600     1000    2000    
	20550  2003 3000    3000    2900    2300    2000    2900    1600    500     2300    2000    1400    600     1000    1100    2800    1100    1600    1200    500     
	20550  2004 2200    1600    2200    700     2200    1400    1200    400     700     1200    1700    2200    700     500     900     1200    700     400     1400    
	20550  2005 1700    1000    1300    700     1000    1200    1700    600     700     1000    600     700     1200    900     500     900     1700    600     600     
	20550  2006 2200    1800    2200    1800    1600    1300    2200    1100    900     1400    1400    1600    1300    800     400     2200    1400    500     1100    
	20550  2007 2800    1000    2800    900     2800    1200    1300    400     700     700     2300    500     1200    300     1000    600     1300    1000    1300    
	20550  2008 1500    1400    1500    1400    1500    900     900     400     1400    200     800     1500    700     300     900     900     600     700     1100    
	20550  2009 2300    1000    2300    1000    1700    1100    2300    800     500     1000    1700    600     900     400     800     2300    500     200     600     
	20550  2010 2400    800     2400    700     2400    1300    1600    600     700     800     2400    1600    1100    600     400     600     1200    1600    1200    
	20550  2011 2900    1700    2600    900     2600    700     2900    600     800     1600    1800    800     400     700     300     1200    600     2900    400     
	20550  2012 2600    2100    1000    900     2600    900     1000    500     900     2100    600     700     500     700     800     1000    900     700     300     
	20550  2013 2100    1300    2100    1000    2100    2100    1400    1000    900     1300    1000    600     1100    2100    600     1100    400     800     400     
	20550  2014 2300    1800    2300    600     1700    900     2300    500     600     1700    500     600     800     900     500     2300    700     600     600     
	20550  2015 1700    1700    1300    1500    1700    900     1300    500     1500    1700    1300    800     700     300     900     600     900     400     500     
	20550  2016 2000    1500    2000    700     1500    900     2000    500     700     1500    600     1200    900     400     600     2000    1000    900     700     
	20550  2017 1400    1400    1200    1400    1000    1200    1000    1400    700     800     1000    1000    1200    400     1000    1000    800     300     800     
	20550  2018 3600    1600    3600    1300    1100    3600    2100    900     1300    500     900     1100    900     2700    700     800     2100    1500    600     
	20550  2019 1100    900     1100    900     1000    1100    700     500     900     700     1000    800     1000    1000    1000    600     500     700     600     
	20550  2020 4600    1800    2800    800     4600    1700    1300    800     400     1800    2800    1100    800     500     1300    1300    900     800     300     
	20550  2021 1700    1700    1600    1000    1400    1200    1600    800     1000    800     1400    400     1200    800     500     1600    500     400     1000    
	20550  2022 3000    2000    3000    1100    3000    1600    1000    1100    400     1600    2000    1000    1000    1300    1600    600     1000    500     1000    
	20550  2023 2900    1000    2900    1000    1000    1900    1000    600     1000    500     600     1000    1900    300     1300    1000    700     300     600     
	20550  2024 1300    1000    1300    700     1100    1300    1200    700     500     1000    300     1100    1300    500     700     1200    800     1000    700     
	20550  2025 2400    2400    1900    1200    2300    1600    1200    1100    1000    2300    1200    1900    1200    600     1600    1000    1100    700     1200    
	20550  2026 -999999 1100    -999999 1100    -999999 -999999 -999999 1100    1000    900     1000    -999999 -999999 -999999 -999999 -999999 -999999 -999999 -999999 
	