EUROPEAN CLIMATE ASSESSMENT & DATASET (ECA&D), file created on: 17-05-2026
THESE DATA CAN BE USED FOR NON-COMMERCIAL RESEARCH AND EDUCATION PROVIDED THAT THE FOLLOWING SOURCE IS ACKNOWLEDGED: 

Klein Tank, A.M.G. and Coauthors, 2002. Daily dataset of 20th-century surface
air temperature and precipitation series for the European Climate Assessment.
Int. J. of Climatol., 22, 1441-1453.
Data and metadata available at http://www.ecad.eu

FILE FORMAT (MISSING VALUE CODE = -999999):

THIS FILE HOLDS DATA FOR STATION NETHERLANDS                              OUD-BEIJERLAND                           (STAID:  20583)
LATITUDE: dd:mm:ss +51:48:00
LONGITUDE: ddd:mm:ss +004:28:00
ELEVATION: m -100

DATA IS FOR INDEX Maximum no of consecutive dry days (RR < 1 mm) (CDD) with unit 0.01 No of days

01-06 SOUID: Source identifier
08-11 YEAR : YYYY
13-20 ANNUAL DATA VALUES
21-28 WINTER HALF YEAR DATA VALUES
29-36 SUMMER HALF YEAR DATA VALUES
37-44 WINTER (DJF) DATA VALUES
45-52 SPRING (MAM) DATA VALUES
53-60 SUMMER (JJA) DATA VALUES
61-68 AUTUMN (SON) DATA VALUES
69-76 JANUARY DATA VALUES
etc. 
157-164 DECEMBER DATA VALUES

20583  1911 -999999 -999999 -999999 -999999 -999999 -999999 -999999 -999999 -999999 -999999 -999999 -999999 -999999 -999999 -999999 -999999 -999999 -999999 400     
	20583  1912 2000    -999999 2000    900     2000    1500    1300    900     500     600     1900    500     300     1500    300     1300    1200    400     700     
	20583  1913 1700    1700    1700    1700    800     1700    900     900     1700    600     600     800     300     500     1700    800     700     500     600     
	20583  1914 1400    1400    1400    1400    1300    900     1000    1400    1000    700     1300    1000    900     600     600     1000    700     800     300     
	20583  1915 2000    900     2000    900     1300    1300    1800    700     900     600     700     1300    1300    600     700     1800    1400    600     300     
	20583  1916 2800    1000    2800    600     1000    2800    1200    600     300     1000    800     800     800     1500    1300    1000    700     900     400     
	20583  1917 1800    1700    1800    1700    1000    1600    1200    1100    1600    600     700     700     1600    1000    400     1100    400     800     1400    
	20583  1918 1500    1400    1500    1400    1100    1200    700     900     700     1100    700     900     800     700     1100    200     600     600     200     
	20583  1919 2400    1000    2400    1000    2100    1700    1800    700     1000    900     1100    2100    800     500     1700    1800    900     700     700     
	20583  1920 2400    1100    1300    1000    1100    1300    2400    700     1000    1100    300     400     1300    400     800     1000    1500    1400    1600    
	20583  1921 3000    3000    2000    3000    800     2000    2200    500     2500    700     700     800     900     2000    700     1700    900     2200    700     
	20583  1922 2400    1600    1400    1100    1600    1000    2400    400     1100    1600    800     1200    1000    500     1000    700     2400    600     500     
	20583  1923 2000    1400    1900    800     2000    1900    700     800     500     1400    1200    400     600     1400    1400    700     100     700     400     
	20583  1924 1700    1700    1200    700     1700    1200    1500    700     700     1700    1000    300     1000    1100    600     400     1000    1500    1200    
	20583  1925 2100    700     2100    700     900     2000    1400    700     400     600     900     600     2000    1000    900     300     1100    900     700     
	20583  1926 1500    1500    1000    900     1500    1000    800     900     900     1500    600     1000    700     1000    900     800     700     300     900     
	20583  1927 1600    1100    1000    1000    1100    600     1200    400     1000    1100    800     700     400     500     600     400     1200    600     1600    
	20583  1928 1900    1900    1100    1300    1300    1100    1100    200     1300    1300    500     700     700     1100    600     1100    500     600     1500    
	20583  1929 2600    2600    2400    2300    2300    1900    900     1200    2300    1700    900     2300    500     1900    800     800     600     700     500     
	20583  1930 2100    2100    1400    1200    1400    1000    1000    1200    1200    1200    900     1200    1000    500     1000    400     1000    500     600     
	20583  1931 1600    1400    1500    500     1600    1500    1200    400     500     1400    700     1000    1100    500     1000    600     1200    1100    800     
	20583  1932 3600    3600    1700    3600    1300    1700    900     1500    2100    1300    400     400     1700    500     800     700     300     900     1000    
	20583  1933 3300    1600    1900    1600    1900    1400    1200    1600    900     1100    1900    700     1000    700     1400    1200    700     800     2600    
	20583  1934 2400    2400    1800    2400    1700    1600    800     800     2400    1100    600     1700    1400    1600    800     600     400     800     400     
	20583  1935 1600    1600    1500    600     1600    1500    900     600     600     1600    500     1300    500     1200    1100    900     400     300     600     
	20583  1936 1600    1600    1500    1100    1600    1200    1100    600     1100    1600    1400    900     700     400     1200    600     900     1100    900     
	20583  1937 2000    800     2000    600     1200    1200    1000    600     300     500     800     1200    800     800     900     500     1000    900     400     
	20583  1938 2300    2300    1800    1300    2300    1800    800     500     1300    2300    1100    1600    1800    1000    800     500     700     800     1000    
	20583  1939 2400    1400    2400    1400    1400    1000    900     600     800     400     700     1400    1000    500     900     900     300     500     1800    
	20583  1940 1900    1000    1900    1000    1900    1600    700     700     1000    800     500     1900    1100    600     1200    700     700     400     500     
	20583  1941 2900    1300    2900    1200    1700    2900    1500    1100    300     1300    1000    1700    1500    1400    200     1500    800     700     600     
	20583  1942 3000    1200    3000    1100    3000    1400    900     1100    1100    1200    2100    900     1400    400     700     900     500     800     500     
	20583  1943 3600    3600    1900    1200    2400    1900    1400    400     1200    2400    1000    1300    900     1900    800     700     1100    500     1000    
	20583  1944 1900    1800    1900    1800    1300    1900    700     500     1800    1100    700     700     900     700     1800    500     700     300     800     
	20583  1945 1600    1100    1200    500     1100    1200    1600    500     500     1100    1100    1100    900     1200    600     1000    1600    1400    500     
	20583  1946 1900    1500    1400    1500    1400    1000    1900    1500    500     1400    1100    1200    600     1000    700     600     1900    600     1200    
	20583  1947 3300    1800    3300    1800    1400    2600    1300    1700    1100    300     1200    1400    1000    1100    2600    700     1300    700     900     
	20583  1948 3100    3100    1500    1600    1500    1500    1800    300     1600    1500    800     1400    900     1400    900     700     1600    900     1100    
	20583  1949 2200    1300    2200    1300    1100    2200    1400    800     800     1000    800     700     1700    1200    1300    600     800     400     600     
	20583  1950 1700    1400    1700    1400    1300    1300    1000    1400    400     800     400     1300    1300    400     600     300     1000    300     1300    
	20583  1951 2400    1500    1500    700     1000    1100    2400    500     500     1000    1000    500     1100    900     600     700     2000    300     1100    
	20583  1952 1800    1000    1800    1000    1800    1100    700     700     1000    700     1100    1800    800     800     1100    700     600     400     700     
	20583  1953 3400    3400    1400    1700    2700    1400    2500    1700    700     2700    1100    1300    600     600     1400    700     2500    1100    800     
	20583  1954 1700    1700    1600    1700    1600    800     600     1100    700     1600    1400    1600    500     500     700     400     500     600     600     
	20583  1955 1900    1600    1900    1200    1900    1400    800     900     1200    800     1900    700     800     1300    1100    800     700     600     500     
	20583  1956 1500    1300    1500    1300    1300    800     1500    500     1300    1000    800     800     800     300     300     1500    800     1000    1000    
	20583  1957 1400    1100    1100    1100    900     900     1200    1100    400     500     900     800     800     200     700     300     1200    1100    600     
	20583  1958 2700    1300    1200    600     1300    1200    2300    500     200     1300    500     500     1200    800     500     600     800     2300    400     
	20583  1959 2700    2700    2200    2700    1700    1800    2500    700     2000    500     800     1700    1700    1800    1300    2000    1600    800     600     
	20583  1960 1500    900     1500    300     1500    1300    800     300     300     900     1100    1100    1300    500     300     800     300     400     300     
	