EUROPEAN CLIMATE ASSESSMENT & DATASET (ECA&D), file created on: 17-05-2026
THESE DATA CAN BE USED FOR NON-COMMERCIAL RESEARCH AND EDUCATION PROVIDED THAT THE FOLLOWING SOURCE IS ACKNOWLEDGED: 

Klein Tank, A.M.G. and Coauthors, 2002. Daily dataset of 20th-century surface
air temperature and precipitation series for the European Climate Assessment.
Int. J. of Climatol., 22, 1441-1453.
Data and metadata available at http://www.ecad.eu

FILE FORMAT (MISSING VALUE CODE = -999999):

THIS FILE HOLDS DATA FOR STATION NETHERLANDS                              HOORN TERSCHELLING                       (STAID:  20540)
LATITUDE: dd:mm:ss +53:23:51
LONGITUDE: ddd:mm:ss +005:20:30
ELEVATION: m  -10

DATA IS FOR INDEX Maximum no of consecutive dry days (RR < 1 mm) (CDD) with unit 0.01 No of days

01-06 SOUID: Source identifier
08-11 YEAR : YYYY
13-20 ANNUAL DATA VALUES
21-28 WINTER HALF YEAR DATA VALUES
29-36 SUMMER HALF YEAR DATA VALUES
37-44 WINTER (DJF) DATA VALUES
45-52 SPRING (MAM) DATA VALUES
53-60 SUMMER (JJA) DATA VALUES
61-68 AUTUMN (SON) DATA VALUES
69-76 JANUARY DATA VALUES
etc. 
157-164 DECEMBER DATA VALUES

20540  1875 -999999 -999999 -999999 -999999 -999999 -999999 -999999 -999999 -999999 -999999 -999999 -999999 -999999 -999999 -999999 -999999 -999999 -999999 -999999 
	20540  1876 2200    -999999 2200    -999999 1400    2200    1500    1400    600     1100    700     1200    1500    1900    2100    600     1500    600     600     
	20540  1877 1300    600     1300    600     1300    900     600     600     300     300     1300    1000    900     500     400     600     500     500     300     
	20540  1878 2000    2000    1900    2000    1900    1300    1300    900     1100    400     1200    1000    1300    1300    500     1300    1000    700     600     
	20540  1879 2300    2300    1400    2300    1400    1000    1000    1800    800     1400    1400    800     600     800     400     600     1000    500     1100    
	20540  1880 2900    1800    2900    1800    1800    2300    900     1300    1400    1800    700     1400    800     800     2300    800     200     500     600     
	20540  1881 1800    1100    1800    1000    1600    1400    1600    1000    1000    900     1000    1200    800     1400    700     1600    300     1000    900     
	20540  1882 1900    1900    1500    1900    1500    1100    1000    1900    1300    1300    800     1400    500     500     600     600     1000    800     1000    
	20540  1883 2300    1600    2300    1600    2300    2300    1100    1600    1200    600     2200    1100    2300    500     600     1100    800     400     1100    
	20540  1884 1600    1400    1600    1400    1100    1300    1300    600     900     1100    400     1100    700     500     1300    1300    600     900     1100    
	20540  1885 2600    1400    2600    1300    2100    2600    800     1300    600     1400    1200    1200    800     1800    900     400     200     800     1200    
	20540  1886 2000    2000    1900    2000    1900    1500    1400    200     2000    900     900     1000    1100    700     1500    1400    1000    700     400     
	20540  1887 3600    1500    3600    1500    1200    3300    800     1000    1500    800     1200    900     3000    1300    700     800     300     500     500     
	20540  1888 1300    1200    1300    900     1300    1100    1300    900     500     700     700     1300    700     400     1100    700     1300    1100    1100    
	20540  1889 2800    1200    2800    1200    1400    2800    1400    1100    800     500     1400    600     2000    800     400     500     400     1400    1400    
	20540  1890 1500    1500    1000    1500    1000    800     900     400     1400    1000    900     1000    400     200     800     900     700     800     2800    
	20540  1891 3100    1600    1100    1400    1100    900     900     800     1400    1100    1100    700     700     600     200     900     500     500     1000    
	20540  1892 1800    1100    1600    1000    1800    1600    1000    900     800     1100    1500    1000    600     1100    1600    800     200     1000    1000    
	20540  1893 3100    1300    3100    900     2800    2100    700     900     400     1300    1500    1200    2100    900     1900    600     400     700     600     
	20540  1894 3100    1700    1400    1700    3100    1100    1000    1600    900     1700    1400    800     1000    300     800     900     900     1000    500     
	20540  1895 2500    2500    1300    2500    1200    1100    1400    700     1800    800     1200    1000    900     800     1100    1300    400     800     1400    
	20540  1896 1600    1500    1600    1500    1600    1000    1000    1400    1500    600     1000    1300    600     1000    400     400     300     1000    700     
	20540  1897 2500    1300    1800    1300    900     1700    2500    1300    500     700     700     900     1500    1700    700     900     1200    1300    1500    
	20540  1898 2000    2000    1900    2000    1200    1100    1700    2000    400     800     1200    400     1100    800     1100    1700    1000    700     600     
	20540  1899 3100    3100    2900    1300    1800    2400    1200    700     1300    1800    700     500     2400    1300    1000    200     1200    900     700     
	20540  1900 2000    1100    2000    1100    2000    1300    1300    600     1000    700     1400    600     1200    1300    700     700     300     1300    500     
	20540  1901 2100    1600    2100    1600    2100    1400    1400    1600    500     700     1000    2100    1000    1100    1400    900     800     700     500     
	20540  1902 2500    1700    1400    1700    1300    1400    2500    500     1700    700     1000    1300    1400    700     400     1300    1200    1100    1500    
	20540  1903 1400    1300    1400    1300    1100    1400    900     1300    800     1100    500     1000    1000    600     600     900     800     900     2200    
	20540  1904 2900    2300    2100    900     2100    1900    1000    900     900     1400    2100    1100    700     1900    1100    700     600     800     700     
	20540  1905 2800    1200    2800    1200    2800    1500    1000    1200    700     600     700     2800    1100    1500    600     1000    300     500     800     
	20540  1906 2000    800     2000    800     1800    1500    1000    300     500     600     1700    600     1500    1000    900     1000    600     500     900     
	20540  1907 2300    1200    2300    1100    1700    1300    2300    1000    1100    1200    1200    700     400     1300    600     2300    400     1100    800     
	20540  1908 1500    1400    1500    1300    1400    1500    1200    800     1100    1400    500     1200    1200    1300    1000    900     1100    700     1300    
	20540  1909 1500    1500    1400    1200    1300    1300    1400    1200    1200    600     900     1100    800     400     1300    1400    400     500     600     
	20540  1910 1500    1200    1400    800     1500    1400    1300    800     400     1200    900     900     900     1400    900     1000    1300    400     300     
	20540  1911 2100    2100    1900    2100    1500    1500    500     1200    1500    700     1500    1000    1100    1300    1500    500     500     500     300     
	20540  1912 2000    800     2000    800     2000    1800    1700    800     600     400     1900    900     500     1700    300     1700    1200    300     400     
	20540  1913 1900    1600    1800    1600    1100    1800    1900    1100    1600    500     800     700     700     900     1100    1600    1100    900     700     
	20540  1914 2000    1200    2000    1200    2000    1900    1000    800     1000    200     1700    1100    1100    800     1900    1000    700     400     400     
	20540  1915 1700    700     1700    700     1400    1100    1700    500     700     400     1400    1000    1100    500     700     1700    700     500     400     
	20540  1916 3000    1100    3000    1100    1400    3000    900     1000    300     800     1000    600     300     1600    1400    900     800     500     400     
	20540  1917 1700    1700    1400    1700    1400    1200    1400    1400    700     1000    1000    1200    900     1100    600     1100    300     500     300     
	20540  1918 1800    1800    1600    1000    1700    900     1100    700     700     1700    700     900     800     700     700     200     500     1100    200     
	20540  1919 2200    1000    2200    1000    2200    900     1200    700     1000    900     900     2200    600     400     900     1200    800     500     800     
	20540  1920 4300    1200    1300    1200    1100    1300    4300    600     1200    1000    200     1100    1300    500     800     1300    3000    1400    500     
	20540  1921 3600    1900    1900    1500    1900    1700    3600    300     1500    900     1200    1900    1000    1600    1700    1700    1900    2200    500     
	20540  1922 2100    1400    2100    900     1300    1200    1400    900     900     1100    1100    1300    1200    600     400     900     1400    600     600     
	20540  1923 2200    1300    2200    600     1300    2200    900     600     600     1300    900     900     500     2200    1300    900     200     500     500     
	20540  1924 1700    1400    1200    700     1700    1200    1300    700     700     1400    1100    600     1000    800     800     400     900     1300    1000    
	20540  1925 1500    1300    1500    1300    1400    1400    1000    1300    400     400     700     1400    1400    1000    1000    300     700     700     600     
	20540  1926 1300    1000    1300    800     1000    1300    800     700     800     1000    800     400     1000    1300    1100    800     400     500     1000    
	20540  1927 1400    1400    1400    1400    1400    1000    1000    500     1400    1000    500     1100    1000    600     600     700     1000    400     1200    
	20540  1928 2400    2400    1700    1200    1400    1700    1100    300     1200    1200    1200    800     600     1700    600     1100    700     300     300     
	20540  1929 2700    1300    2700    1300    2600    1600    800     1300    1200    900     1400    2600    600     1600    800     800     600     400     600     
	20540  1930 2000    2000    1400    1200    1400    1000    1000    700     1200    1000    900     1200    1000    500     800     500     1000    300     700     
	20540  1931 1100    1100    1100    600     1100    1100    1000    400     300     1100    500     500     700     500     600     600     500     1000    500     
	20540  1932 2700    2200    2700    2200    1400    2700    1000    1500    1200    1400    400     500     2700    500     800     400     300     1000    1100    
	20540  1933 3000    1200    3000    1000    2100    1200    1200    900     1000    1200    900     2100    900     900     1000    1200    600     1100    1100    
	20540  1934 2500    2500    1800    2500    1400    1500    1200    600     2400    700     600     1400    700     1300    800     800     400     1200    700     
	20540  1935 1800    1500    1800    500     1800    1400    500     500     400     1500    600     1200    400     1300    1400    200     500     500     600     
	20540  1936 1300    1300    1300    800     1300    1200    1200    400     800     1300    700     900     800     500     1200    1200    300     800     700     
	20540  1937 1800    700     1800    600     1600    1400    900     600     200     500     800     1600    600     800     1000    300     900     700     300     
	20540  1938 2300    2300    2200    1300    2300    1200    1300    300     1300    2300    1300    1400    1200    800     900     700     1000    1300    900     
	20540  1939 2600    1500    2600    1500    1600    2000    700     700     800     500     700     1600    1000    700     2000    500     400     700     1500    
	20540  1940 1900    900     1900    900     1900    1900    1000    700     700     700     700     1900    1400    500     700     1000    600     400     300     
	20540  1941 2800    1100    2800    1000    2500    2800    2400    1000    400     1100    1100    1400    1600    1200    300     1600    800     1100    700     
	20540  1942 3700    3100    3700    1700    3700    1800    800     1700    1500    1600    2100    1600    1300    500     600     800     300     600     500     
	20540  1943 3700    3700    1700    1400    2300    1700    1400    700     1400    2300    1100    1100    1200    1600    700     400     1000    500     800     
	20540  1944 2000    1500    2000    1500    1700    2000    800     600     1500    1000    1400    800     1100    1800    1900    500     800     300     400     
	20540  1945 2400    800     1200    500     800     1200    2400    500     300     800     800     700     500     1200    500     1100    2200    1300    300     
	20540  1946 2200    1400    2200    1400    2200    800     1300    1400    400     1000    1700    1500    600     800     400     800     1300    300     600     
	20540  1947 3200    2700    3200    1500    1800    2500    1300    1000    1500    1200    700     1800    900     2000    2500    700     1300    500     500     
	20540  1948 2000    2000    2000    1400    2000    1900    1000    300     1400    1100    2000    1100    900     1900    600     700     700     1000    700     
	20540  1949 1500    1100    1500    1000    1200    1500    1100    600     1000    1100    800     600     1200    900     1200    1000    500     400     600     
	20540  1950 1600    1300    1600    1300    1200    1200    900     1300    400     800     1200    1000    1200    400     600     200     900     200     1500    
	20540  1951 2400    1700    1500    800     1100    1100    2400    400     700     1000    1100    500     1000    1100    400     700     2000    400     1300    
	20540  1952 2200    1000    2200    800     2200    1300    800     700     800     1000    1200    2200    1300    800     500     500     800     300     700     
	20540  1953 3000    1700    1400    1100    1700    1200    1600    1000    1100    1700    1100    1300    700     600     1000    600     700     1600    1400    
	20540  1954 2800    1700    2800    800     2800    800     600     800     600     1700    2700    1400    500     300     800     400     300     600     300     
	20540  1955 2700    1200    2700    900     1600    2300    700     900     800     800     1600    1100    800     2000    2300    700     700     600     600     
	20540  1956 1000    900     1000    700     1000    800     900     500     700     900     1000    800     800     500     400     900     800     700     500     
	20540  1957 1800    1100    1800    1100    1600    1800    1000    1100    300     500     1200    800     1800    400     700     400     1000    600     700     
	20540  1958 2000    800     1000    600     800     1000    1900    500     300     800     600     600     1000    900     400     500     900     1900    400     
	20540  1959 2700    1600    2700    1500    2300    1500    2600    400     1400    500     1300    2300    1500    1400    800     1700    1700    700     600     
	20540  1960 1400    1200    1400    400     1400    900     900     400     400     1200    900     1200    900     500     600     800     200     300     400     
	20540  1961 1300    1100    1300    1000    1100    800     1300    600     1000    1100    700     1000    800     600     700     1300    700     1000    700     
	20540  1962 2400    800     2400    600     1400    1700    2100    500     600     800     900     700     1700    800     700     600     2100    700     700     
	20540  1963 2000    1800    1400    1500    800     1000    1400    1500    1000    800     600     600     600     700     400     1400    1000    500     1500    
	20540  1964 2300    2300    1200    1700    1800    900     900     1700    500     1800    1000    1200    600     900     500     600     500     900     300     
	20540  1965 1600    900     1600    900     800     1600    1400    400     900     700     400     800     700     600     1600    800     1400    1000    200     
	20540  1966 1700    800     1700    800     1400    1200    1500    800     400     600     400     1400    1100    900     700     1500    400     300     200     
	20540  1967 1500    800     1500    800     900     1500    600     700     800     700     900     600     1500    1400    1200    400     500     600     400     
	20540  1968 1800    1300    1600    1300    1600    1000    1000    300     1300    900     1600    700     1000    800     700     300     1000    600     1400    
	20540  1969 1800    1300    1500    1100    1100    1300    1800    1100    200     1100    900     700     1300    1200    600     1500    1800    200     700     
	20540  1970 2800    1200    2800    800     1600    2300    1300    800     400     800     400     1600    2300    400     800     1300    1100    400     1000    
	20540  1971 2200    900     2200    900     1400    2200    1500    600     900     600     1400    800     700     2100    600     1200    1100    400     900     
	20540  1972 3000    1800    1600    1200    1800    1200    3000    1000    800     1800    700     700     700     1200    800     1200    1800    200     800     
	20540  1973 2300    1300    2300    1100    1300    2300    1300    1100    700     1300    600     600     2300    500     2100    1300    800     700     800     
	20540  1974 3700    1300    2400    600     3700    1000    800     500     600     1300    2400    700     800     600     1000    800     300     400     300     
	20540  1975 2000    1200    2000    1100    1200    2000    2000    900     1100    600     900     1200    900     1000    1300    500     1800    700     700     
	20540  1976 3800    1300    3200    1300    3800    2600    900     500     1000    1200    3000    800     1100    1500    2300    900     600     500     500     
	20540  1977 1900    800     1900    700     1800    1500    1800    400     700     400     500     1800    1100    1500    600     1800    1200    300     600     
	20540  1978 1400    800     1400    800     1400    1100    900     800     500     600     1400    900     500     1100    600     500     600     900     800     
	20540  1979 1400    900     1400    900     500     1400    1100    900     600     300     500     500     800     1400    900     1000    1100    400     300     
	20540  1980 2100    2100    2100    2000    2100    1200    1000    1500    2000    1200    1500    2100    500     1100    500     1000    300     500     400     
	20540  1981 3200    1100    2700    1100    3200    2500    1100    1000    800     500     2700    900     1300    800     1700    1100    300     800     700     
	20540  1982 2400    1600    2400    1600    2400    2300    1800    1200    1600    1000    1700    2400    600     1600    800     1800    800     500     700     
	20540  1983 2100    1500    2100    1300    1500    2100    1900    500     1300    1500    400     400     1800    2100    1100    900     600     1300    600     
	20540  1984 2700    1300    2700    1100    2100    2700    900     400     1100    1300    1900    700     700     1400    2700    500     900     700     500     
	20540  1985 2200    2200    1100    2200    1100    600     1700    700     2200    400     1100    900     500     600     600     900     1700    800     400     
	20540  1986 2800    2100    1500    2100    1200    1100    2800    300     1800    1100    1200    500     700     900     1100    1500    1300    400     500     
	20540  1987 1900    1500    1900    1500    1900    1200    900     1000    1300    1200    1900    700     800     900     600     400     400     900     700     
	20540  1988 1900    700     1900    500     1900    1200    900     500     500     200     1500    1900    1200    300     800     600     900     600     600     
	20540  1989 2000    1000    2000    1000    1700    2000    1200    1000    600     700     600     1600    2000    1500    1000    1000    400     1200    800     
	20540  1990 2600    800     2600    700     1900    2600    900     700     700     800     800     1900    1100    2200    900     400     900     300     600     
	20540  1991 2300    2000    2300    2000    1600    2200    1400    1100    900     1300    1000    1600    500     700     1500    1400    900     400     1600    
	20540  1992 1800    1400    1800    1400    1700    1800    1600    1300    700     400     1100    1700    1100    1000    800     1600    1200    600     1300    
	20540  1993 2000    1800    2000    1800    2000    1500    1700    400     1500    1500    800     1200    800     800     600     400     1000    700     100     
	20540  1994 1500    1100    1300    1100    1000    1300    1500    500     1100    200     900     900     1000    1300    500     600     1500    1000    300     
	20540  1995 2500    1500    2500    500     1400    2500    1900    500     500     500     900     600     1300    1200    2300    400     1900    800     1200    
	20540  1996 1700    1600    1700    1600    1700    1300    1100    1600    900     1600    1700    600     700     1300    900     1100    800     400     900     
	20540  1997 2300    2200    2300    2200    2200    2300    1500    2200    500     700     2200    900     800     1000    2300    1500    700     1100    400     
	20540  1998 1600    1300    1600    1300    1600    1600    1200    500     1300    1000    500     1600    300     400     1600    1200    500     700     500     
	20540  1999 1900    700     1900    700     1400    1500    1400    300     400     700     900     700     800     1500    600     1400    1100    600     200     
	20540  2000 1700    1300    1700    1300    800     1700    400     1300    500     800     700     700     900     1600    500     400     400     200     700     
	20540  2001 2300    1200    2300    1200    1000    2300    700     1200    900     600     400     1000    1400    1100    600     200     400     700     1300    
	20540  2002 2300    1000    1400    1000    2300    1000    1000    1000    600     900     1400    800     800     1000    1000    1000    600     300     1300    
	20540  2003 2800    2400    2800    2300    2300    2800    1100    500     2300    2300    1500    600     900     700     2700    1100    1000    900     900     
	20540  2004 1600    1200    1600    1200    1400    1600    1100    300     1200    600     1400    1400    1300    600     1000    1100    1000    400     1100    
	20540  2005 1400    900     1400    900     800     1400    900     300     900     800     500     600     1400    900     800     800     900     300     600     
	20540  2006 2500    1700    2500    1700    1300    1300    2500    1000    1000    1300    900     1100    1300    1000    300     2500    1000    500     1000    
	20540  2007 4600    1100    3500    1000    4600    1400    1500    400     500     1100    3000    600     1400    400     1300    400     1500    600     1700    
	20540  2008 2000    1600    2000    1600    2000    700     900     400     1600    400     2000    1600    700     300     600     900     900     300     1200    
	20540  2009 2200    1000    2200    1000    1700    1300    2200    800     600     1000    1700    700     900     400     900     2200    500     100     400     
	20540  2010 2600    900     2600    700     2600    1300    800     600     700     900     2600    1600    1100    800     400     400     800     500     800     
	20540  2011 2700    2100    2700    600     2700    700     2700    600     600     2100    1900    800     400     600     600     900     600     2100    400     
	20540  2012 1700    1400    1200    900     1700    900     1000    500     900     1400    600     1200    500     900     900     1000    500     500     300     
	20540  2013 2200    1200    2200    900     1600    2200    1200    900     400     800     1600    700     1100    2200    1300    1000    600     400     600     
	20540  2014 2000    1700    2000    500     1700    1900    2000    500     400     1700    800     800     1900    600     400     2000    400     1100    700     
	20540  2015 1300    1100    1200    900     1200    1100    1300    300     900     1100    1200    800     1100    400     1100    600     1000    300     400     
	20540  2016 1800    1600    1800    500     1800    1300    1800    300     500     1600    700     1800    1000    1300    700     1800    600     900     700     
	20540  2017 2300    1300    2300    1300    2200    1300    900     800     1300    1100    1100    1800    1300    600     900     900     800     400     800     
	20540  2018 3500    1000    3500    1000    1500    3500    1700    400     1000    800     1000    1500    800     2700    800     600     1700    1400    500     
	20540  2019 2200    2000    2200    1800    1000    2200    600     600     1800    700     1000    800     1500    1000    1200    600     500     600     600     
	20540  2020 2300    1800    2100    400     2300    1200    1300    300     400     1800    2100    1100    800     800     1200    1300    400     800     300     
	20540  2021 3000    1700    3000    1000    1600    1300    2600    300     1000    900     1600    400     1200    1300    400     2600    400     700     800     
	20540  2022 2900    1500    2900    600     2900    1400    700     600     400     1500    2300    700     400     900     1400    500     700     500     400     
	20540  2023 2800    1200    2800    1200    900     1900    1200    500     1200    400     600     900     1900    400     1100    1200    200     200     500     
	20540  2024 1300    1200    1300    600     1200    1300    1200    600     500     1200    300     1000    900     500     800     1100    600     1000    600     
	20540  2025 4400    3200    3100    1300    4300    2200    900     1300    1000    3100    1200    2200    1200    700     2200    700     800     700     1000    
	20540  2026 -999999 1000    -999999 1000    -999999 -999999 -999999 1000    400     1000    1900    -999999 -999999 -999999 -999999 -999999 -999999 -999999 -999999 
	