EUROPEAN CLIMATE ASSESSMENT & DATASET (ECA&D), file created on: 17-05-2026
THESE DATA CAN BE USED FOR NON-COMMERCIAL RESEARCH AND EDUCATION PROVIDED THAT THE FOLLOWING SOURCE IS ACKNOWLEDGED: 

Klein Tank, A.M.G. and Coauthors, 2002. Daily dataset of 20th-century surface
air temperature and precipitation series for the European Climate Assessment.
Int. J. of Climatol., 22, 1441-1453.
Data and metadata available at http://www.ecad.eu

FILE FORMAT (MISSING VALUE CODE = -999999):

THIS FILE HOLDS DATA FOR STATION NETHERLANDS                              ANDEL                                    (STAID:    578)
LATITUDE: dd:mm:ss +51:46:59
LONGITUDE: ddd:mm:ss +005:03:00
ELEVATION: m    1

DATA IS FOR INDEX Maximum no of consecutive dry days (RR < 1 mm) (CDD) with unit 0.01 No of days

01-06 SOUID: Source identifier
08-11 YEAR : YYYY
13-20 ANNUAL DATA VALUES
21-28 WINTER HALF YEAR DATA VALUES
29-36 SUMMER HALF YEAR DATA VALUES
37-44 WINTER (DJF) DATA VALUES
45-52 SPRING (MAM) DATA VALUES
53-60 SUMMER (JJA) DATA VALUES
61-68 AUTUMN (SON) DATA VALUES
69-76 JANUARY DATA VALUES
etc. 
157-164 DECEMBER DATA VALUES

578    1871 -999999 -999999 -999999 -999999 -999999 1700    1700    -999999 -999999 -999999 -999999 1300    500     700     1700    1100    1300    700     1100    
	578    1872 1500    1400    1200    1400    1000    1100    1200    500     600     1000    800     800     800     900     1100    1200    1200    500     1000    
	578    1873 3100    3100    1900    3100    2900    900     1500    1000    2100    2400    1100    1600    600     800     700     1300    800     1200    1800    
	578    1874 2300    900     2300    900     2300    2100    1000    600     900     700     2000    700     1200    2000    1400    500     1000    900     1800    
	578    1875 2800    1500    2800    1500    2800    1100    1700    600     1200    1100    2600    1000    700     900     700     1700    800     1000    800     
	578    1876 1700    1600    1600    1600    1200    1600    1700    1400    500     600     800     1200    1400    1500    1600    400     1700    600     800     
	578    1877 1200    600     1200    400     1000    1200    1200    400     100     300     700     800     800     400     500     600     600     400     500     
	578    1878 1200    700     1200    700     1200    1000    1000    500     700     600     1200    500     1000    1000    900     800     1000    700     1100    
	578    1879 3600    2500    1700    2500    1700    700     1700    1800    800     1700    500     1100    400     500     700     1700    1200    800     2800    
	578    1880 3300    2800    3300    2400    3300    1700    1000    2300    500     2800    900     2700    700     600     1700    800     800     500     300     
	578    1881 1500    1500    1200    1500    1400    900     1100    1400    1000    800     1000    1200    800     900     700     500     500     1100    1000    
	578    1882 1700    1700    1200    1700    1200    800     800     1700    1200    900     1200    1100    500     700     300     500     700     300     600     
	578    1883 4100    1500    3700    1000    4100    1200    1000    900     1000    1200    3000    1900    700     700     700     500     1000    400     500     
	578    1884 2200    900     2200    900     1600    2200    1400    700     800     800     1600    1200    1400    800     1200    1400    800     900     1100    
	578    1885 1800    1500    1800    1500    1200    1800    900     1500    600     1100    1200    500     900     1800    900     500     200     900     700     
	578    1886 3000    2300    2500    2300    2500    1400    3000    300     2300    1300    1500    1000    700     700     1200    2300    1000    700     300     
	578    1887 3700    3700    2500    2600    1100    2500    1000    1200    2600    1100    1100    500     2500    1100    1500    800     400     1000    400     
	578    1888 1500    1300    1200    1300    1200    900     1500    1300    1100    300     800     1200    700     500     900     1200    1500    1000    1000    
	578    1889 1300    1300    1300    1300    1100    1300    1300    800     400     600     1100    300     1300    600     400     1000    600     1300    1000    
	578    1890 2700    2700    1500    2700    1500    900     1400    400     2600    1200    900     1500    700     900     800     1400    700     600     1800    
	578    1891 2800    2800    1600    2200    1000    1200    1600    900     2200    800     1000    700     1200    1000    500     1600    500     800     1000    
	578    1892 1700    1400    1400    1100    1700    1100    1300    700     1100    1000    1400    1300    700     1100    600     500     700     1300    1600    
	578    1893 4400    1400    3400    1400    4400    2300    1100    1300    400     1300    3000    1400    2300    700     1200    600     800     1100    400     
	578    1894 2700    1900    1200    1500    2700    1200    1200    1500    600     1900    800     700     1000    400     400     1100    400     1200    1300    
	578    1895 1900    1400    1800    1400    1200    1000    1900    600     1100    800     1000    1200    900     700     1000    1800    600     400     1000    
	578    1896 1600    1600    1400    1600    1400    1100    900     1000    1600    700     700     1400    1100    900     800     400     400     900     500     
	578    1897 2500    1400    1400    1400    1400    1100    2500    700     1400    500     800     1400    800     1100    600     800     1200    1300    1500    
	578    1898 2000    1000    2000    1000    1200    1500    1700    1000    400     1000    1100    1000    1200    1500    1400    1700    1100    800     600     
	578    1899 2200    1600    2200    1200    1300    2100    1200    800     1200    1300    400     500     1700    900     1600    400     1200    1200    2000    
	578    1900 1800    1800    1600    1300    1400    1000    1600    300     1000    1400    1300    1300    700     1000    500     1600    600     900     600     
	578    1901 1600    1100    1600    1100    1600    1400    1500    1100    600     1000    1000    1600    1000    1100    1400    700     1000    800     400     
	578    1902 1300    1300    900     1300    800     900     1000    900     1300    700     600     800     900     800     300     600     800     1000    1200    
	578    1903 1500    1100    1500    1100    1000    1500    600     1100    1000    900     300     1000    1100    800     500     600     400     500     1800    
	578    1904 2400    1400    2000    1400    1300    2000    1000    900     600     1100    1300    800     900     2000    1100    900     800     1000    1300    
	578    1905 1400    1300    1400    1300    1200    1400    1200    700     800     600     1200    1000    1400    700     400     1200    500     800     700     
	578    1906 2300    600     1700    600     2300    1400    1300    300     500     600     1700    500     1400    700     600     1100    900     500     1100    
	578    1907 1700    1200    1600    1000    1700    1600    1500    1000    700     1200    800     800     300     1600    900     1500    1000    1100    800     
	578    1908 3600    1500    2700    1300    1500    1900    3600    900     1100    1500    500     500     1200    1500    500     2700    2100    1100    1700    
	578    1909 2200    1500    2000    1500    1100    2000    1100    1500    800     600     1000    900     2000    600     600     400     600     900     900     
	578    1910 2100    1400    1500    900     2100    1400    1500    800     300     1400    700     1100    700     700     1400    1500    1500    500     400     
	578    1911 2600    2600    1900    2600    1500    1900    1200    1900    700     700     1500    1500    600     1500    1900    1200    600     600     300     
	578    1912 2600    900     2600    900     2600    1500    1600    900     500     400     2000    600     300     1500    400     1600    1200    500     500     
	578    1913 1700    1700    1700    1700    800     1700    1000    1000    1700    300     600     800     400     500     1700    800     600     400     600     
	578    1914 1500    1500    1300    1500    1300    1100    1200    1500    1000    400     1300    900     900     600     1100    1100    800     800     400     
	578    1915 2200    900     2200    900     1400    1300    2000    900     600     600     1000    1400    1300    600     600     2000    1400    600     300     
	578    1916 1700    1000    1700    600     1200    1700    1500    500     400     1000    1000    600     800     900     1300    1200    700     900     700     
	578    1917 3000    3000    1800    3000    1200    1000    1200    1400    1600    700     1000    1200    800     1000    500     1100    300     1000    900     
	578    1918 2200    2200    1700    1300    1800    1400    700     800     700     1800    700     1700    500     900     1100    200     700     700     400     
	578    1919 2300    2000    2300    2000    2000    1700    1800    800     1500    800     800     2000    1500    500     1700    1800    900     700     800     
	578    1920 2800    1200    1700    1200    1200    1700    2800    600     1200    1200    200     400     1700    400     800     1000    1600    1300    1200    
	578    1921 2900    1400    1700    1300    1400    1100    2200    500     1300    1400    700     700     900     1100    500     1700    900     2200    800     
	578    1922 2300    1500    2300    1100    2200    700     1600    400     1100    1500    700     2200    700     700     700     300     1600    800     600     
	578    1923 2400    1500    2400    700     1600    2400    900     500     700     1500    800     500     1000    1400    1400    900     300     600     700     
	578    1924 1800    1800    1100    1100    1800    1100    1800    700     1100    1800    900     300     1000    1000    400     600     900     1800    1100    
	578    1925 2100    800     2100    800     1200    2000    1300    800     500     600     1000    1200    2000    600     600     500     1000    1100    800     
	578    1926 2000    1600    2000    900     1600    2000    800     700     900     1600    900     800     1700    1000    800     800     600     300     1200    
	578    1927 2600    1200    1700    1200    1700    800     1300    500     1000    1100    700     1200    300     600     600     800     1300    600     2000    
	578    1928 1900    1900    1700    1300    1300    1700    1300    400     1300    1300    600     1100    800     1700    400     1300    800     700     1200    
	578    1929 4400    4400    2100    2300    2100    2100    1100    1400    2300    2100    1000    1400    500     2100    1300    1100    600     600     500     
	578    1930 2000    1700    2000    1400    1500    2000    700     1100    1300    1200    1000    500     2000    500     800     500     700     500     600     
	578    1931 2000    1000    2000    600     1200    2000    1400    400     600     1000    600     800     1600    400     800     700     1200    1400    1300    
	578    1932 2100    1900    1900    1500    1900    1900    1000    1500    1200    1900    400     500     1900    400     700     500     500     1000    2100    
	578    1933 2400    1800    1400    1800    1300    1400    1500    1800    1100    1200    1300    1000    800     800     1400    1100    800     1500    1700    
	578    1934 2700    2700    2000    2600    1600    1600    1600    700     2600    900     700     1500    1300    1300    1000    800     500     1600    500     
	578    1935 1900    1700    1900    600     1900    1400    500     600     500     1700    600     1300    400     1200    1400    400     500     500     500     
	578    1936 1900    1900    1300    1200    1900    1200    1100    600     1200    1900    800     800     600     500     1200    400     1000    1100    900     
	578    1937 1800    600     1800    600     1200    1100    1000    600     200     400     400     1200    600     500     1000    400     1000    600     600     
	578    1938 2300    2300    1700    1300    2300    1700    1300    400     1300    2300    900     1400    1700    1000    900     1200    800     1300    1000    
	578    1939 2300    1400    2300    1400    1300    1000    1200    700     700     600     600     1300    1000    600     1000    800     400     300     1700    
	578    1940 2100    1500    2100    1500    2100    1000    1300    600     600     1100    500     2100    1000    300     800     1000    1300    500     1400    
	578    1941 2400    1200    1600    1200    1300    1000    2400    1200    300     1200    900     1300    1000    1000    300     1600    800     1300    500     
	578    1942 -999999 -999999 -999999 -999999 -999999 -999999 -999999 -999999 -999999 -999999 -999999 -999999 -999999 -999999 -999999 -999999 -999999 -999999 -999999 
	578    1943 -999999 -999999 -999999 -999999 -999999 -999999 -999999 -999999 -999999 -999999 -999999 -999999 -999999 -999999 -999999 -999999 -999999 -999999 -999999 
	578    1944 -999999 -999999 -999999 -999999 -999999 -999999 -999999 -999999 -999999 -999999 -999999 -999999 -999999 -999999 -999999 -999999 -999999 -999999 -999999 
	578    1945 -999999 -999999 -999999 -999999 -999999 -999999 -999999 -999999 -999999 -999999 -999999 -999999 -999999 -999999 -999999 -999999 -999999 -999999 -999999 
	578    1946 -999999 -999999 -999999 -999999 -999999 -999999 -999999 -999999 -999999 -999999 -999999 -999999 -999999 -999999 -999999 -999999 -999999 -999999 -999999 
	578    1947 -999999 -999999 -999999 -999999 -999999 -999999 -999999 -999999 -999999 -999999 -999999 -999999 -999999 -999999 -999999 -999999 -999999 -999999 -999999 
	578    1948 -999999 -999999 -999999 -999999 -999999 -999999 -999999 -999999 -999999 -999999 -999999 -999999 -999999 -999999 -999999 -999999 -999999 -999999 -999999 
	578    1949 -999999 -999999 -999999 -999999 -999999 -999999 -999999 -999999 -999999 -999999 -999999 -999999 -999999 -999999 -999999 -999999 -999999 -999999 -999999 
	578    1950 -999999 -999999 -999999 -999999 -999999 -999999 -999999 -999999 -999999 -999999 -999999 -999999 -999999 -999999 -999999 -999999 -999999 -999999 -999999 
	578    1951 2200    -999999 1500    -999999 1100    1000    2200    400     300     900     1000    1100    1000    900     300     700     1900    300     1300    
	578    1952 1600    1600    1400    1600    1400    1000    900     500     1600    1000    1400    1400    800     800     1000    900     800     900     800     
	578    1953 2900    2000    1400    2000    1600    1400    2900    2000    900     1600    1100    1300    900     700     1400    700     2200    1100    900     
	578    1954 1800    1800    1300    1800    1700    700     700     1100    700     1700    1100    1300    500     700     700     400     700     500     600     
	578    1955 1900    1600    1900    1200    1900    1100    1100    900     1200    700     1900    700     900     900     1100    800     700     1100    500     
	578    1956 1500    1300    1500    1300    1500    800     1400    500     1300    1100    1500    800     800     400     400     1400    900     1000    900     
	578    1957 1500    1200    1200    1200    1500    1200    1100    1200    400     600     1100    800     1200    300     700     300     1000    1100    600     
	578    1958 2900    1400    1100    800     1300    800     2200    600     300     1300    500     400     800     800     600     800     800     2200    700     
	578    1959 3800    2100    3800    2100    1600    1800    2000    600     2000    400     800     1600    1600    1800    1800    2000    1000    800     800     
	578    1960 1700    900     1700    800     1700    1300    800     800     400     900     600     1700    1300    500     700     800     300     400     400     
	578    1961 1800    1800    1300    1200    1800    700     1300    800     1200    1800    700     900     700     600     700     1300    900     800     1700    
	578    1962 2200    1900    1700    1200    1400    1400    2200    600     1200    1300    900     500     1400    400     500     500     2200    600     700     
	578    1963 2600    2100    2000    1400    1000    1200    1400    1000    1300    800     800     800     1200    1000    500     1400    1000    900     1700    
	578    1964 1800    1800    1600    1300    1200    1400    1000    1300    600     1200    800     1000    800     900     1200    800     700     900     800     
	578    1965 1400    1400    1400    1000    1300    1400    1400    300     1000    1300    600     700     800     600     700     1100    1400    1300    400     
	578    1966 1500    1100    1500    1100    1100    1000    1500    1100    600     600     400     1100    1000    400     800     1500    800     300     100     
	578    1967 1600    1600    1300    1600    1300    1200    1100    1100    1600    700     900     400     900     800     1200    700     600     1100    400     
	578    1968 1700    1200    1700    800     1700    800     1200    400     800     700     1700    600     600     800     500     600     1000    1200    1500    
	578    1969 2400    1100    2400    800     1100    1200    2100    800     400     1100    1000    700     800     1200    900     2100    2100    500     600     
	578    1970 2500    1300    2500    600     1200    2300    1300    600     400     400     300     1200    2300    500     800     1300    1200    900     1100    
	578    1971 2200    800     2200    800     1200    2100    2200    700     800     500     1000    800     500     2000    800     2200    1100    600     900     
	578    1972 3000    1500    1900    1200    1500    1100    3000    900     800     1500    900     500     400     800     1100    1200    1800    500     2100    
	578    1973 4000    2300    1900    2300    1800    1900    1200    1900    500     1800    400     400     1700    400     1900    1200    900     700     600     
	578    1974 2900    700     2200    600     2900    1000    500     600     600     700     2200    900     700     600     1000    300     400     300     400     
	578    1975 1900    1100    1900    1100    1800    900     1800    500     1100    200     900     1800    700     600     900     400     1800    700     1100    
	578    1976 2100    1500    2100    1500    1900    2100    800     500     1500    1100    1700    400     1700    1100    1600    400     800     400     600     
	578    1977 2000    800     2000    600     1100    1700    2000    400     600     500     800     1100    800     1600    600     2000    1400    600     900     
	578    1978 1800    1200    1800    1200    1700    1000    1500    500     1200    500     900     1700    800     700     1000    1000    1500    900     800     
	578    1979 1400    1000    1400    700     900     1200    1400    600     700     500     700     900     600     600     400     1400    1300    600     400     
	578    1980 2000    1400    2000    1400    2000    1400    1400    1400    700     1200    1600    1900    1400    800     500     1400    400     500     400     
	578    1981 1800    1700    1800    1700    1100    1800    700     700     1700    400     1000    500     700     600     1800    700     300     500     600     
	578    1982 1900    1500    1900    1500    1600    1100    1900    1500    1500    900     1600    1200    400     1100    400     1900    800     600     500     
	578    1983 2500    1600    1700    1600    1300    1700    2500    500     1600    1300    300     200     1400    1700    1300    600     600     1900    700     
	578    1984 2700    1300    2700    1100    2100    2600    700     400     1100    1300    1900    900     700     1500    2600    200     700     700     500     
	578    1985 1900    1400    1300    1400    1000    800     1900    400     1400    500     1000    1000    400     800     600     800     1900    500     300     
	578    1986 3500    3500    1600    3200    1100    1600    3000    400     2800    1100    600     600     1200    1600    600     1300    1700    600     500     
	578    1987 1600    1300    1600    1300    1200    1600    1300    1300    700     1200    900     700     300     1300    400     600     600     1000    900     
	578    1988 2500    900     2500    900     1100    2500    1100    900     400     200     1100    800     2500    300     700     600     1100    900     500     
	578    1989 1800    1300    1800    1300    1800    1700    1500    1000    800     700     500     1800    1700    1200    1300    1100    700     1200    800     
	578    1990 1800    900     1800    700     1600    1800    1100    700     600     900     500     1600    1000    1800    900     600     1100    600     500     
	578    1991 2300    1700    2300    1700    1600    1600    1400    1000    700     1200    900     1600    400     600     1000    1400    900     1100    1100    
	578    1992 2200    1300    1700    1300    1100    1300    2200    1200    700     500     1000    1100    800     700     600     1700    500     400     1100    
	578    1993 1700    1000    1600    900     1600    700     1700    500     900     1000    800     800     700     400     600     600     1100    1500    300     
	578    1994 1600    1100    1000    1100    800     1000    1600    500     1100    800     800     600     800     1000    800     600     1600    800     400     
	578    1995 2700    1500    2700    500     1600    2700    1500    500     300     500     800     1500    1300    1000    2300    500     1500    1100    1600    
	578    1996 3000    3000    1700    3000    1500    1700    900     2100    900     1500    1300    1200    1700    1300    700     900     800     400     1400    
	578    1997 3000    1800    2000    1800    1900    2000    2000    1800    300     1200    1900    1000    600     600     2000    1600    1700    700     700     
	578    1998 1700    1300    1700    1300    1700    1600    1000    800     1300    1200    300     1700    200     700     1600    1000    500     700     300     
	578    1999 1700    700     1700    700     1200    1400    1100    300     400     700     800     900     1200    1400    1200    800     1100    300     200     
	578    2000 1400    1300    1400    1300    1400    1200    900     1300    300     500     900     600     800     800     1200    900     400     300     800     
	578    2001 1800    1400    1800    1400    1400    1800    800     1400    400     400     500     1400    1300    900     1000    300     800     700     1300    
	578    2002 1900    1100    1300    900     1900    1000    1000    500     700     1100    900     600     500     900     1000    1000    500     600     1100    
	578    2003 2200    2200    1800    2200    2000    1800    1500    900     2200    2000    1800    700     1300    1200    1600    1100    1500    800     1000    
	578    2004 1700    1000    1400    1000    1400    900     1200    300     700     1000    1200    1400    700     600     300     1200    800     600     1500    
	578    2005 1700    900     1400    800     500     1100    1700    600     800     500     500     500     1100    900     600     800     1700    600     700     
	578    2006 1700    1300    1700    1000    1400    1300    1600    1000    500     1300    800     1400    1300    1100    500     1600    700     600     900     
	578    2007 4500    1000    3500    900     4500    800     1000    300     600     1000    3000    500     700     600     700     600     1000    500     1800    
	578    2008 1700    1700    1500    1700    1500    900     900     500     1700    300     600     1400    700     400     900     900     700     700     1100    
	578    2009 1600    900     1600    900     1000    1000    1600    800     400     800     900     700     1000    500     700     1600    700     400     600     
	578    2010 2100    1100    2100    1100    2100    1200    1200    1100    1100    600     2100    800     1100    800     400     500     1200    800     300     
	578    2011 2500    1300    1700    800     1700    700     2500    500     800     1200    1700    800     300     500     400     1300    600     2500    500     
	578    2012 2600    2400    1100    1100    2600    1000    1000    1100    900     2400    400     1000    500     700     1000    1000    1000    600     400     
	578    2013 2300    1200    2300    800     2100    2300    1300    500     800     1200    900     700     1100    2300    700     1100    400     800     500     
	578    2014 2400    1700    2400    500     1700    2400    1700    500     400     1700    600     500     2000    500     500     1700    400     600     400     
	578    2015 1700    1700    1200    1400    1700    1100    1400    400     1400    1700    1200    800     1100    400     800     600     1000    400     800     
	578    2016 1200    1200    1200    600     1200    1000    1100    500     600     1200    500     1200    800     700     1000    1000    1100    900     1000    
	578    2017 1800    1300    1800    1300    1400    1200    900     1300    800     800     1000    1400    1200    500     900     800     900     400     400     
	578    2018 3100    1500    3100    1400    1000    3100    1700    400     1400    500     1000    800     2000    2300    700     1300    1700    1500    700     
	578    2019 2000    1700    2000    1700    2000    1600    1000    500     1700    1400    2000    1600    1100    700     800     1000    500     700     500     
	578    2020 3700    2000    2200    700     3700    2100    1700    700     400     2000    1700    2200    800     900     1500    1700    800     800     400     
	578    2021 1700    1700    1600    1000    1600    1200    1500    400     1000    900     1600    500     1200    800     600     1500    600     700     1200    
	578    2022 3300    3300    1600    1000    2900    1400    800     1000    400     2900    1100    1000    900     1300    1400    400     800     800     900     
	578    2023 3800    1200    3800    1200    1900    1900    900     1100    1100    400     700     1900    1900    300     1200    900     700     300     600     
	578    2024 1200    900     1200    700     900     800     1200    700     200     900     400     900     700     600     700     1200    800     900     700     
	578    2025 2900    2800    2900    1200    2900    1600    1200    1200    900     2700    1100    2300    1400    700     1600    1000    900     800     1300    
	578    2026 -999999 1100    -999999 1100    -999999 -999999 -999999 1100    400     900     1200    -999999 -999999 -999999 -999999 -999999 -999999 -999999 -999999 
	