EUROPEAN CLIMATE ASSESSMENT & DATASET (ECA&D), file created on: 17-05-2026
THESE DATA CAN BE USED FOR NON-COMMERCIAL RESEARCH AND EDUCATION PROVIDED THAT THE FOLLOWING SOURCE IS ACKNOWLEDGED: 

Klein Tank, A.M.G. and Coauthors, 2002. Daily dataset of 20th-century surface
air temperature and precipitation series for the European Climate Assessment.
Int. J. of Climatol., 22, 1441-1453.
Data and metadata available at http://www.ecad.eu

FILE FORMAT (MISSING VALUE CODE = -999999):

THIS FILE HOLDS DATA FOR STATION NETHERLANDS                              LAGE ZWALUWE                             (STAID:  20551)
LATITUDE: dd:mm:ss +51:42:00
LONGITUDE: ddd:mm:ss +004:39:00
ELEVATION: m -100

DATA IS FOR INDEX Maximum no of consecutive dry days (RR < 1 mm) (CDD) with unit 0.01 No of days

01-06 SOUID: Source identifier
08-11 YEAR : YYYY
13-20 ANNUAL DATA VALUES
21-28 WINTER HALF YEAR DATA VALUES
29-36 SUMMER HALF YEAR DATA VALUES
37-44 WINTER (DJF) DATA VALUES
45-52 SPRING (MAM) DATA VALUES
53-60 SUMMER (JJA) DATA VALUES
61-68 AUTUMN (SON) DATA VALUES
69-76 JANUARY DATA VALUES
etc. 
157-164 DECEMBER DATA VALUES

20551  1926 -999999 -999999 -999999 -999999 -999999 -999999 800     -999999 -999999 -999999 -999999 -999999 -999999 -999999 600     800     600     400     900     
	20551  1927 1900    1400    1000    1400    1200    600     1200    600     1400    1200    700     600     400     400     600     400     1200    600     1300    
	20551  1928 1900    1900    1800    1300    1300    1800    1400    400     1300    1300    500     900     700     1800    700     1400    400     700     500     
	20551  1929 5000    5000    1900    2900    2100    1900    1100    1400    2800    2100    1000    1600    600     1900    800     1100    700     700     500     
	20551  1930 2100    2100    1500    1200    1400    1000    1000    1000    1200    1200    800     600     900     500     1000    500     1000    500     600     
	20551  1931 3300    3100    1500    600     3300    1500    1200    500     600     3100    800     700     1100    400     1000    1000    1200    1200    1300    
	20551  1932 3500    3500    1700    3500    1900    1700    900     1500    2000    1900    500     600     1700    500     900     500     300     900     1100    
	20551  1933 3300    1600    2300    1600    2300    1500    1200    1600    700     1000    2300    900     1000    1000    1500    1100    800     700     2600    
	20551  1934 2900    2900    2000    2800    1800    1600    1600    700     2800    1100    700     1500    1400    1300    800     700     1000    1600    500     
	20551  1935 2000    1600    2000    700     1900    2000    700     700     700     1600    600     1300    500     1600    1100    700     400     600     700     
	20551  1936 1900    1900    1300    1100    1900    1200    1300    600     1100    1900    800     900     800     800     1200    600     1300    1100    900     
	20551  1937 1800    800     1800    800     1200    1500    1400    500     200     500     300     1200    600     800     1100    500     1400    800     700     
	20551  1938 2400    2400    1800    1400    2400    1800    1300    400     1400    2400    1300    1600    1800    900     1000    1100    800     1300    900     
	20551  1939 2300    1300    2300    1300    1300    1000    1200    600     700     600     600     1300    1000    500     900     900     300     400     1700    
	20551  1940 2000    1100    2000    1000    2000    1300    1400    700     1000    900     600     2000    1100    600     900     1000    1400    300     600     
	20551  1941 -999999 1400    2400    1200    1600    2400    1500    1300    700     1400    1000    1600    2100    700     500     1500    800     1300    -999999 
	20551  1942 -999999 -999999 3000    -999999 -999999 1400    1300    -999999 -999999 -999999 2100    900     1400    400     800     1300    500     800     800     
	20551  1943 3800    3800    1600    1300    2500    1600    1400    800     1300    2500    1000    1300    900     1100    600     700     1400    600     1000    
	20551  1944 -999999 2200    -999999 2000    1000    1900    -999999 600     2000    1000    900     800     700     700     1800    -999999 -999999 -999999 -999999 
	20551  1945 -999999 -999999 -999999 -999999 -999999 -999999 1800    -999999 -999999 -999999 -999999 -999999 -999999 -999999 700     1000    1800    1300    700     
	20551  1946 2200    1800    1600    1500    1600    1000    2200    1500    500     1500    1100    1100    400     900     700     600     2200    600     1300    
	20551  1947 3100    1900    3100    1900    1100    2600    1300    1700    1200    400     1100    800     1000    800     2600    500     1300    700     1300    
	20551  1948 3100    3100    1500    1600    1500    1500    1200    400     1600    1500    900     1300    900     1400    900     800     1000    900     1100    
	20551  1949 3100    1700    3100    1700    1300    3100    1600    1000    700     1200    800     500     1700    1400    1200    800     800     400     600     
	20551  1950 1700    1300    1700    1300    1100    1300    1000    1300    400     800     800     1100    1300    700     500     400     1000    300     1300    
	20551  1951 2200    1500    1500    700     1000    1100    2200    400     500     1000    1000    400     1100    700     300     700     2000    300     1300    
	20551  1952 1900    1600    1900    1600    1900    1100    700     500     1600    700     1100    1900    800     800     1100    700     600     600     800     
	20551  1953 -999999 -999999 -999999 -999999 -999999 -999999 -999999 -999999 -999999 -999999 -999999 -999999 -999999 -999999 -999999 -999999 -999999 -999999 -999999 
	