EUROPEAN CLIMATE ASSESSMENT & DATASET (ECA&D), file created on: 17-05-2026
THESE DATA CAN BE USED FOR NON-COMMERCIAL RESEARCH AND EDUCATION PROVIDED THAT THE FOLLOWING SOURCE IS ACKNOWLEDGED: 

Klein Tank, A.M.G. and Coauthors, 2002. Daily dataset of 20th-century surface
air temperature and precipitation series for the European Climate Assessment.
Int. J. of Climatol., 22, 1441-1453.
Data and metadata available at http://www.ecad.eu

FILE FORMAT (MISSING VALUE CODE = -999999):

THIS FILE HOLDS DATA FOR STATION NETHERLANDS                              DEN HULST OV                             (STAID:  20506)
LATITUDE: dd:mm:ss +52:19:05
LONGITUDE: ddd:mm:ss +006:56:44
ELEVATION: m -100

DATA IS FOR INDEX Maximum no of consecutive dry days (RR < 1 mm) (CDD) with unit 0.01 No of days

01-06 SOUID: Source identifier
08-11 YEAR : YYYY
13-20 ANNUAL DATA VALUES
21-28 WINTER HALF YEAR DATA VALUES
29-36 SUMMER HALF YEAR DATA VALUES
37-44 WINTER (DJF) DATA VALUES
45-52 SPRING (MAM) DATA VALUES
53-60 SUMMER (JJA) DATA VALUES
61-68 AUTUMN (SON) DATA VALUES
69-76 JANUARY DATA VALUES
etc. 
157-164 DECEMBER DATA VALUES

20506  1867 -999999 -999999 1500    -999999 1300    1500    1100    -999999 2600    800     300     1300    1400    600     1000    400     1100    600     900     
	20506  1868 2100    1200    1800    1200    1000    1300    1800    1200    400     800     500     800     1300    1100    600     1800    500     600     300     
	20506  1869 2200    1200    2200    1200    900     1800    1000    1200    1100    900     600     500     1400    1500    1800    1000    400     600     1200    
	20506  1870 3900    3900    1500    3900    1900    1100    2200    1600    2300    700     1200    1500    1100    900     700     1500    700     1000    1100    
	20506  1871 1900    1500    1700    1500    1000    1200    1700    1300    900     1000    800     800     700     500     1200    1700    1200    1500    900     
	20506  1872 1300    1000    1300    900     1100    1300    1000    800     900     1000    600     1100    1200    400     1300    700     900     1000    900     
	20506  1873 2200    2200    1100    2200    1800    1100    1900    1000    1200    1800    1100    600     1100    500     400     700     600     1900    1100    
	20506  1874 -999999 1000    -999999 1000    2400    -999999 -999999 700     700     900     2200    800     800     1900    -999999 -999999 1400    900     1900    
	20506  1875 3200    1800    2400    1300    2400    800     1500    1300    1300    1500    2300    1000    800     800     500     1000    1100    800     1000    
	20506  1876 2700    2700    2100    2700    1200    2100    1600    1600    1500    700     900     1000    2100    900     1500    400     1600    600     1000    
	20506  1877 1500    700     1500    600     1200    1500    1200    600     200     700     1200    700     1500    500     300     800     500     400     500     
	20506  1878 1000    1000    1000    1000    1000    900     1000    800     1000    500     1000    600     900     900     500     900     1000    700     1000    
	20506  1879 3600    2100    1400    2100    1400    600     1000    1600    1200    900     1400    700     200     400     600     700     1000    800     2800    
	20506  1880 2700    2600    2500    2100    2700    1900    800     1000    1100    2600    500     2500    500     300     1900    700     700     500     500     
	20506  1881 2900    2900    1300    2900    1800    1300    1100    2800    800     900     1200    600     500     1300    800     800     700     1100    1100    
	20506  1882 2100    2100    900     2100    1300    600     1000    2100    1300    1300    900     900     400     300     600     700     1000    300     900     
	20506  1883 3300    2500    1500    1600    3300    1200    1000    1600    600     2500    1000    700     1200    400     900     500     700     400     700     
	20506  1884 1700    1300    1700    1000    1700    1300    1200    500     1000    800     1700    1200    600     300     1100    1200    500     900     1100    
	20506  1885 2000    1500    1600    1500    1600    1600    2000    1500    900     1000    1300    500     900     1100    800     700     400     2000    1100    
	20506  1886 4800    4800    1400    2800    2000    1400    1500    1100    2800    2000    900     700     800     700     600     900     1400    200     500     
	20506  1887 3000    2500    3000    2500    2100    3000    1900    2500    1100    2100    1700    300     2600    1000    900     400     800     1900    1100    
	20506  1888 2000    2000    1100    1800    1300    600     1400    1500    1800    1300    700     1100    600     200     400     1100    1400    1300    1500    
	20506  1889 2000    2000    1900    2000    1900    1300    1300    1800    1300    600     1900    600     800     600     400     800     700     1300    800     
	20506  1890 3200    3200    800     3200    1100    600     800     500     2700    1000    800     400     300     300     600     800     700     800     3100    
	20506  1891 -999999 -999999 -999999 2800    -999999 500     1300    1200    2800    -999999 -999999 -999999 500     400     300     1300    700     1100    1100    
	20506  1892 -999999 1600    -999999 1600    1800    -999999 -999999 1600    500     1100    1400    1100    500     1700    -999999 -999999 700     1000    1200    
	20506  1893 3500    1800    3500    1800    2900    2200    1200    1200    400     1400    1500    1200    2300    900     1900    500     900     1200    600     
	20506  1894 2900    1600    1400    1600    2800    1400    1700    1500    1200    1600    1200    1300    600     800     400     1100    1300    1600    1300    
	20506  1895 1800    1000    1700    1000    1200    1000    1800    600     1000    700     1100    1200    1000    600     1000    1700    300     700     400     
	20506  1896 1300    1300    1300    1300    1000    1200    1000    500     1300    600     900     1000    500     1200    800     300     400     1000    500     
	20506  1897 2600    1300    1200    1300    800     1200    2600    1300    800     800     600     400     800     1200    600     1000    1200    1400    1400    
	20506  1898 1500    1100    1500    1100    1500    1200    1400    1100    400     700     1500    500     1100    500     1200    1100    1100    1200    700     
	20506  1899 3500    1700    3500    1200    900     3000    1300    700     1200    900     500     500     3000    900     1400    300     1300    700     600     
	20506  1900 2300    1600    2300    800     1400    700     2300    600     700     1400    1300    900     300     600     700     2300    600     800     600     
	20506  1901 2400    1800    2400    1800    2400    1800    1100    1800    900     600     800     2400    800     1800    1000    1100    600     800     700     
	20506  1902 1800    1600    1200    1600    800     1200    1800    400     1600    700     800     500     1200    600     400     1200    600     1000    1200    
	20506  1903 1500    1400    1500    1400    1000    1500    1000    1400    600     900     300     1000    1000    500     300     1000    600     500     2200    
	20506  1904 2800    1000    2100    1000    1000    2100    1300    1000    700     1000    1000    700     900     2100    1000    1300    800     1200    800     
	20506  1905 1800    1800    1500    1800    1100    1500    1200    1800    700     600     1100    1100    1500    400     600     1200    400     1000    700     
	20506  1906 1800    800     1700    800     1800    1100    1300    300     800     700     1700    500     1100    900     500     1200    1000    600     1200    
	20506  1907 1800    1800    1500    1800    1600    1500    1600    1800    1000    1100    1000    700     700     1500    400     1500    400     900     700     
	20506  1908 4500    1700    1600    1200    1700    1600    4500    900     1100    1700    400     600     1200    1200    500     1200    3100    1100    1000    
	20506  1909 1700    1300    1500    1300    1500    800     1200    1200    1300    500     1100    1500    800     600     600     700     700     900     900     
	20506  1910 2900    1300    1600    1200    2900    900     1500    800     1000    1300    1600    1000    900     700     900     1500    1100    600     500     
	20506  1911 3000    900     2500    700     3000    1600    1200    600     300     900     2500    900     700     900     1600    1200    500     500     600     
	20506  1912 1600    600     1600    600     1200    1600    1200    600     600     600     1100    400     700     1600    300     1200    1000    300     700     
	20506  1913 1600    1600    1600    1600    1200    1600    1000    500     1600    400     800     900     600     700     1600    900     600     400     500     
	20506  1914 1800    1600    1800    1600    1000    1800    1200    1600    1000    400     900     700     1100    700     1800    800     1100    1200    500     
	20506  1915 2100    900     2100    600     1300    1600    1400    600     400     500     700     1300    1600    400     600     1000    1400    800     400     
	20506  1916 1900    1100    1900    700     1200    1900    1100    700     400     1100    1000    600     400     600     1300    1000    900     900     400     
	20506  1917 1800    1800    1200    1800    1200    1100    900     1200    1700    1000    600     1000    900     800     300     900     600     500     700     
	20506  1918 1400    1200    1400    1200    1000    800     1400    700     700     700     300     1000    800     400     700     200     1000    800     200     
	20506  1919 2200    2200    2200    2200    2200    1000    1200    700     1700    800     1000    2200    600     600     1000    1200    900     500     800     
	20506  1920 2800    1300    2000    1300    800     2000    2800    600     1300    800     400     500     2000    500     600     900     1600    1400    800     
	20506  1921 3000    1400    1400    1100    1300    1300    2300    300     1100    800     800     1300    900     1300    700     1300    1500    2300    700     
	20506  1922 2900    2300    2900    1100    2600    600     1400    1100    1100    2300    700     2600    600     300     500     700     1400    500     500     
	20506  1923 3200    2400    1400    500     3200    1400    900     400     400     2400    800     500     300     1400    1300    900     400     700     600     
	20506  1924 1500    1500    1000    1500    1300    1000    1400    1500    1000    1300    700     300     900     900     400     600     900     1400    1200    
	20506  1925 1700    1300    1700    1300    1400    1600    1400    1300    500     600     600     1400    1600    800     600     400     1100    1300    700     
	20506  1926 1100    700     1100    500     900     1000    800     500     300     700     600     500     400     1000    600     800     600     400     1000    
	20506  1927 1800    1500    1500    1500    1500    800     1100    1000    1500    900     500     1100    800     200     600     900     1100    600     1200    
	20506  1928 2400    1500    2400    1000    1400    2100    2300    300     1000    1400    800     800     700     2100    400     2300    600     400     500     
	20506  1929 2300    2300    1700    2300    1600    1300    800     1100    2200    1600    800     1600    600     1300    800     800     600     500     500     
	20506  1930 2500    2500    1700    2400    1000    1700    800     1600    2400    700     500     600     1700    500     800     500     800     500     800     
	20506  1931 2200    2200    1800    1000    2200    1800    2000    600     700     2200    600     800     1600    200     700     700     2000    1200    1300    
	20506  1932 5000    5000    2700    4700    1900    2700    1100    1800    2900    1900    1000    700     2700    500     1600    500     500     1100    1500    
	20506  1933 2100    2100    1400    2100    1200    1000    1200    2100    1600    1200    600     700     800     800     1000    1200    700     600     1800    
	20506  1934 2100    1900    2100    1900    1500    1400    1200    800     1900    500     700     1500    600     1200    1300    800     400     1200    400     
	20506  1935 1900    1600    1900    900     1900    1100    600     900     600     1600    600     1300    400     1000    1100    500     600     500     800     
	20506  1936 1800    1800    1500    900     1800    1500    1200    400     900     1800    500     900     1500    700     1200    400     900     1200    900     
	20506  1937 2000    600     1900    500     1000    1900    2000    500     200     300     600     1000    700     600     1300    600     2000    700     500     
	20506  1938 2500    2500    1800    1400    2400    1800    1400    500     1400    2400    1200    700     1800    700     600     1400    800     700     1200    
	20506  1939 2300    1100    2300    1100    1300    1800    1500    400     700     400     600     1300    1000    600     1800    1000    500     300     1400    
	20506  1940 1200    1000    1200    1000    900     1100    900     600     700     400     700     900     1100    300     600     900     700     400     700     
	20506  1941 1500    1100    1500    1100    1300    1000    1500    1100    500     1100    1100    1300    1000    800     200     1500    800     500     500     
	20506  1942 2900    2100    2900    1800    2900    1000    900     1800    1600    1200    2000    900     1000    500     700     900     600     800     800     
	20506  1943 1900    1800    1900    1400    1200    1900    1400    700     1400    1200    1200    1100    900     1800    500     1000    1400    500     900     
	20506  1944 1900    1900    1800    1900    1300    1800    1200    500     1900    1100    900     600     800     1200    1800    1200    900     300     1300    
	20506  1945 1400    1000    1100    700     1100    1000    1400    500     700     1000    800     1100    700     1000    500     900     900     1400    700     
	20506  1946 1800    1500    1800    1500    1800    700     900     1500    700     1100    1700    1200    400     600     300     700     900     700     1600    
	20506  1947 2900    1200    2900    1200    1000    2400    900     600     1200    800     1000    900     700     1000    2400    700     800     400     300     
	20506  1948 2100    2100    1400    1500    1400    1100    1100    300     1500    1100    1400    1400    900     1000    600     500     800     1100    1100    
	20506  1949 2300    1800    2300    1800    1700    2300    1800    1000    800     1300    800     1400    1900    800     700     800     1000    500     500     
	20506  1950 1600    1300    1600    1300    900     1300    900     1300    400     700     300     900     1300    400     500     300     900     400     1000    
	20506  1951 2700    1300    1200    1300    1000    900     2700    1100    500     900     1000    700     900     700     700     800     2000    300     700     
	20506  1952 2500    1000    2500    800     2500    800     1000    500     800     1000    2300    1200    500     800     400     1000    600     700     600     
	20506  1953 2400    2000    1500    1600    1600    1500    1600    1400    1100    1600    1400    600     1200    300     1500    800     800     1600    800     
	20506  1954 1700    1700    1300    1700    1300    700     700     1100    600     900     1100    1300    600     300     600     600     700     500     600     
	20506  1955 1300    1200    1200    900     1200    900     900     900     800     700     1200    400     900     800     900     900     700     800     300     
	20506  1956 1400    1200    1300    800     1400    500     1300    700     800     1200    1000    800     500     300     300     1300    700     1000    400     
	20506  1957 1400    800     1100    600     1400    1000    600     600     300     600     1100    800     600     500     800     300     500     600     600     
	20506  1958 1400    1400    1000    600     1400    900     1200    600     600     1400    800     500     800     900     500     500     800     1200    500     
	20506  1959 3000    2800    3000    2800    2400    1700    2600    800     2000    700     1000    2400    1100    1700    1000    2000    1700    1700    800     
	20506  1960 2100    2100    1200    500     2100    700     800     400     500     2100    700     1200    700     400     200     800     200     300     500     
	