EUROPEAN CLIMATE ASSESSMENT & DATASET (ECA&D), file created on: 17-05-2026
THESE DATA CAN BE USED FOR NON-COMMERCIAL RESEARCH AND EDUCATION PROVIDED THAT THE FOLLOWING SOURCE IS ACKNOWLEDGED: 

Klein Tank, A.M.G. and Coauthors, 2002. Daily dataset of 20th-century surface
air temperature and precipitation series for the European Climate Assessment.
Int. J. of Climatol., 22, 1441-1453.
Data and metadata available at http://www.ecad.eu

FILE FORMAT (MISSING VALUE CODE = -999999):

THIS FILE HOLDS DATA FOR STATION NETHERLANDS                              ROTTERDAM KEILEHAVEN                     (STAID:  20594)
LATITUDE: dd:mm:ss +51:54:00
LONGITUDE: ddd:mm:ss +004:25:59
ELEVATION: m -100

DATA IS FOR INDEX Maximum no of consecutive dry days (RR < 1 mm) (CDD) with unit 0.01 No of days

01-06 SOUID: Source identifier
08-11 YEAR : YYYY
13-20 ANNUAL DATA VALUES
21-28 WINTER HALF YEAR DATA VALUES
29-36 SUMMER HALF YEAR DATA VALUES
37-44 WINTER (DJF) DATA VALUES
45-52 SPRING (MAM) DATA VALUES
53-60 SUMMER (JJA) DATA VALUES
61-68 AUTUMN (SON) DATA VALUES
69-76 JANUARY DATA VALUES
etc. 
157-164 DECEMBER DATA VALUES

20594  1890 -999999 -999999 -999999 -999999 -999999 -999999 1400    -999999 -999999 -999999 -999999 -999999 -999999 -999999 -999999 1400    700     600     1500    
	20594  1891 3100    3100    1200    2500    900     1200    1500    1100    2500    500     800     900     1200    600     400     900     600     800     800     
	20594  1892 1700    1200    1400    1200    1700    1100    800     1200    800     600     1400    900     600     1100    1000    500     400     800     1700    
	20594  1893 4300    1300    3000    900     4300    1300    1100    900     600     1300    3000    1500    1300    700     800     700     600     1100    700     
	20594  1894 3100    1700    1400    1600    3100    1100    1600    1600    1400    1700    1400    800     1000    300     400     600     600     1600    800     
	20594  1895 1900    1100    1800    1100    1800    900     1900    1000    1100    800     1100    1400    900     800     900     1800    600     1000    1200    
	20594  1896 -999999 2000    -999999 2000    2100    -999999 1500    1200    2000    900     500     1800    -999999 -999999 -999999 600     400     1500    600     
	20594  1897 -999999 -999999 -999999 900     -999999 -999999 -999999 700     900     -999999 -999999 -999999 -999999 -999999 -999999 -999999 -999999 -999999 -999999 
	20594  1898 -999999 -999999 -999999 -999999 -999999 -999999 -999999 -999999 -999999 -999999 -999999 -999999 -999999 -999999 -999999 -999999 -999999 -999999 -999999 
	20594  1899 -999999 -999999 -999999 -999999 -999999 1800    1300    -999999 -999999 -999999 -999999 700     1800    1700    1100    300     1200    1300    1400    
	20594  1900 2000    1400    2000    1000    2000    1600    1000    500     500     1400    1400    1400    700     1500    800     1000    400     500     600     
	20594  1901 2000    1900    1700    1900    1400    1100    1400    1900    500     600     1100    1400    1100    1000    1000    1200    600     800     400     
	20594  1902 -999999 1300    1200    1300    800     900     2200    1200    1300    700     800     500     900     700     500     1200    1100    1000    -999999 
	20594  1903 -999999 -999999 -999999 -999999 -999999 -999999 -999999 -999999 -999999 -999999 -999999 -999999 -999999 -999999 -999999 -999999 -999999 -999999 -999999 
	20594  1904 -999999 -999999 -999999 -999999 -999999 -999999 -999999 -999999 -999999 -999999 -999999 -999999 -999999 -999999 -999999 -999999 -999999 -999999 -999999 
	20594  1905 -999999 -999999 -999999 -999999 -999999 -999999 -999999 -999999 -999999 -999999 -999999 -999999 -999999 -999999 -999999 -999999 -999999 -999999 -999999 
	20594  1906 -999999 -999999 -999999 -999999 -999999 -999999 -999999 -999999 -999999 -999999 -999999 -999999 -999999 -999999 -999999 -999999 -999999 -999999 -999999 
	20594  1907 -999999 -999999 -999999 -999999 -999999 -999999 -999999 -999999 -999999 -999999 -999999 -999999 -999999 -999999 -999999 -999999 -999999 -999999 -999999 
	20594  1908 -999999 -999999 -999999 -999999 -999999 -999999 -999999 -999999 -999999 -999999 -999999 -999999 -999999 -999999 -999999 -999999 -999999 -999999 -999999 
	20594  1909 -999999 -999999 -999999 -999999 -999999 -999999 -999999 -999999 -999999 -999999 -999999 -999999 -999999 -999999 -999999 -999999 -999999 -999999 -999999 
	20594  1910 -999999 -999999 -999999 -999999 -999999 -999999 -999999 -999999 -999999 -999999 -999999 -999999 -999999 -999999 -999999 -999999 -999999 -999999 -999999 
	20594  1911 -999999 -999999 -999999 -999999 -999999 -999999 -999999 -999999 -999999 -999999 -999999 -999999 -999999 -999999 -999999 -999999 -999999 -999999 400     
	20594  1912 2000    -999999 2000    900     2000    1500    1300    900     500     600     1900    500     300     1500    300     1300    1200    400     700     
	20594  1913 1700    1700    1700    1700    800     1700    900     900     1700    600     600     800     300     500     1700    800     700     500     600     
	20594  1914 1400    1400    1400    1400    1300    900     1000    1400    1000    700     1300    1000    900     600     600     1000    700     800     300     
	20594  1915 2000    900     2000    900     1300    1300    1800    700     900     600     700     1300    1300    600     700     1800    1400    600     200     
	20594  1916 2800    1200    2800    700     1200    2800    1200    600     300     1200    800     600     800     1500    1300    1000    600     900     400     
	20594  1917 2000    2000    1100    2000    1000    1000    1400    1200    1900    600     700     900     1000    900     400     1100    300     400     1500    
	20594  1918 1500    1300    1500    1300    1100    1200    700     800     700     1100    700     900     800     700     900     200     600     700     400     
	20594  1919 1900    1000    1900    1000    1800    1400    1800    600     1000    900     900     1800    800     600     1400    1800    900     400     600     
	20594  1920 2600    1100    1300    900     1100    1300    2600    700     900     1100    400     400     1300    400     800     900     1500    1300    1600    
	20594  1921 2900    1900    2000    1900    800     2000    2200    500     1400    700     600     800     900     2000    900     1700    900     2200    700     
	20594  1922 2000    1600    2000    1100    1600    1200    1600    400     1100    1600    800     1200    1200    500     900     500     1600    800     500     
	20594  1923 2000    1400    1900    600     2000    1900    700     600     600     1400    1200    300     700     1400    1400    700     100     500     600     
	20594  1924 1700    1700    1300    700     1700    1300    1000    700     700     1700    800     300     1200    1100    600     400     1000    700     1000    
	20594  1925 2100    800     2100    700     1000    2000    1400    700     400     800     1000    600     2000    1000    900     400     1100    800     700     
	20594  1926 2700    2100    1500    900     2700    1200    900     900     900     2100    1000    1000    500     1200    1000    800     700     700     900     
	20594  1927 1400    1400    1000    1000    1400    600     1200    400     1000    1400    900     600     400     500     600     400     1200    600     900     
	20594  1928 1900    1900    1100    1300    1300    1100    1000    200     1300    1300    600     700     600     1100    700     1000    300     800     900     
	20594  1929 2600    2600    2400    2300    2300    2000    800     1200    2200    2100    900     2300    500     2000    800     700     700     700     400     
	20594  1930 2100    2100    1500    1200    1400    1000    900     800     1200    1200    1200    500     1000    500     1000    500     900     300     600     
	20594  1931 1500    1000    1500    500     1200    1500    1200    400     500     1000    600     700     1100    500     900     600     1200    1100    700     
	20594  1932 2000    2000    1900    2000    1600    1900    900     1300    1300    1600    400     400     1900    900     800     700     300     900     2600    
	20594  1933 3300    2200    1800    2200    1800    1100    1100    1600    1000    1200    1800    700     1000    700     1100    1100    700     700     2600    
	20594  1934 2400    2400    2000    2400    1600    1500    1600    900     2400    1100    600     1500    1300    1200    800     600     300     1600    500     
	20594  1935 1800    1600    1800    700     1800    1500    700     700     300     1600    500     1300    400     1200    1100    700     400     300     600     
	20594  1936 2600    2600    1500    1000    2600    1100    1100    600     1000    2600    1200    1000    700     500     1100    500     900     1100    900     
	20594  1937 1900    800     1900    600     1200    1500    900     600     300     400     800     1100    800     600     900     500     800     900     400     
	20594  1938 2400    2400    1800    1300    2400    1800    900     400     1300    2400    1200    1600    1800    800     900     500     700     900     1200    
	20594  1939 2400    1300    2400    1300    1400    1000    900     600     700     400     600     1400    1000    500     800     900     400     300     1700    
	20594  1940 2100    1100    2100    700     2100    1300    700     600     500     900     500     2100    1100    400     900     700     700     400     600     
	20594  1941 2900    1300    2900    1200    1600    2900    2400    1100    300     1300    1000    1600    1500    1400    400     1600    800     700     800     
	20594  1942 3000    2400    3000    2400    3000    1200    900     2200    1200    1200    2100    900     1200    500     700     900     500     800     600     
	20594  1943 3700    3700    1900    1300    2400    1900    2000    600     1300    2400    1000    1300    900     1900    600     700     1800    500     800     
	20594  1944 2700    2700    2000    1800    1300    2000    600     600     1800    1000    1000    700     800     700     1800    400     600     300     800     
	20594  1945 2000    1300    1200    1300    1100    1200    2000    1300    300     1100    800     1100    900     1200    500     1000    1900    1200    500     
	20594  1946 1900    1500    1400    1500    1400    1000    1900    1500    500     1400    1100    1200    600     1000    500     600     1900    500     1300    
	20594  1947 1900    1800    1900    1800    1400    1900    1300    1700    1200    400     1100    1400    1000    1600    1900    700     1300    500     1000    
	20594  1948 3100    3100    1500    1600    1500    1500    1500    300     1600    1500    800     1400    900     1400    900     700     1300    900     1000    
	20594  1949 3100    1500    3100    1500    1300    3100    1400    700     800     1200    800     700     1700    1400    1300    600     800     600     500     
	20594  1950 1700    1400    1700    1400    1300    1300    1000    1400    400     800     400     1300    1300    400     600     300     1000    300     1300    
	20594  1951 2400    1500    1500    700     1100    1100    2400    400     500     1000    1100    600     1100    900     300     700     2000    300     1300    
	20594  1952 1500    1100    1500    1100    1500    1100    600     600     1100    700     1300    1500    800     800     1100    600     600     400     700     
	20594  1953 3400    3400    1400    1100    2700    1400    2500    1100    700     2700    1100    1000    600     400     1400    700     2200    1100    900     
	20594  1954 2600    2000    2600    1700    2600    800     600     1100    600     2000    2600    1300    700     600     700     300     500     600     600     
	20594  1955 1900    1600    1900    1200    1900    1400    800     900     1200    800     1900    700     800     1300    1100    800     700     600     500     
	20594  1956 1500    1000    1500    1000    1300    800     1500    500     1000    1000    800     800     800     400     400     1500    800     900     1000    
	20594  1957 1400    1100    1300    1100    900     1300    1300    1100    400     500     900     800     1300    200     600     300     1300    1100    600     
	20594  1958 2700    1300    1100    800     1300    1100    2300    500     300     1300    500     500     1100    800     600     700     800     2300    400     
	20594  1959 2200    2100    2200    2100    1700    1500    2000    500     2000    300     800     1700    1200    1300    1500    2000    1100    800     600     
	20594  1960 1500    900     1500    400     1500    1500    900     200     400     900     1100    1100    1500    500     300     900     300     400     400     
	