EUROPEAN CLIMATE ASSESSMENT & DATASET (ECA&D), file created on: 17-05-2026
THESE DATA CAN BE USED FOR NON-COMMERCIAL RESEARCH AND EDUCATION PROVIDED THAT THE FOLLOWING SOURCE IS ACKNOWLEDGED: 

Klein Tank, A.M.G. and Coauthors, 2002. Daily dataset of 20th-century surface
air temperature and precipitation series for the European Climate Assessment.
Int. J. of Climatol., 22, 1441-1453.
Data and metadata available at http://www.ecad.eu

FILE FORMAT (MISSING VALUE CODE = -999999):

THIS FILE HOLDS DATA FOR STATION NETHERLANDS                              HORST                                    (STAID:  20541)
LATITUDE: dd:mm:ss +51:27:33
LONGITUDE: ddd:mm:ss +006:36:39
ELEVATION: m   24

DATA IS FOR INDEX Maximum no of consecutive dry days (RR < 1 mm) (CDD) with unit 0.01 No of days

01-06 SOUID: Source identifier
08-11 YEAR : YYYY
13-20 ANNUAL DATA VALUES
21-28 WINTER HALF YEAR DATA VALUES
29-36 SUMMER HALF YEAR DATA VALUES
37-44 WINTER (DJF) DATA VALUES
45-52 SPRING (MAM) DATA VALUES
53-60 SUMMER (JJA) DATA VALUES
61-68 AUTUMN (SON) DATA VALUES
69-76 JANUARY DATA VALUES
etc. 
157-164 DECEMBER DATA VALUES

20541  1876 -999999 -999999 -999999 -999999 -999999 -999999 -999999 -999999 -999999 -999999 -999999 -999999 -999999 -999999 -999999 -999999 -999999 -999999 -999999 
	20541  1877 -999999 -999999 -999999 -999999 5700    -999999 -999999 3000    2600    3000    2600    3000    2900    400     -999999 -999999 -999999 -999999 -999999 
	20541  1878 -999999 -999999 -999999 -999999 -999999 -999999 -999999 -999999 -999999 -999999 -999999 -999999 -999999 -999999 -999999 -999999 -999999 -999999 -999999 
	20541  1879 -999999 -999999 -999999 -999999 -999999 -999999 -999999 -999999 -999999 -999999 -999999 -999999 -999999 -999999 -999999 -999999 -999999 -999999 -999999 
	20541  1880 -999999 -999999 -999999 -999999 -999999 -999999 -999999 -999999 -999999 -999999 -999999 -999999 -999999 -999999 -999999 -999999 -999999 -999999 -999999 
	20541  1881 -999999 -999999 -999999 -999999 -999999 -999999 -999999 -999999 -999999 -999999 -999999 -999999 -999999 -999999 -999999 -999999 -999999 -999999 -999999 
	20541  1882 -999999 -999999 -999999 -999999 -999999 -999999 -999999 -999999 -999999 -999999 -999999 -999999 -999999 -999999 -999999 -999999 -999999 -999999 -999999 
	20541  1883 -999999 -999999 -999999 -999999 -999999 -999999 -999999 -999999 -999999 -999999 -999999 -999999 -999999 -999999 -999999 -999999 -999999 -999999 -999999 
	20541  1884 -999999 -999999 -999999 -999999 -999999 -999999 -999999 -999999 -999999 -999999 -999999 -999999 -999999 -999999 -999999 -999999 1000    900     700     
	20541  1885 -999999 1400    1900    1400    1600    1900    900     1400    1100    1100    1300    300     900     1800    1100    400     500     900     -999999 
	20541  1886 -999999 -999999 -999999 -999999 -999999 -999999 1200    -999999 -999999 -999999 -999999 -999999 -999999 1100    600     1200    900     300     300     
	20541  1887 -999999 -999999 2800    -999999 -999999 2800    -999999 1700    -999999 -999999 2600    500     2200    1200    1500    800     400     -999999 -999999 
	20541  1888 -999999 -999999 -999999 -999999 1200    -999999 -999999 1000    2100    1200    600     1200    1100    -999999 -999999 -999999 -999999 -999999 -999999 
	20541  1889 -999999 -999999 -999999 -999999 -999999 -999999 1400    -999999 -999999 -999999 -999999 -999999 -999999 500     800     1100    700     1400    -999999 
	20541  1890 -999999 -999999 -999999 -999999 1700    -999999 -999999 -999999 2700    1400    900     900     -999999 -999999 -999999 -999999 -999999 -999999 -999999 
	20541  1891 -999999 -999999 2300    -999999 900     1200    -999999 -999999 -999999 900     800     600     1200    800     700     2300    1700    -999999 -999999 
	20541  1892 2300    -999999 2000    -999999 2300    1100    1500    2100    1100    1200    2000    1100    1100    1000    900     600     700     1500    1700    
	20541  1893 4700    4100    3400    4100    3400    1800    900     3000    1100    1200    1800    1600    1800    700     1400    700     900     900     1200    
	20541  1894 3600    2400    1400    1900    3600    1400    1000    1700    1300    2400    1200    700     500     900     400     1000    600     900     1400    
	20541  1895 -999999 3500    -999999 3500    1200    -999999 -999999 1000    2800    800     900     1200    -999999 -999999 -999999 -999999 600     600     1600    
	20541  1896 3000    1600    2100    1600    2100    2000    1500    1400    1400    600     900     1700    600     1300    600     800     300     1500    1600    
	20541  1897 4500    3600    1500    3000    900     900     4500    2000    2800    900     800     700     800     700     500     700     1800    2700    1800    
	20541  1898 2300    1600    1200    1600    1300    1100    1300    1300    1600    1300    900     800     1100    1100    1000    1100    1000    1200    900     
	20541  1899 2300    1800    2300    1500    1800    2000    1200    1100    1200    1800    500     700     2000    1600    1100    400     1200    800     2100    
	20541  1900 1700    1700    1300    700     1500    700     700     400     700     1500    1300    1200    700     600     700     700     600     700     500     
	20541  1901 2900    2900    1900    2900    1900    1100    1600    2900    1300    600     1000    1900    900     1100    1000    1300    800     800     800     
	20541  1902 1800    1800    1300    1800    700     1300    1000    1300    1800    700     600     500     1300    700     200     1000    400     1000    1300    
	20541  1903 3300    3300    1600    3300    1400    1600    1000    2600    1100    1100    200     1400    1100    500     600     700     400     800     2200    
	20541  1904 2800    1400    2200    1400    1700    2200    1300    1100    700     1000    1500    1700    800     2200    1000    1300    800     1100    1300    
	20541  1905 1800    1800    1100    1800    1100    800     800     1800    600     600     800     1100    600     500     800     800     600     700     800     
	20541  1906 1800    700     1700    700     1800    1100    1200    600     600     500     1700    700     1100    700     600     1100    1000    600     1100    
	20541  1907 1400    1100    1100    1100    1400    1100    1200    800     1000    900     600     500     500     1100    500     800     400     1100    800     
	20541  1908 1800    1700    1800    1700    800     1800    1300    1700    600     800     500     700     1200    700     500     1100    900     800     1300    
	20541  1909 -999999 1300    -999999 1300    3200    -999999 -999999 1000    1300    300     2800    3100    1600    -999999 -999999 -999999 -999999 -999999 -999999 
	20541  1910 -999999 -999999 -999999 -999999 -999999 -999999 -999999 -999999 -999999 -999999 -999999 -999999 -999999 -999999 -999999 -999999 -999999 -999999 -999999 
	20541  1911 -999999 -999999 -999999 -999999 -999999 -999999 -999999 -999999 -999999 -999999 -999999 -999999 -999999 -999999 -999999 -999999 -999999 -999999 -999999 
	20541  1912 -999999 -999999 -999999 -999999 -999999 -999999 -999999 -999999 -999999 -999999 -999999 -999999 -999999 -999999 -999999 -999999 -999999 -999999 -999999 
	20541  1913 -999999 -999999 -999999 -999999 -999999 -999999 -999999 -999999 -999999 -999999 -999999 -999999 -999999 -999999 -999999 -999999 -999999 -999999 -999999 
	20541  1914 -999999 -999999 -999999 -999999 -999999 -999999 -999999 -999999 -999999 -999999 -999999 -999999 -999999 -999999 -999999 -999999 -999999 -999999 -999999 
	20541  1915 -999999 -999999 -999999 -999999 -999999 -999999 -999999 -999999 -999999 -999999 -999999 -999999 -999999 -999999 -999999 -999999 -999999 -999999 -999999 
	20541  1916 -999999 -999999 -999999 -999999 -999999 -999999 -999999 -999999 -999999 -999999 -999999 -999999 -999999 -999999 -999999 -999999 -999999 -999999 -999999 
	20541  1917 -999999 -999999 -999999 -999999 -999999 -999999 -999999 -999999 -999999 -999999 -999999 -999999 -999999 -999999 -999999 -999999 -999999 -999999 -999999 
	20541  1918 -999999 -999999 -999999 -999999 -999999 -999999 -999999 -999999 -999999 -999999 -999999 -999999 -999999 -999999 -999999 -999999 -999999 -999999 -999999 
	20541  1919 -999999 -999999 -999999 -999999 -999999 -999999 -999999 -999999 -999999 -999999 -999999 -999999 -999999 -999999 -999999 -999999 -999999 -999999 -999999 
	20541  1920 -999999 -999999 -999999 -999999 -999999 -999999 -999999 -999999 -999999 -999999 -999999 -999999 -999999 -999999 -999999 -999999 -999999 -999999 -999999 
	20541  1921 -999999 -999999 -999999 -999999 -999999 -999999 -999999 -999999 -999999 -999999 -999999 -999999 -999999 -999999 -999999 -999999 -999999 -999999 -999999 
	20541  1922 -999999 -999999 -999999 -999999 -999999 -999999 -999999 -999999 -999999 -999999 -999999 -999999 -999999 -999999 -999999 -999999 -999999 -999999 -999999 
	20541  1923 -999999 -999999 -999999 -999999 -999999 -999999 -999999 -999999 -999999 -999999 -999999 -999999 -999999 -999999 -999999 -999999 -999999 -999999 -999999 
	20541  1924 -999999 -999999 -999999 -999999 -999999 -999999 -999999 -999999 -999999 -999999 -999999 -999999 -999999 -999999 -999999 -999999 -999999 -999999 -999999 
	20541  1925 -999999 -999999 -999999 -999999 -999999 -999999 -999999 -999999 -999999 -999999 -999999 -999999 -999999 -999999 -999999 -999999 -999999 -999999 -999999 
	20541  1926 -999999 -999999 -999999 -999999 -999999 -999999 -999999 -999999 -999999 -999999 -999999 -999999 -999999 -999999 -999999 -999999 -999999 -999999 -999999 
	20541  1927 -999999 -999999 -999999 -999999 -999999 -999999 -999999 -999999 -999999 -999999 -999999 -999999 -999999 -999999 -999999 -999999 -999999 -999999 -999999 
	20541  1928 -999999 -999999 -999999 -999999 -999999 -999999 -999999 -999999 -999999 -999999 -999999 -999999 -999999 -999999 -999999 -999999 -999999 -999999 -999999 
	20541  1929 -999999 -999999 -999999 -999999 -999999 -999999 -999999 -999999 -999999 -999999 -999999 -999999 -999999 -999999 -999999 -999999 -999999 -999999 -999999 
	20541  1930 -999999 -999999 -999999 -999999 -999999 -999999 -999999 -999999 -999999 -999999 -999999 -999999 -999999 -999999 -999999 -999999 -999999 -999999 -999999 
	20541  1931 1400    -999999 1300    -999999 1100    1300    1400    800     700     900     500     700     1100    300     500     700     1200    1400    400     
	20541  1932 1900    1900    1700    1900    1900    1700    1000    1800    900     1900    500     600     1700    600     700     400     500     1000    1800    
	20541  1933 1800    1800    1800    1800    1800    1400    1100    1800    700     1300    1800    1000    900     800     1400    1100    700     600     1000    
	20541  1934 2400    2400    2200    2400    1700    2200    1000    600     2400    1100    700     1700    800     2100    1500    900     400     800     500     
	20541  1935 1800    1700    1800    700     1800    1500    1000    700     600     1700    500     1300    400     1500    1000    700     700     1000    800     
	20541  1936 2400    2400    1200    1100    2400    1200    2100    500     1100    2400    1200    800     800     300     1200    900     1200    1100    900     
	20541  1937 1900    900     1600    700     700     1100    1900    500     300     400     400     700     400     600     900     700     1900    1000    600     
	20541  1938 1400    1400    1300    1100    1400    1100    1300    400     1100    1400    600     1300    1100    800     600     1300    600     800     900     
	20541  1939 2300    1300    2300    1300    1300    1100    900     500     800     800     700     1300    1000    700     1100    900     300     500     900     
	20541  1940 1500    800     1500    800     1500    1200    1300    700     400     400     600     1500    1100    300     1000    900     1300    500     600     
	20541  1941 2300    1100    1600    1100    1600    900     2300    1100    400     1100    900     1600    900     800     400     1600    700     500     600     
	20541  1942 1800    1800    1300    1500    1200    1200    1300    1300    1500    1100    1200    800     1200    400     800     1300    700     800     800     
	20541  1943 1700    1700    1100    1200    1400    900     1400    600     1200    1400    700     1100    900     900     700     800     1400    600     800     
	20541  1944 1300    1100    1300    1100    1300    1300    700     400     1100    1100    900     600     800     700     1300    700     700     200     1300    
	20541  1945 -999999 -999999 -999999 -999999 -999999 -999999 -999999 -999999 -999999 -999999 -999999 -999999 -999999 -999999 -999999 -999999 -999999 -999999 -999999 
	20541  1946 -999999 -999999 -999999 -999999 -999999 -999999 -999999 -999999 -999999 -999999 -999999 -999999 -999999 -999999 -999999 -999999 -999999 -999999 -999999 
	20541  1947 1700    -999999 1700    -999999 1000    1700    900     500     600     300     1000    1000    600     1300    1700    500     800     600     300     
	20541  1948 1400    1300    1300    700     1300    1300    1400    300     700     1000    900     1300    1000    700     600     1100    700     900     1100    
	20541  1949 2300    1800    2300    1800    1500    2300    900     1200    800     1300    1100    500     1700    800     1100    700     800     500     700     
	20541  1950 1500    1400    1000    1300    1100    700     1100    1300    300     1100    400     1000    700     600     700     300     1100    600     1500    
	20541  1951 2200    1000    1000    1000    1000    1000    2200    800     300     900     1000    400     400     700     700     800     2000    300     700     
	20541  1952 1700    1700    1400    1700    1400    1000    700     500     1700    800     1200    1400    500     800     900     700     500     500     500     
	20541  1953 3100    1700    1100    800     1400    700     2300    600     700     1400    1100    900     400     500     700     700     1000    2300    900     
	20541  1954 1800    1800    1600    1600    1800    600     700     1000    600     1800    1100    1600    600     400     400     500     700     600     600     
	20541  1955 1200    1200    1200    800     1200    1200    800     700     800     800     1200    700     900     900     1200    800     700     400     500     
	20541  1956 2100    1700    1200    800     2100    400     1200    600     800     1700    1000    500     300     300     400     1200    900     1000    500     
	20541  1957 1500    700     1500    600     1500    900     1100    600     400     700     1200    800     600     800     700     300     1000    600     600     
	20541  1958 1400    1400    1400    800     1400    900     1300    600     300     1400    600     400     900     700     600     800     800     1300    400     
	20541  1959 3000    2700    3000    2700    1100    1800    2600    800     1900    500     900     1100    1800    1700    1000    2000    1800    1400    800     
	20541  1960 1500    1400    1500    500     1400    1500    800     400     500     1400    600     1100    1500    300     500     800     400     300     400     
	20541  1961 1600    1000    1600    1000    1000    700     1600    500     1000    1000    500     900     700     600     600     1600    900     900     1500    
	20541  1962 2400    1400    1400    1100    1400    1000    2400    500     1100    1400    1400    400     1000    500     700     400     2400    900     700     
	20541  1963 2000    1800    1300    1600    900     1100    1300    1000    1100    800     600     900     400     1100    500     600     1300    500     1500    
	20541  1964 2000    2000    1600    1100    1800    1200    1000    1100    500     1800    600     900     800     900     1200    700     700     900     500     
	20541  1965 1400    1300    1400    900     1300    1400    1400    300     900     1300    400     700     800     600     700     1400    1200    1400    300     
	20541  1966 1500    1100    1500    1100    1100    800     1500    1100    600     700     500     1100    600     300     800     1500    700     400     300     
	20541  1967 1200    900     1200    900     900     1200    1000    600     900     700     900     400     700     500     1200    900     600     900     400     
	20541  1968 2400    1000    2400    700     2400    900     1100    400     700     500     2400    600     600     800     700     700     1000    1100    1300    
	20541  1969 2600    1200    2600    600     1100    2600    2400    600     400     1100    900     400     1500    1500    1100    800     2100    400     800     
	20541  1970 1200    1300    1200    600     700     900     1200    600     400     700     500     600     800     400     800     1200    1200    700     1000    
	20541  1971 2100    1100    2100    1100    1200    2100    1500    1100    600     500     1200    800     500     2000    700     1200    1200    400     800     
	20541  1972 2300    2000    1900    1800    1500    1100    2300    600     1800    1500    600     500     600     1000    1100    800     1900    600     1800    
	20541  1973 3700    2300    2200    2300    1000    2200    1600    1900    600     1000    600     500     2200    1000    1300    1600    900     800     500     
	20541  1974 2400    1200    2200    1200    2400    1400    500     400     1200    800     2200    600     800     600     1400    500     300     500     400     
	20541  1975 2000    1200    2000    1200    1700    2000    1900    800     1200    300     500     1700    900     600     1400    700     1900    800     600     
	20541  1976 2500    1500    2500    1200    2500    2200    1000    400     1000    1500    2300    700     1700    900     2200    500     1000    900     300     
	20541  1977 1600    800     1600    500     1000    1600    1200    500     300     500     600     1000    800     1600    400     1000    1200    300     1100    
	20541  1978 1700    1100    1700    1100    1500    1100    1500    1100    900     300     1300    1500    500     900     1100    400     1500    900     700     
	20541  1979 2000    1100    1100    1100    600     700     2000    1100    700     200     600     500     600     700     500     1100    1400    700     300     
	20541  1980 3100    1600    3100    1400    3100    800     1100    1400    1400    700     800     2600    600     800     700     700     500     500     500     
	20541  1981 2300    700     2100    700     2300    1100    1000    600     700     600     1800    400     500     600     1100    1000    300     500     600     
	20541  1982 1600    1500    1600    1500    1600    1000    1400    1500    1300    900     1600    800     400     1000    400     1200    800     600     700     
	20541  1983 1800    1300    1800    1300    1300    1800    1700    500     1300    1300    800     300     1800    1000    1300    600     800     1400    700     
	20541  1984 1500    1500    1400    1100    1500    1300    900     400     1100    1500    1400    500     700     800     1300    500     600     900     800     
	20541  1985 2100    2000    800     2000    800     500     2100    700     2000    700     800     700     400     400     500     800     2000    500     400     
	20541  1986 2700    1400    1300    1400    1400    1100    2700    600     1400    1400    600     500     900     1000    1000    1300    1400    600     800     
	20541  1987 1700    1200    900     1100    1200    900     1700    600     500     1200    900     700     300     600     800     600     800     900     900     
	20541  1988 1500    1100    1500    1100    1300    1500    800     1100    600     300     800     1300    1500    400     700     600     800     700     800     
	20541  1989 2000    1300    2000    1300    1800    1300    1000    1000    800     700     400     1800    1100    1300    900     1000    700     1000    600     
	20541  1990 2200    900     1700    700     1600    1700    2200    700     600     900     900     1600    800     1700    800     600     2200    500     500     
	20541  1991 2500    2000    2500    2000    1600    1100    1400    1100    900     1400    900     1600    300     1100    1100    1400    1200    1000    1500    
	20541  1992 1800    1700    1800    1300    1800    1300    1200    600     1300    500     900     1800    1100    700     500     1200    400     300     900     
	20541  1993 1700    1600    1100    800     1600    1100    1600    400     800     1600    700     700     1100    600     1100    400     800     1600    200     
	20541  1994 1800    1100    1400    1100    1400    800     1800    500     1100    400     1400    500     800     800     800     500     1800    600     900     
	20541  1995 2600    1200    2600    500     2600    2300    1200    500     500     600     1100    1500    1300    1000    1800    1200    1100    700     800     
	20541  1996 3300    2600    1300    2600    2000    1300    1400    2500    700     2000    1200    900     1000    1300    800     900     1400    500     1200    
	20541  1997 2300    1500    2300    1500    1500    1700    2300    1500    400     1200    1500    900     600     800     1700    2300    1100    700     500     
	20541  1998 2700    2700    2200    2700    1700    2200    1000    900     2600    500     300     1700    200     800     2000    600     200     1000    400     
	20541  1999 1900    900     1900    500     1200    1200    1400    300     500     900     800     1000    1200    900     500     1400    1000    400     500     
	20541  2000 1800    700     1800    700     700     1800    600     700     300     500     600     700     500     500     1500    600     600     300     1100    
	20541  2001 1300    900     1300    900     1300    1200    800     900     400     300     300     1300    600     1100    700     100     700     800     1200    
	20541  2002 2300    1100    1400    1100    2300    900     1000    1000    600     900     1400    900     500     600     900     1000    500     600     1200    
	20541  2003 2200    2000    2200    2000    2200    1800    1200    600     2000    2000    2200    500     700     1100    1700    1100    1100    1200    1000    
	20541  2004 1400    900     1400    900     1000    1400    900     400     500     900     500     700     500     500     900     900     800     500     1400    
	20541  2005 1700    1100    1300    900     1100    1200    1700    500     700     1100    500     800     1200    1100    600     800     1700    700     800     
	20541  2006 2100    1200    2100    1000    1200    2100    1300    1000    600     1200    700     1100    1300    2100    500     1300    800     700     1100    
	20541  2007 3700    1100    3500    1100    3700    900     1500    600     700     800     3000    500     900     500     800     600     1500    1000    2000    
	20541  2008 1800    1800    1600    1800    1600    900     1000    500     1800    800     800     1400    900     400     800     1000    600     600     1000    
	20541  2009 1500    1200    1500    1200    1000    1000    1500    800     400     1000    900     800     1000    400     700     1500    700     600     900     
	20541  2010 2200    800     2200    800     1600    2200    1300    600     800     800     1600    800     2000    400     400     600     1300    800     500     
	20541  2011 2300    1200    1600    800     1600    700     2300    600     800     1200    1400    1500    300     700     400     1300    600     2300    300     
	20541  2012 2600    2300    900     2000    2600    900     1100    800     1200    2300    300     700     400     900     700     900     1100    1100    300     
	20541  2013 2300    1000    2300    700     1000    2300    2100    600     700     800     900     600     700     2300    600     1300    800     1100    700     
	20541  2014 1800    1800    1700    1300    1700    1000    1700    1300    500     1700    800     700     800     1000    200     1700    500     700     600     
	20541  2015 1800    1000    1300    1000    1300    1100    1800    800     1000    1000    1300    600     700     700     500     700     1500    400     500     
	20541  2016 1900    1900    1400    700     1900    1400    1300    700     600     1900    1000    1100    400     1400    1000    1300    700     900     1000    
	20541  2017 1400    1400    1400    1400    1400    1000    1000    1400    500     1300    1400    800     600     400     1000    500     1000    300     300     
	20541  2018 2500    1500    2500    1400    1200    2500    2200    1000    1400    600     700     1200    1600    1900    600     800     2200    1100    600     
	20541  2019 2000    1900    2000    1800    2000    1500    600     800     1800    700     2000    600     1000    700     700     500     500     600     600     
	20541  2020 2800    800     2700    700     2800    800     1700    700     400     800     2700    1200    700     500     800     1700    700     1000    600     
	20541  2021 1400    1000    1400    600     1300    1400    1100    600     600     1000    1100    400     1400    1100    500     1100    600     700     1000    
	20541  2022 1900    1500    1900    1000    1200    1900    1100    1000    300     1200    1000    600     1000    1900    1400    600     1100    800     900     
	20541  2023 1600    1200    1600    1200    1000    1200    900     1200    1200    500     700     1000    1200    300     500     900     700     300     500     
	20541  2024 1200    800     1200    800     800     500     1200    800     300     400     600     800     500     400     400     1200    600     1000    700     
	20541  2025 2900    2200    2900    1200    2900    1600    1200    1200    1100    2100    1100    2300    1000    600     1600    1000    700     800     2300    
	20541  2026 -999999 1100    -999999 1000    -999999 -999999 -999999 1000    600     1000    1200    -999999 -999999 -999999 -999999 -999999 -999999 -999999 -999999 
	