EUROPEAN CLIMATE ASSESSMENT & DATASET (ECA&D), file created on: 17-05-2026
THESE DATA CAN BE USED FOR NON-COMMERCIAL RESEARCH AND EDUCATION PROVIDED THAT THE FOLLOWING SOURCE IS ACKNOWLEDGED: 

Klein Tank, A.M.G. and Coauthors, 2002. Daily dataset of 20th-century surface
air temperature and precipitation series for the European Climate Assessment.
Int. J. of Climatol., 22, 1441-1453.
Data and metadata available at http://www.ecad.eu

FILE FORMAT (MISSING VALUE CODE = -999999):

THIS FILE HOLDS DATA FOR STATION NETHERLANDS                              GROSTHUIZEN                              (STAID:  20525)
LATITUDE: dd:mm:ss +52:36:52
LONGITUDE: ddd:mm:ss +004:58:32
ELEVATION: m   -3

DATA IS FOR INDEX Maximum no of consecutive dry days (RR < 1 mm) (CDD) with unit 0.01 No of days

01-06 SOUID: Source identifier
08-11 YEAR : YYYY
13-20 ANNUAL DATA VALUES
21-28 WINTER HALF YEAR DATA VALUES
29-36 SUMMER HALF YEAR DATA VALUES
37-44 WINTER (DJF) DATA VALUES
45-52 SPRING (MAM) DATA VALUES
53-60 SUMMER (JJA) DATA VALUES
61-68 AUTUMN (SON) DATA VALUES
69-76 JANUARY DATA VALUES
etc. 
157-164 DECEMBER DATA VALUES

20525  1883 -999999 -999999 -999999 -999999 -999999 1400    1100    -999999 -999999 -999999 -999999 1100    1200    600     1400    1100    700     400     900     
	20525  1884 2700    1000    2700    1000    1300    2700    1300    700     700     900     700     1200    700     500     2400    1300    600     1300    1100    
	20525  1885 2900    1000    2500    1000    2900    2200    1000    1000    400     900     2500    400     1200    1200    1200    500     400     1000    1700    
	20525  1886 2500    2500    2200    2400    1200    1800    1100    400     2400    1200    600     700     800     700     1800    1000    800     700     200     
	20525  1887 2500    1600    2500    1600    1200    2500    600     1000    1600    1000    1200    500     2200    1400    900     300     300     600     300     
	20525  1888 2000    1800    1700    1800    1400    700     1700    1700    500     200     300     1400    700     200     600     1700    1100    800     600     
	20525  1889 2600    1200    2600    1200    700     2600    900     1100    600     600     700     400     2000    600     600     900     500     900     1200    
	20525  1890 2600    1700    2600    1700    2600    1700    2100    400     1600    700     900     2500    500     800     900     2100    800     300     1800    
	20525  1891 3000    3000    900     2500    1300    700     800     700     2500    1300    900     400     700     300     200     800     300     800     900     
	20525  1892 1800    900     1500    900     1800    1200    400     700     900     700     1500    800     400     1200    1100    400     100     400     1000    
	20525  1893 7000    2400    4600    500     7000    1600    600     500     400     2400    3000    1600    1600    1000    600     400     600     200     500     
	20525  1894 3400    2000    1400    1000    3400    600     1000    1000    1000    2000    1400    1200    500     300     300     700     800     1000    500     
	20525  1895 1900    1000    1800    1000    1800    900     1900    700     1000    800     1800    1300    900     800     700     1700    500     1100    700     
	20525  1896 1800    1100    1800    1100    1800    1100    1500    600     1100    700     1400    1200    600     1100    500     300     200     1500    1000    
	20525  1897 2900    900     1700    800     1000    1700    2900    800     800     500     1000    1000    800     1600    400     800     1600    1300    700     
	20525  1898 2000    1600    2000    1300    1600    2000    1400    1300    600     1600    1000    500     2000    900     1300    1100    1100    400     800     
	20525  1899 2800    1700    2800    1500    1100    1700    1900    800     1500    800     300     1100    1700    900     1100    300     600     1900    900     
	20525  1900 2800    1300    2800    900     2800    1000    1500    700     700     1300    2300    1300    600     1000    500     1500    600     700     400     
	20525  1901 1600    1500    1600    1500    1400    1600    1400    1500    800     700     1000    1400    800     1100    1400    1000    1400    600     500     
	20525  1902 1800    1000    1800    800     800     1800    1600    700     600     700     700     800     1800    900     400     900     800     1600    1200    
	20525  1903 1400    1300    1400    1300    1000    1400    900     1000    1300    900     300     1000    1000    400     600     900     400     600     2200    
	20525  1904 2800    1200    1700    1200    800     1700    1600    1100    800     700     800     600     900     1700    500     1600    800     1000    1100    
	20525  1905 1400    1200    1100    1200    1100    1000    900     1200    800     600     1100    1100    1000    800     700     900     500     600     1400    
	20525  1906 2000    800     1700    800     2000    1300    1200    400     400     800     1700    500     1300    1100    500     1200    600     600     700     
	20525  1907 2400    1400    2400    1400    1300    1800    2400    1400    900     800     1000    600     400     1800    400     2400    600     1100    800     
	20525  1908 2300    1500    1800    1300    1500    1800    2300    800     1100    1500    1200    500     1200    1500    500     900     2100    800     1300    
	20525  1909 1900    1800    1300    1300    1000    1300    1100    1300    1200    600     800     1000    500     700     1300    500     500     900     600     
	20525  1910 2600    1300    1400    1000    2600    1400    1200    1000    400     1300    1300    900     1000    1400    900     800     1200    500     300     
	20525  1911 2400    2100    2400    2100    2300    2400    1200    1200    1500    900     2300    1500    700     2400    1700    1200    600     400     500     
	20525  1912 2100    800     2100    800     1600    2100    1300    800     700     500     1600    600     300     2000    200     1300    1300    400     400     
	20525  1913 2800    2300    2800    2300    1000    2000    1000    1500    2300    700     600     1000    800     900     2000    900     800     400     600     
	20525  1914 2300    1600    2300    1600    2300    1900    1200    1600    1200    200     1700    900     900     1200    1900    1000    1000    400     400     
	20525  1915 1500    1000    1200    700     1000    1200    1500    700     300     1000    700     1000    1200    600     700     1100    1500    600     400     
	20525  1916 2600    1200    2600    1200    1300    2600    1100    1100    400     1200    1000    900     500     1300    1300    1100    700     900     400     
	20525  1917 2800    2800    1500    2800    1500    1500    1500    1800    1700    1000    700     1200    1500    800     800     1200    400     1000    700     
	20525  1918 1500    1500    1300    1500    1400    1300    1000    1000    700     1400    400     900     600     700     900     200     900     900     600     
	20525  1919 2200    1900    2200    1900    2200    1900    1800    700     1500    900     900     2200    700     800     1500    1800    900     500     600     
	20525  1920 2800    1200    1300    1200    1100    1300    2800    600     1200    1100    300     700     1300    500     800     800     1600    1400    800     
	20525  1921 2900    1700    1800    1700    1800    1700    2200    500     1300    800     1200    1800    900     1300    500     1700    900     2200    700     
	20525  1922 1500    1100    1500    1100    1100    900     1400    1000    1100    1100    600     1100    900     600     400     400     1400    700     800     
	20525  1923 2400    1100    2400    700     1900    2400    1000    600     700     1100    1100    700     1000    1400    1100    1000    200     900     400     
	20525  1924 1700    1700    1200    800     1700    1200    1500    800     700     1700    800     500     1000    1100    600     400     900     1500    1000    
	20525  1925 1400    1000    1400    900     1200    1100    1300    900     600     600     1100    1200    1100    1000    700     300     700     1300    500     
	20525  1926 2700    2100    1600    700     2700    1600    800     700     700     2100    800     900     1400    700     600     800     600     600     800     
	20525  1927 1800    1400    1600    1400    1600    700     1000    400     1400    1100    900     1100    500     700     700     800     1000    600     1200    
	20525  1928 2400    2300    2400    1500    2400    1900    1500    300     1500    2300    1000    1400    600     1900    400     1200    1500    400     700     
	20525  1929 2300    2300    2000    2300    1800    2000    800     1100    2200    1600    1000    1800    600     2000    900     800     500     500     900     
	20525  1930 2100    2100    2000    1200    1600    1000    1300    800     1200    1200    900     800     1000    500     800     1200    1300    300     800     
	20525  1931 1500    1200    1000    600     1500    1000    1200    400     600     1200    500     800     600     400     800     600     1200    1100    1200    
	20525  1932 4700    4700    2100    2100    2600    2100    900     900     2100    2600    700     700     1400    500     2100    600     400     900     1900    
	20525  1933 3300    2000    1200    2000    1300    1100    1200    2000    700     1200    900     1000    800     700     1000    1200    600     800     2600    
	20525  1934 2400    2400    1800    2400    1400    1500    800     700     2400    900     800     1400    1400    1200    700     700     800     800     600     
	20525  1935 1800    1600    1800    500     1800    1200    700     500     400     1600    600     1200    400     900     1100    700     600     500     600     
	20525  1936 1900    1900    1500    1100    1900    1200    1200    300     1100    1900    900     1000    800     500     1200    400     900     900     900     
	20525  1937 1800    600     1800    600     1300    1800    800     600     300     400     600     1300    700     700     1200    500     800     700     400     
	20525  1938 2400    2400    2200    1300    2300    2200    1300    400     1300    2300    900     1400    2200    800     600     700     1200    700     1000    
	20525  1939 2400    1200    2400    1200    1400    2100    800     400     800     400     700     1400    1000    600     2100    500     400     300     1500    
	20525  1940 2700    1100    2700    1100    2700    1100    900     800     1000    800     700     2500    1100    400     700     900     800     500     600     
	20525  1941 2400    1600    2400    1600    2400    1300    1500    1000    600     1100    1000    1400    1300    900     400     1500    700     700     400     
	20525  1942 3100    2100    3100    1700    3100    1100    1100    1700    1600    1200    2100    1000    1100    400     700     1100    300     600     500     
	20525  1943 3200    3200    1900    1300    1900    1900    1800    400     1300    1900    1100    1300    1000    1900    600     700     1600    600     1500    
	20525  1944 2000    2000    2000    2000    1200    2000    800     600     2000    1100    900     900     800     1000    1800    600     800     200     1100    
	20525  1945 2000    2000    1400    600     2000    1400    1400    600     400     2000    800     1400    700     1400    400     1300    1000    1400    600     
	20525  1946 1600    1500    1600    1500    1300    1600    1400    1500    400     1200    1300    800     800     1400    600     600     1400    700     1300    
	20525  1947 3100    1200    3100    1200    1200    2500    900     1200    1000    400     1100    1200    900     1300    2500    900     700     500     1000    
	20525  1948 3000    3000    1400    1500    1500    1400    1400    300     1500    1500    800     1100    600     1400    900     800     1100    1400    1100    
	20525  1949 2000    1300    1700    1000    1400    1700    2000    1000    600     1300    900     900     1700    1200    1000    1200    800     600     600     
	20525  1950 1600    1400    1600    1400    900     1300    900     1400    400     500     500     900     1300    400     500     500     900     400     1600    
	20525  1951 2400    1600    1600    800     1100    1100    2400    400     600     1000    1100    600     1100    1000    400     700     2000    300     1200    
	20525  1952 1900    1000    1900    1000    1900    1100    1000    400     1000    1000    1200    1900    800     800     1100    1000    800     200     600     
	20525  1953 2200    1600    1600    1100    1600    1100    2200    700     1100    1600    1200    1400    700     500     1100    600     1900    1000    800     
	20525  1954 1800    1800    1700    1800    1700    700     500     1100    700     1600    1600    1400    500     400     700     400     400     500     600     
	20525  1955 1700    1700    1400    1100    1200    1400    800     900     1100    700     1200    800     800     1300    1200    800     700     800     500     
	20525  1956 2400    1200    2400    800     2400    1100    1300    500     800     1200    1600    800     1100    400     400     1300    800     900     1000    
	20525  1957 1400    1300    1100    1300    1400    1100    1100    1300    300     600     1000    800     1100    400     700     500     700     1100    700     
	20525  1958 1800    1300    1100    600     1300    1000    1800    500     200     1300    500     400     1000    800     600     900     900     1800    500     
	20525  1959 2600    2100    2200    2100    1500    1700    2600    700     2000    400     800     1500    1700    1400    1600    2000    1700    700     500     
	20525  1960 1600    1100    1600    500     1600    900     900     500     400     1100    1100    1100    900     400     500     900     200     400     400     
	20525  1961 1900    1900    1300    1100    1900    700     1300    600     1100    1900    500     1000    700     700     700     1300    700     1000    700     
	20525  1962 2200    1400    2000    1300    1400    1700    2200    400     1300    500     900     500     1700    500     400     300     2200    900     700     
	20525  1963 2400    2400    1800    1600    900     800     1800    1100    1600    800     600     900     600     600     200     1800    900     500     1700    
	20525  1964 2400    2400    1200    1400    1800    1200    1000    1400    600     1800    800     800     800     900     400     700     600     900     500     
	20525  1965 1500    1500    1200    900     1300    1200    1400    700     600     1300    400     600     700     300     1200    900     1400    600     200     
	20525  1966 1600    1100    1600    1100    1100    1000    1500    1100    500     600     300     1100    1000    300     800     1500    700     300     300     
	20525  1967 1100    1000    1100    1000    800     1100    1000    1000    600     700     800     400     900     900     1100    600     400     1000    400     
	20525  1968 2200    1200    1700    900     1700    800     1000    400     900     800     1700    600     800     800     700     700     1000    1000    1500    
	20525  1969 2800    1300    2800    900     1300    1200    2500    900     700     1300    900     700     1100    1200    900     2500    1800    300     600     
	20525  1970 2800    1400    2800    600     1600    2300    1400    600     600     800     300     1600    2300    500     1300    1400    1300    700     1400    
	20525  1971 2300    1200    2300    1200    2200    2200    2200    1100    900     700     1500    800     700     2100    400     2200    1100    400     1700    
	20525  1972 3100    1700    1900    1700    1500    1100    3400    1000    800     1500    1100    400     400     1000    1100    1300    1800    3000    3100    
	20525  1973 8400    2500    2300    2400    2500    2300    1300    1900    600     2500    600     700     2300    400     2100    1300    900     700     500     
	20525  1974 3300    1100    2200    1000    3300    1000    500     500     1000    1100    2200    700     800     500     1000    500     400     400     500     
	20525  1975 2100    1100    2100    1000    900     2100    1700    700     1000    500     900     600     1000    900     1400    500     1700    500     600     
	20525  1976 2600    1500    2600    1500    2500    2600    1000    500     1500    1100    2300    800     1000    1200    2600    500     1000    400     300     
	20525  1977 1600    800     1600    500     1500    1500    1300    300     300     600     400     1500    800     1500    400     1300    1100    400     600     
	20525  1978 1800    700     1800    700     1500    1500    900     500     700     500     1500    1500    700     1200    1500    500     500     900     800     
	20525  1979 1200    700     1000    700     500     1000    1200    700     700     400     500     500     800     700     1000    1000    1200    300     400     
	20525  1980 2200    1600    2200    1400    2200    900     700     1400    1400    1100    1100    2200    900     900     600     700     500     500     400     
	20525  1981 2700    1100    2100    1100    2700    1100    1000    600     1100    600     2100    400     900     700     1100    1000    200     600     1400    
	20525  1982 3700    1500    3700    1500    1100    3700    1400    1500    1400    1100    1100    1100    1000    3100    300     1300    800     600     600     
	20525  1983 1800    1600    1800    1600    800     1800    1600    400     1600    800     600     300     1300    1700    1100    900     1000    1300    700     
	20525  1984 3200    1300    3200    1100    3200    2700    1100    400     1100    1300    2400    800     800     1500    2700    300     800     900     500     
	20525  1985 2900    2900    1300    2900    900     1300    2200    600     2800    600     900     900     400     1300    500     900     2200    600     400     
	20525  1986 3500    3500    1500    3200    1400    1500    2100    400     2800    1400    1300    800     1500    1500    700     1500    1000    600     400     
	20525  1987 1600    1300    1600    1300    1200    1600    900     1200    1100    1200    800     800     700     1300    400     400     500     900     700     
	20525  1988 2000    900     2000    900     1300    2000    800     900     600     200     1100    1300    2000    500     900     600     800     700     500     
	20525  1989 1800    1000    1800    1000    1600    1800    1200    1000    600     600     500     1600    1800    1200    900     1000    400     1200    1100    
	20525  1990 2700    900     2700    900     1900    2700    1100    700     700     900     500     1900    900     2200    800     600     1100    500     700     
	20525  1991 2400    1800    2200    1800    1500    1300    1300    1100    700     1200    900     1500    400     800     900     1300    1200    800     1600    
	20525  1992 1800    1300    1800    1300    1800    1300    700     1200    700     500     1100    1800    1200    700     600     700     500     600     1200    
	20525  1993 1800    1800    1600    1800    1600    1500    1800    500     1500    1500    800     800     1200    400     500     400     1000    1400    300     
	20525  1994 1700    1400    1300    1400    1000    1300    1700    500     1400    800     900     500     800     1300    800     500     1700    800     300     
	20525  1995 2800    1700    2800    300     1500    2800    2100    200     300     500     900     600     1300    800     2400    300     2100    1100    1100    
	20525  1996 2900    2900    2100    2900    2100    1700    800     2100    800     1500    1900    600     1700    1300    1000    800     800     600     900     
	20525  1997 2000    1800    2000    1800    2000    1900    1600    1800    300     900     2000    1100    700     1000    1900    1600    900     500     600     
	20525  1998 1700    800     1700    800     1700    1600    1000    800     800     800     300     1700    200     600     1600    1000    500     700     300     
	20525  1999 1900    600     1900    600     1200    1500    1400    300     500     600     800     800     800     900     600     1400    1000    700     200     
	20525  2000 1300    1300    1100    1300    800     1100    500     1300    400     500     600     800     600     800     700     500     400     200     700     
	20525  2001 2000    1200    2000    1200    1300    2000    400     1200    900     600     400     1300    1300    700     600     200     400     200     1300    
	20525  2002 2400    1100    1300    1000    2400    1000    1000    1000    600     1100    1300    700     500     700     1000    1000    600     300     1300    
	20525  2003 3000    3000    2300    2300    2300    1900    1500    700     2300    2300    2300    600     1000    1200    1800    1100    1500    800     900     
	20525  2004 2200    900     2200    900     2200    1400    1100    400     700     900     900     2200    1300    500     900     1100    900     400     1500    
	20525  2005 1400    1000    1400    800     1000    900     1000    500     700     1000    500     400     900     900     500     900     1000    500     800     
	20525  2006 1500    1500    1500    1500    1500    1300    1500    1100    900     1300    700     1500    1300    900     400     1500    1000    400     1000    
	20525  2007 4500    1000    3500    1000    4500    1200    1300    400     600     1000    3000    600     700     400     1100    400     1300    1000    1800    
	20525  2008 1700    1500    1700    1500    1700    800     1000    500     1500    400     1700    1400    700     400     800     1000    900     700     1100    
	20525  2009 2300    1200    2300    1000    1300    900     2300    800     600     1200    1300    700     900     500     900     2300    500     200     600     
	20525  2010 1600    1200    1600    1200    1600    900     800     500     1200    900     1500    1600    900     600     400     600     800     800     600     
	20525  2011 3000    3000    2700    800     2900    800     2500    600     800     2900    1900    800     400     600     400     900     600     2500    400     
	20525  2012 3100    2400    1100    900     3100    1100    1000    500     900     2400    700     1000    600     700     800     1000    500     700     200     
	20525  2013 2100    1300    2100    900     2100    2100    1200    400     900     1300    1300    700     1100    2100    1200    1000    600     400     500     
	20525  2014 2400    1800    2400    500     1700    1600    2300    500     400     1700    500     600     1600    800     200     2300    700     600     600     
	20525  2015 1600    1600    1300    1600    1300    1100    1100    500     1600    1200    1300    800     1100    400     900     700     600     400     400     
	20525  2016 1300    1100    1300    500     1300    1200    1200    500     400     1100    600     1300    1200    800     900     1200    1100    900     900     
	20525  2017 1300    1300    1200    1300    1300    1200    900     1300    700     800     1100    900     1200    500     900     900     700     300     800     
	20525  2018 3900    1600    3900    1300    1500    3900    1700    900     1300    500     900     1500    1200    2700    900     600     1700    1500    800     
	20525  2019 1600    1200    1600    1200    1600    1600    600     600     1000    700     1000    1600    1100    1000    700     500     500     600     600     
	20525  2020 2600    1600    2600    700     2600    1000    1300    700     400     1600    2600    1000    600     800     1000    1300    900     800     300     
	20525  2021 3500    1700    3500    1000    1700    1200    2600    400     1000    700     1700    400     1200    1000    900     2600    400     400     800     
	20525  2022 2300    1500    2300    800     2300    1600    700     800     400     1500    1400    1800    1000    1300    1600    500     700     500     600     
	20525  2023 3800    1000    3800    1000    1900    1900    1500    1000    1000    300     700     1900    1900    600     1100    1500    700     200     500     
	20525  2024 1800    700     1800    700     700     1800    1200    700     500     500     500     700     900     500     1300    1000    700     1000    700     
	20525  2025 4400    3200    2700    1100    4300    1600    1300    1100    900     3100    1200    2100    800     700     1600    1000    1300    700     1100    
	20525  2026 -999999 900     -999999 500     -999999 -999999 -999999 500     500     900     1000    -999999 -999999 -999999 -999999 -999999 -999999 -999999 -999999 
	