EUROPEAN CLIMATE ASSESSMENT & DATASET (ECA&D), file created on: 17-05-2026
THESE DATA CAN BE USED FOR NON-COMMERCIAL RESEARCH AND EDUCATION PROVIDED THAT THE FOLLOWING SOURCE IS ACKNOWLEDGED: 

Klein Tank, A.M.G. and Coauthors, 2002. Daily dataset of 20th-century surface
air temperature and precipitation series for the European Climate Assessment.
Int. J. of Climatol., 22, 1441-1453.
Data and metadata available at http://www.ecad.eu

FILE FORMAT (MISSING VALUE CODE = -999999):

THIS FILE HOLDS DATA FOR STATION NETHERLANDS                              HOLLUM                                   (STAID:   2440)
LATITUDE: dd:mm:ss +53:25:59
LONGITUDE: ddd:mm:ss +005:37:59
ELEVATION: m    1

DATA IS FOR INDEX Maximum no of consecutive dry days (RR < 1 mm) (CDD) with unit 0.01 No of days

01-06 SOUID: Source identifier
08-11 YEAR : YYYY
13-20 ANNUAL DATA VALUES
21-28 WINTER HALF YEAR DATA VALUES
29-36 SUMMER HALF YEAR DATA VALUES
37-44 WINTER (DJF) DATA VALUES
45-52 SPRING (MAM) DATA VALUES
53-60 SUMMER (JJA) DATA VALUES
61-68 AUTUMN (SON) DATA VALUES
69-76 JANUARY DATA VALUES
etc. 
157-164 DECEMBER DATA VALUES

2440   1950 -999999 -999999 -999999 -999999 -999999 -999999 -999999 -999999 -999999 -999999 -999999 -999999 -999999 -999999 -999999 -999999 -999999 -999999 -999999 
	2440   1951 2400    -999999 1500    -999999 1100    1400    2400    500     400     900     1100    600     900     1400    400     1000    1900    400     1300    
	2440   1952 1500    1000    1500    700     1500    800     800     700     700     1000    1200    1500    700     800     400     500     800     600     800     
	2440   1953 2900    2500    1000    1600    1700    1000    1500    1100    1600    1700    900     800     500     500     1000    500     700     1500    1400    
	2440   1954 1900    1700    1900    1000    1900    1100    500     1000    600     1700    1600    1300    1100    300     800     300     300     500     500     
	2440   1955 1900    1100    1900    900     1300    1400    800     900     800     700     1100    1300    800     1400    600     800     700     600     400     
	2440   1956 1600    900     1600    700     1600    500     1400    500     700     900     1600    800     500     400     400     1400    700     800     400     
	2440   1957 2400    1300    2400    1100    1500    2400    1000    1100    800     600     1100    800     2200    300     500     500     1000    600     800     
	2440   1958 2100    800     1100    600     800     1100    2000    600     300     800     800     500     1100    800     400     600     900     2000    500     
	2440   1959 4900    1500    3500    1500    2800    1400    4700    500     1400    600     1300    2800    1300    1400    1300    3000    1700    700     600     
	2440   1960 1300    1300    1300    400     1300    900     1100    200     400     1300    900     1200    900     500     600     900     200     400     400     
	2440   1961 1500    1000    1000    1000    1000    800     1400    700     1000    900     700     1000    800     700     700     700     700     1400    1500    
	2440   1962 2200    1400    1400    1300    1400    900     2200    400     1300    500     900     500     900     800     600     300     2200    700     700     
	2440   1963 1900    1800    1900    1500    700     1900    1400    1500    1100    700     500     600     700     1600    300     1400    1000    500     1400    
	2440   1964 2300    2300    1200    1100    1800    800     900     1100    1100    1800    800     1200    600     800     500     800     600     600     300     
	2440   1965 2200    2200    2000    2200    900     2000    1300    500     1700    600     400     900     800     500     1800    800     1300    1100    200     
	2440   1966 1700    1000    1700    1000    1300    1200    1500    1000    400     600     400     1300    1100    900     700     1500    800     300     300     
	2440   1967 1300    1000    1300    1000    1300    1300    800     1000    800     700     800     600     1300    700     1200    700     200     800     400     
	2440   1968 1800    1300    1100    1300    1100    1000    1000    500     1300    900     1100    600     1000    700     700     700     1000    800     1800    
	2440   1969 1800    1300    1500    1100    1200    1300    1800    1100    500     1200    900     500     1200    1200    1300    1500    1800    400     700     
	2440   1970 2500    1100    2500    800     1300    2000    1300    800     300     800     300     1300    2000    400     800     1300    1000    400     600     
	2440   1971 1600    900     1600    900     1400    1600    1500    600     900     600     1000    900     700     1500    800     1100    1100    400     900     
	2440   1972 3000    1800    1900    1200    1800    1200    3000    1000    800     1800    600     700     800     1200    1100    1200    1800    300     900     
	2440   1973 2700    2000    2400    2000    1500    2400    1300    1900    700     1500    800     700     2400    1000    2100    1300    800     600     400     
	2440   1974 4100    1300    2800    700     4100    1400    800     500     700     1300    2800    900     1400    600     1000    800     300     400     300     
	2440   1975 2400    1200    2400    1100    900     2400    2000    700     1100    500     900     700     1300    1100    1400    400     1800    500     500     
	2440   1976 2900    2300    2900    1600    2300    2900    700     500     1600    2300    1900    800     1100    1800    2300    700     600     500     300     
	2440   1977 1900    800     1900    700     1800    1100    1800    400     700     400     400     1800    1100    1100    800     1800    1400    200     900     
	2440   1978 2400    1100    2400    1100    1800    1200    900     800     1100    700     1200    1800    600     1200    600     500     800     900     900     
	2440   1979 1100    1000    1100    1000    800     1100    1000    1000    700     300     500     800     900     700     1100    1000    1000    300     400     
	2440   1980 2900    2200    2900    2100    2900    1100    700     1500    2100    1400    800     2800    500     1100    500     400     400     500     300     
	2440   1981 3200    1300    2700    1300    3200    2400    1100    1200    800     500     2700    800     1300    700     1700    1100    400     200     300     
	2440   1982 2000    1600    2000    1600    1900    2000    1300    1300    1600    1400    1800    1300    700     1600    400     1300    500     400     600     
	2440   1983 1700    1300    1600    1300    1000    1600    1700    500     1300    1000    500     300     1300    1600    1100    900     700     1300    600     
	2440   1984 2100    1300    2100    1300    2100    1600    800     900     1300    1300    1900    1200    800     900     1600    300     600     800     500     
	2440   1985 2200    2200    1000    2200    1000    600     1800    900     2200    400     1000    1000    500     400     600     900     1800    900     700     
	2440   1986 1800    1800    1500    1800    1400    900     1700    300     1800    1400    1300    800     900     900     900     1500    600     500     700     
	2440   1987 1400    1400    1300    1300    1400    1300    1200    900     800     1400    1100    800     1100    1000    500     400     600     900     600     
	2440   1988 1900    800     1900    800     1900    1200    1300    400     800     200     1400    1900    1200    400     900     600     1300    700     700     
	2440   1989 1600    1300    1600    1300    1600    1400    1600    1000    600     700     600     1500    1300    1400    900     1200    400     1200    800     
	2440   1990 1800    900     1800    700     1800    1800    900     500     700     900     900     1800    1100    1800    1100    500     900     400     600     
	2440   1991 2400    2400    1700    2400    1600    1200    1000    1100    1300    1100    900     1600    600     700     800     600     1000    400     1600    
	2440   1992 2200    1400    2200    1400    2100    1200    1300    1300    700     400     1100    2100    1100    700     800     600     1300    600     1300    
	2440   1993 2100    2100    2000    1800    2000    1300    1800    400     1500    2000    800     1200    1300    700     600     400     1000    1100    100     
	2440   1994 1700    1100    1300    1100    900     1300    1700    500     1100    200     900     900     500     1300    500     600     1700    900     300     
	2440   1995 2700    1700    2700    500     1500    2700    2100    500     500     500     900     600     1100    700     2300    300     2100    700     1100    
	2440   1996 3100    3100    2000    3100    2100    1400    1000    2200    900     2100    2000    500     900     1400    800     1000    900     300     900     
	2440   1997 3600    3400    2300    3400    2300    2100    1500    3100    300     700     2300    1000    700     1200    2100    1500    700     1100    400     
	2440   1998 1600    1300    1600    1300    1600    800     1100    1200    1300    800     500     1600    300     300     800     1100    400     700     500     
	2440   1999 2000    700     2000    600     1400    1500    1400    300     300     700     1000    800     900     1500    600     1400    1100    400     300     
	2440   2000 1300    1300    1000    1300    1000    1000    600     1300    500     800     700     800     600     800     1000    600     400     300     600     
	2440   2001 2400    1000    2400    1000    1000    2400    300     1000    800     400     400     1000    1400    1000    700     200     300     200     1300    
	2440   2002 2200    1100    1200    1100    2200    900     1000    1000    500     1000    1200    800     800     600     900     1000    700     400     1400    
	2440   2003 2800    2300    2800    2100    2300    2800    1100    700     2100    2300    1400    700     800     700     2700    1100    900     900     1000    
	2440   2004 1500    1100    1500    1100    1400    1500    1100    200     1100    800     800     1400    800     600     900     1100    800     400     1200    
	2440   2005 900     800     900     700     800     900     600     300     700     800     600     400     800     900     900     600     600     300     500     
	2440   2006 1900    1300    1900    1000    1300    1200    1900    700     900     1300    900     1100    1200    1100    300     1900    700     400     900     
	2440   2007 3700    900     3500    900     3700    1300    1100    400     500     700     3000    500     1300    300     1100    300     1100    400     1600    
	2440   2008 1500    1500    1500    1500    1500    700     900     300     1500    300     1200    1500    600     300     700     900     600     600     1200    
	2440   2009 2300    1100    2300    1000    1600    1100    2300    800     600     1100    1600    800     900     200     900     2300    500     200     400     
	2440   2010 2400    1100    2400    1100    2400    1400    800     600     1100    700     2400    1000    1200    900     400     400     800     500     800     
	2440   2011 3300    2100    3300    700     3300    900     2500    700     700     2100    1900    1400    400     700     600     900     500     2100    500     
	2440   2012 1600    1400    1100    900     1600    800     1000    500     900     1400    700     700     500     800     800     1000    500     500     300     
	2440   2013 2300    1100    2300    500     1000    2300    700     500     500     700     1000    700     1100    2300    1300    500     400     300     400     
	2440   2014 1600    1600    1300    400     1600    1100    1300    300     400     1600    800     800     800     1100    400     1300    300     600     400     
	2440   2015 1400    1000    1200    900     1200    1100    1400    500     900     1000    1200    1000    1100    300     1000    600     1000    400     400     
	2440   2016 2000    1600    2000    800     1600    1100    2000    300     800     1600    700     1100    1000    1100    700     2000    700     1000    700     
	2440   2017 2300    1100    2300    1100    2200    1300    700     500     1100    1100    1100    1800    1300    1000    900     500     700     300     700     
	2440   2018 3600    1000    3600    1000    1500    3600    1600    400     1000    800     900     1500    900     2700    800     500     1600    1400    800     
	2440   2019 1700    1100    1700    1100    1700    1700    700     400     1000    700     1000    1700    1000    1000    1100    500     400     700     700     
	2440   2020 2100    1300    2100    500     2100    1200    1300    500     400     1300    2100    1000    800     1000    1200    1300    400     700     300     
	2440   2021 -999999 -999999 3000    -999999 1600    1900    2600    -999999 1000    800     1600    500     1200    -999999 400     2600    500     300     1000    
	2440   2022 2700    1400    2700    1400    2700    1500    700     1400    400     1400    2200    700     900     800     1500    500     700     500     500     
	2440   2023 3900    1100    3900    1100    2000    1900    1100    500     1100    400     700     2000    1900    400     1100    1100    200     200     500     
	2440   2024 1300    -999999 1300    -999999 1100    1300    1200    700     -999999 1100    500     1100    800     600     700     800     800     900     600     
	2440   2025 3600    1300    3600    1300    3600    1900    900     1000    1000    1000    1500    2100    800     800     1900    800     800     500     1100    
	2440   2026 -999999 -999999 -999999 1100    -999999 -999999 -999999 1100    500     -999999 -999999 -999999 -999999 -999999 -999999 -999999 -999999 -999999 -999999 
	