EUROPEAN CLIMATE ASSESSMENT & DATASET (ECA&D), file created on: 17-05-2026
THESE DATA CAN BE USED FOR NON-COMMERCIAL RESEARCH AND EDUCATION PROVIDED THAT THE FOLLOWING SOURCE IS ACKNOWLEDGED: 

Klein Tank, A.M.G. and Coauthors, 2002. Daily dataset of 20th-century surface
air temperature and precipitation series for the European Climate Assessment.
Int. J. of Climatol., 22, 1441-1453.
Data and metadata available at http://www.ecad.eu

FILE FORMAT (MISSING VALUE CODE = -999999):

THIS FILE HOLDS DATA FOR STATION NETHERLANDS                              SCHAESBERG                               (STAID:    590)
LATITUDE: dd:mm:ss +50:54:00
LONGITUDE: ddd:mm:ss +006:01:00
ELEVATION: m  140

DATA IS FOR INDEX Maximum no of consecutive dry days (RR < 1 mm) (CDD) with unit 0.01 No of days

01-06 SOUID: Source identifier
08-11 YEAR : YYYY
13-20 ANNUAL DATA VALUES
21-28 WINTER HALF YEAR DATA VALUES
29-36 SUMMER HALF YEAR DATA VALUES
37-44 WINTER (DJF) DATA VALUES
45-52 SPRING (MAM) DATA VALUES
53-60 SUMMER (JJA) DATA VALUES
61-68 AUTUMN (SON) DATA VALUES
69-76 JANUARY DATA VALUES
etc. 
157-164 DECEMBER DATA VALUES

590    1931 1300    -999999 1300    -999999 1100    1300    1200    600     600     1100    600     700     1100    300     500     900     1200    1100    400     
	590    1932 2100    1800    1000    1800    1500    1000    1300    1800    1700    1500    600     800     900     500     1000    300     400     1300    2100    
	590    1933 2000    2000    1600    2000    1600    1200    1000    2000    700     1400    1600    900     900     1200    900     1000    600     500     1000    
	590    1934 2400    2400    1800    2400    1700    1500    1200    700     2400    900     1400    1700    1300    1300    1000    800     400     700     400     
	590    1935 1400    1100    1400    600     1400    1400    900     600     400     1100    400     1400    500     1100    1100    700     900     900     500     
	590    1936 1400    1400    1100    1400    1300    1100    1400    500     1400    1300    700     800     600     300     1100    700     1400    1100    900     
	590    1937 1700    1000    1700    600     1000    1700    1200    600     400     400     300     1000    1000    600     1100    700     1200    1000    700     
	590    1938 1400    1400    1300    1000    1400    1300    1300    400     1000    1400    900     1200    1300    700     500     1300    700     1300    1100    
	590    1939 2400    1200    2400    1200    1400    1300    700     400     800     700     500     1400    1000    1300    1000    700     500     500     1400    
	590    1940 2100    700     2100    700     2100    1100    1400    700     500     600     600     2100    1100    300     600     700     1400    500     600     
	590    1941 1300    1200    1300    1200    1200    1300    1100    1200    500     1100    1000    1200    900     1000    300     1100    700     800     200     
	590    1942 2200    1300    2200    1300    2200    1100    1000    1300    700     1100    2200    700     1100    400     800     500     700     700     800     
	590    1943 1900    1900    1500    1300    1900    1500    1400    700     1300    1900    1000    800     900     900     700     800     1400    500     1500    
	590    1944 2300    1100    2300    1100    1300    2300    900     500     1100    1100    1100    600     700     800     2300    600     900     400     800     
	590    1945 -999999 -999999 -999999 -999999 -999999 -999999 -999999 -999999 -999999 -999999 -999999 -999999 -999999 -999999 -999999 -999999 -999999 -999999 -999999 
	590    1946 -999999 -999999 -999999 -999999 -999999 -999999 -999999 -999999 -999999 -999999 -999999 -999999 -999999 -999999 -999999 -999999 -999999 -999999 -999999 
	590    1947 3700    -999999 3700    -999999 1000    2500    1100    1000    500     800     1000    500     600     600     2500    1100    700     400     500     
	590    1948 2900    2900    1700    1500    1400    1300    2000    700     1500    1400    900     900     1200    1300    600     1700    900     1200    1000    
	590    1949 2000    1700    2000    1700    1600    2000    1600    1000    800     1300    1100    800     1600    1300    700     800     800     400     700     
	590    1950 1200    1200    1100    1200    1100    800     1100    1200    500     800     500     1100    700     800     600     400     1100    600     900     
	590    1951 2200    1100    1200    1100    1200    800     2200    900     900     1000    1200    400     800     700     700     700     2000    300     1300    
	590    1952 1300    900     1300    900     1300    1000    800     500     900     700     1200    1300    500     900     1000    400     500     800     500     
	590    1953 3000    1400    1400    700     1400    800     2800    700     700     1400    1400    1200    500     600     800     700     1200    2800    900     
	590    1954 1700    1700    1700    1700    1700    600     600     1000    700     1400    1100    1700    500     600     600     500     600     600     500     
	590    1955 1400    1100    1400    1100    1400    900     800     1000    400     900     1400    300     900     900     900     800     700     700     500     
	590    1956 1400    1300    1200    800     1400    1100    1200    500     800     1300    1000    800     400     400     1100    1200    900     800     400     
	590    1957 1500    1200    1500    1200    1500    900     800     1200    300     700     1100    800     900     600     500     300     800     800     600     
	590    1958 2300    1400    1500    600     1300    900     1600    600     300     1300    700     400     900     800     600     900     800     1600    700     
	590    1959 3700    2800    3700    2800    1400    1700    2000    800     2000    500     900     1400    900     1700    1700    2000    900     1300    800     
	590    1960 1300    1100    1300    600     1300    800     800     300     600     900     600     1100    800     300     300     800     300     300     900     
	590    1961 1600    1600    1200    1100    1600    1000    1200    600     1100    1600    300     900     700     700     1000    1200    800     800     1500    
	590    1962 2900    1100    1700    1100    1600    1400    2900    500     1100    1100    1200    400     1400    400     600     700     2500    500     700     
	590    1963 2000    2000    1300    1200    900     1200    800     900     1200    800     500     900     400     1100    600     600     800     500     1200    
	590    1964 1500    1500    1500    1300    1400    1500    1000    1300    1200    800     800     1400    600     900     1200    800     800     900     700     
	590    1965 1400    900     1300    900     900     1200    1400    500     900     500     400     600     900     300     700     1300    1400    700     200     
	590    1966 1500    1100    1500    1100    1200    1000    1500    1100    500     700     600     1200    1000    400     700     1500    600     500     400     
	590    1967 1400    900     1400    900     800     1200    900     700     900     800     800     200     700     900     1200    700     700     900     400     
	590    1968 2400    1000    2400    700     2400    900     1500    300     700     600     2400    500     600     800     900     700     1500    1100    1300    
	590    1969 1900    1100    1700    1000    900     1000    1900    900     400     700     900     700     900     700     1000    1500    1900    300     1000    
	590    1970 1300    1300    1300    600     800     1300    1200    500     300     500     400     800     1300    400     700     1200    1200    900     1000    
	590    1971 2300    1200    2300    1200    1700    2300    2100    1200    900     600     1700    1200    700     2200    600     2100    1200    600     800     
	590    1972 2300    1900    1500    1700    1500    900     2300    600     1700    1500    800     600     400     700     900     900     1900    700     1800    
	590    1973 3100    2100    1600    2100    1000    1400    1600    1300    600     1000    400     500     1100    500     1400    1600    900     500     800     
	590    1974 3300    1100    2200    1000    3300    1300    600     500     1000    1100    2200    700     800     600     1300    500     300     500     500     
	590    1975 1900    1200    1900    1200    1800    1000    1400    900     1200    200     900     1800    1000    600     900     900     1400    700     1100    
	590    1976 2200    1500    2200    1500    1600    2200    1200    400     1500    1400    1600    600     1000    1100    2200    500     1200    600     500     
	590    1977 1300    1000    1300    700     1100    1100    1300    500     300     600     600     1100    500     1100    800     1200    1300    500     900     
	590    1978 1500    1000    1400    1000    1100    1400    1500    1000    900     500     1000    700     700     900     1400    1000    1000    1500    700     
	590    1979 1800    700     1800    700     600     1300    1800    700     500     200     600     500     600     700     500     1800    1200    500     900     
	590    1980 2000    1100    2000    1000    2000    700     1500    1000    600     700     800     2000    400     400     700     600     400     1300    500     
	590    1981 1800    800     1800    800     1400    1100    800     700     800     400     1400    400     500     700     1100    700     200     600     300     
	590    1982 1900    1200    1300    1200    1300    1200    1900    800     1200    900     1300    800     300     1200    500     1200    800     1100    400     
	590    1983 1700    1400    1600    1400    1300    1600    1700    400     1400    1300    700     200     800     900     1600    600     800     1400    600     
	590    1984 2300    1700    2300    1500    1600    2000    1700    500     1500    1600    1400    400     700     1000    2000    300     800     1400    700     
	590    1985 2200    1900    1300    1900    1100    1100    2200    700     1900    500     1100    1000    400     800     1100    800     2200    300     400     
	590    1986 3000    2200    1300    1900    1300    1200    3000    600     1900    1300    300     500     700     1200    1000    1300    1700    600     700     
	590    1987 1700    1200    900     1100    1200    900     1000    700     500     1200    700     700     400     700     400     600     400     900     1400    
	590    1988 1500    900     1500    900     1100    1500    800     900     500     300     1100    800     900     500     1500    500     700     600     400     
	590    1989 2100    1700    2100    1700    1900    2000    1100    1400    600     700     400     1900    1100    2000    800     1100    700     1000    800     
	590    1990 2400    900     1800    700     1800    1700    2400    700     600     900     500     1800    700     1700    1200    600     2400    800     700     
	590    1991 2800    1900    2800    1900    1500    1400    1400    1000    900     800     1100    1500    400     1100    1400    1400    1200    1000    1500    
	590    1992 2000    1400    1600    1400    1200    900     2000    1200    600     400     800     1200    900     500     500     1600    400     400     900     
	590    1993 1800    1700    1800    900     1700    1800    1600    600     900     1700    800     600     1400    600     700     400     800     1600    200     
	590    1994 1900    1100    1700    1100    1400    1700    1900    500     1100    500     1400    500     1400    1700    400     600     1900    500     500     
	590    1995 1500    1500    1500    500     1500    1500    1400    400     300     500     800     1500    1300    1000    1200    400     1400    700     1000    
	590    1996 1900    1400    1900    1400    1900    1100    1400    1400    800     1400    1900    800     1100    1100    700     900     1400    400     900     
	590    1997 1700    1500    1700    1500    1300    1300    1700    1400    300     1000    1300    1000    600     700     1300    1700    1100    800     800     
	590    1998 1800    900     1800    900     1800    1700    800     900     800     800     300     1800    500     1100    1700    800     300     700     700     
	590    1999 1900    700     1900    600     1100    1200    1400    600     400     700     800     1000    1100    900     500     1400    1000    400     400     
	590    2000 1200    900     1200    900     1200    1100    900     900     300     600     600     1200    1100    500     700     900     700     400     600     
	590    2001 1400    1000    1400    1000    1400    1200    1100    1000    500     200     400     1400    1200    600     800     400     1100    800     1300    
	590    2002 2300    1000    1500    1000    2300    1500    1100    1000    400     900     1400    500     1500    600     600     1100    800     500     1100    
	590    2003 2100    2100    1900    2100    1800    1900    1000    900     2100    1700    1800    700     700     1900    1600    900     1000    800     500     
	590    2004 1400    800     1400    600     1200    1400    900     400     600     800     1000    1200    500     500     900     900     900     300     1400    
	590    2005 1600    900     1300    700     900     1000    1600    500     700     900     500     800     1000    1000    600     1100    1600    800     500     
	590    2006 1400    1200    1400    1000    1200    1400    1300    1000    600     1200    700     700     1300    1400    200     1300    700     700     1000    
	590    2007 3600    1000    3500    1000    3600    800     700     500     600     700     3000    500     700     500     800     600     700     400     1800    
	590    2008 1700    1700    1300    1700    1300    700     900     500     1700    500     700     1300    500     400     700     900     600     600     1000    
	590    2009 1300    1000    1100    1000    1000    1100    800     800     600     800     700     800     1100    400     600     800     700     500     500     
	590    2010 1300    800     1300    600     1200    1300    1300    600     300     800     1200    700     1100    600     400     500     1300    800     500     
	590    2011 3700    1100    1500    800     1500    700     3700    500     800     1100    1500    1300    500     700     300     1200    700     3000    500     
	590    2012 2900    2400    1000    1300    2900    800     900     500     1200    2400    500     1000    400     600     800     900     800     700     400     
	590    2013 2100    1100    2100    600     1900    2100    1400    600     600     1100    1300    500     1200    2100    1000    1200    400     400     500     
	590    2014 1800    1800    1600    500     1700    1300    1600    500     400     1700    800     600     1300    500     300     1600    400     600     600     
	590    2015 1200    1000    1200    1000    1200    700     1100    700     1000    600     1200    800     600     400     500     700     500     700     400     
	590    2016 1700    1700    1100    600     1700    800     1100    500     600     1700    500     700     300     800     800     1100    700     900     700     
	590    2017 2300    1300    1300    1300    2300    800     1100    1300    800     1000    1300    700     800     500     500     1100    900     300     300     
	590    2018 3600    900     3600    900     1100    3600    1700    500     900     400     700     1100    1600    2000    600     800     1700    1200    500     
	590    2019 2200    1400    2200    1000    1500    2200    700     400     1000    1400    1500    500     1100    1100    1200    500     500     700     500     
	590    2020 2800    1100    1800    800     2800    1400    1800    800     400     1100    1700    1800    400     800     800     1800    800     700     400     
	590    2021 -999999 -999999 2000    -999999 2000    1400    900     -999999 600     900     1800    600     1400    800     500     900     700     400     1100    
	590    2022 1900    1800    1900    1000    1500    1900    1100    1000    400     1400    1100    1000    900     1900    1200    500     1100    800     1000    
	590    2023 3500    1200    3500    1200    1600    1900    1200    800     1200    400     400     1600    1900    300     900     900     1100    300     400     
	590    2024 1100    -999999 900     -999999 700     900     1100    600     -999999 600     600     700     700     400     900     500     700     900     700     
	590    2025 2200    2200    2200    1300    2100    2200    1200    700     1300    2100    1100    2000    1000    1200    2200    1000    400     500     1000    
	590    2026 -999999 -999999 -999999 1200    -999999 -999999 -999999 1200    300     -999999 -999999 -999999 -999999 -999999 -999999 -999999 -999999 -999999 -999999 
	