EUROPEAN CLIMATE ASSESSMENT & DATASET (ECA&D), file created on: 17-05-2026
THESE DATA CAN BE USED FOR NON-COMMERCIAL RESEARCH AND EDUCATION PROVIDED THAT THE FOLLOWING SOURCE IS ACKNOWLEDGED: 

Klein Tank, A.M.G. and Coauthors, 2002. Daily dataset of 20th-century surface
air temperature and precipitation series for the European Climate Assessment.
Int. J. of Climatol., 22, 1441-1453.
Data and metadata available at http://www.ecad.eu

FILE FORMAT (MISSING VALUE CODE = -999999):

THIS FILE HOLDS DATA FOR STATION NETHERLANDS                              SCHAGEN                                  (STAID:   2508)
LATITUDE: dd:mm:ss +52:46:59
LONGITUDE: ddd:mm:ss +004:48:00
ELEVATION: m    0

DATA IS FOR INDEX Maximum no of consecutive dry days (RR < 1 mm) (CDD) with unit 0.01 No of days

01-06 SOUID: Source identifier
08-11 YEAR : YYYY
13-20 ANNUAL DATA VALUES
21-28 WINTER HALF YEAR DATA VALUES
29-36 SUMMER HALF YEAR DATA VALUES
37-44 WINTER (DJF) DATA VALUES
45-52 SPRING (MAM) DATA VALUES
53-60 SUMMER (JJA) DATA VALUES
61-68 AUTUMN (SON) DATA VALUES
69-76 JANUARY DATA VALUES
etc. 
157-164 DECEMBER DATA VALUES

2508   1902 -999999 -999999 -999999 -999999 -999999 -999999 2700    -999999 -999999 -999999 -999999 -999999 -999999 -999999 -999999 1300    1400    1100    1200    
	2508   1903 1800    1400    1800    1400    1800    1400    1500    1400    1200    900     700     1800    1300    400     300     700     700     800     1100    
	2508   1904 2600    2000    2600    1000    2300    2600    1600    1000    700     2000    2300    300     1000    2200    400     1600    700     900     1300    
	2508   1905 1700    1700    1500    1700    1500    800     600     1300    1000    1000    600     1500    700     800     700     400     300     600     600     
	2508   1906 1900    600     1700    500     1900    1300    1200    500     400     600     1700    600     1300    1200    500     1200    500     600     600     
	2508   1907 2300    1200    2300    1000    1700    1800    2300    1000    1000    1200    700     600     400     1800    500     2300    400     1100    800     
	2508   1908 2300    1300    2000    1300    1200    2000    2300    800     1100    700     1200    600     1300    1500    500     900     2100    500     1300    
	2508   1909 2000    2000    1500    1200    1000    1500    700     1200    1200    800     900     1000    1500    600     1200    700     400     700     600     
	2508   1910 2000    1200    1500    800     2000    1400    1500    800     400     1200    800     900     900     1400    1100    1500    900     400     300     
	2508   1911 2100    2100    2100    2100    2100    1500    1200    1200    1500    500     2100    1500    800     1400    1500    1200    600     400     300     
	2508   1912 1700    800     1700    800     1600    1500    1700    800     500     700     1600    900     300     1500    300     1700    1300    400     400     
	2508   1913 2600    1600    2600    1600    700     1800    1100    1000    1600    500     700     700     800     900     1800    900     800     400     600     
	2508   1914 2300    1600    2300    1600    2300    1900    900     1600    600     400     1700    900     800     800     1900    900     800     500     400     
	2508   1915 2100    800     1800    700     1700    1200    2100    700     500     700     700     1100    1200    500     700     1100    2100    600     300     
	2508   1916 2800    1200    2800    1100    1300    2800    1200    1100    300     1200    1000    600     300     1600    1200    1200    700     500     300     
	2508   1917 3500    3500    1500    3500    1500    1000    1000    1900    1600    1000    700     1200    900     1000    700     800     300     800     600     
	2508   1918 1400    1400    1400    1400    1400    1300    1000    900     700     1400    500     800     800     700     1000    200     900     700     400     
	2508   1919 3200    2000    3200    2000    2900    2200    1300    700     1500    900     900     2900    700     600     1700    1300    900     700     700     
	2508   1920 2000    1200    1300    1200    1100    1300    2000    900     1200    1100    300     700     1300    300     900     800     1600    1400    600     
	2508   1921 2600    1400    1800    1300    1800    1100    2200    400     1300    900     1200    1800    900     1100    1100    1700    800     2200    400     
	2508   1922 3500    1600    3500    1200    2600    1000    1400    1000    1200    1600    900     2600    1000    500     400     700     1400    800     600     
	2508   1923 2300    1500    2300    500     1500    2300    1200    500     500     1500    1100    600     1000    1300    1100    1200    200     700     500     
	2508   1924 1900    1900    1300    1200    1900    1300    1500    700     1200    1900    800     600     1100    1000    600     400     900     1500    900     
	2508   1925 2200    900     2200    900     1200    2000    1300    900     500     600     1000    1200    2000    1200    700     700     1000    1000    500     
	2508   1926 2800    2200    1000    1100    2800    1000    1000    600     1100    2200    900     500     600     700     600     1000    800     600     1000    
	2508   1927 1800    1800    1700    1800    1600    800     1000    1000    1800    1100    800     1100    500     700     800     900     1000    600     1200    
	2508   1928 1700    1600    1700    1000    1600    1700    1100    200     1000    1200    1100    900     600     1700    700     1100    700     400     700     
	2508   1929 2500    2300    2500    2300    2400    2000    800     1300    2200    1900    800     2400    600     2000    800     800     600     500     900     
	2508   1930 2200    2200    1300    2000    1400    1000    900     1200    1400    1000    900     800     1000    500     800     600     900     300     600     
	2508   1931 1500    1200    1200    600     1200    1200    1500    500     600     1200    400     800     600     600     800     600     1200    1500    600     
	2508   1932 2500    2500    2000    2500    1900    2000    1000    1800    2100    1900    700     600     2000    500     1600    500     200     1000    1200    
	2508   1933 1500    1200    1400    1200    1300    1200    1200    1000    1100    1200    900     1000    800     800     700     1200    600     700     1500    
	2508   1934 2400    2400    1900    2400    1500    1600    1600    800     2400    900     600     1500    1300    1300    900     800     600     1600    700     
	2508   1935 1800    1500    1800    500     1800    1300    700     500     400     1500    600     1200    400     1000    1100    700     400     500     600     
	2508   1936 2800    2800    1500    1100    2800    1300    1000    400     1100    2800    400     900     800     400     1300    600     1000    1000    900     
	2508   1937 1900    800     1900    600     1300    1200    1100    600     300     400     600     1300    700     500     1000    900     1100    900     400     
	2508   1938 2300    2300    2300    1200    2300    1300    1000    300     1200    2300    900     1400    1300    800     700     600     600     1000    900     
	2508   1939 2300    1300    2300    1300    1600    2000    600     500     800     600     700     1300    1000    800     2000    600     500     400     1500    
	2508   1940 2100    1000    2100    900     2100    1100    800     900     600     800     600     2100    1100    500     700     800     700     500     600     
	2508   1941 2800    1500    2800    1500    2800    1400    1200    1100    500     1100    1100    1700    1300    1400    400     1200    700     700     800     
	2508   1942 3100    1400    3100    1400    3100    1100    900     1400    600     1300    2100    1000    1100    500     600     900     300     600     500     
	2508   1943 3200    3200    2000    1300    1900    2000    1400    700     1300    1900    1400    1100    900     1800    600     700     1200    500     1700    
	2508   1944 2000    1100    2000    1100    1700    2000    700     700     1100    600     1400    900     900     1400    1800    600     700     300     700     
	2508   1945 -999999 -999999 1400    -999999 -999999 800     1400    600     -999999 -999999 900     800     600     800     600     1300    700     1400    500     
	2508   1946 1900    1800    1700    700     1800    900     1400    700     400     1800    1700    1500    500     900     700     600     1400    700     1900    
	2508   1947 3100    1800    3100    1800    1200    2500    1700    1700    900     500     1200    1100    1000    1300    2500    1300    1600    400     800     
	2508   1948 2100    2100    1500    1500    1200    1500    1100    200     1500    1200    800     1100    600     1400    900     800     800     1100    1100    
	2508   1949 2300    1500    2300    1500    1200    2300    2200    1000    1500    1200    900     600     2000    1300    1200    1200    1000    600     600     
	2508   1950 1700    1300    1700    1300    900     1300    1600    1300    400     800     800     900     1300    400     500     200     1600    200     1300    
	2508   1951 2300    1400    1600    700     1100    1100    2300    400     400     1000    1100    500     1100    900     300     700     2000    400     600     
	2508   1952 1500    1000    1500    800     1500    1100    1000    500     800     1000    1200    1500    800     700     1100    1000    600     300     700     
	2508   1953 4200    4200    1500    1500    2700    1400    1600    800     1500    2700    1200    1400    600     600     1400    700     800     1600    800     
	2508   1954 2900    1800    2900    1800    2900    700     500     1100    700     1200    2800    1700    500     500     700     500     400     500     600     
	2508   1955 1800    1500    1800    1300    1800    1500    700     1300    1100    800     1800    800     700     1400    600     700     600     700     500     
	2508   1956 1500    1200    1400    900     1500    1000    1400    500     900     1200    800     800     1000    300     400     1400    800     800     600     
	2508   1957 1700    1700    1100    1200    1400    1100    1000    1200    500     1400    1000    800     1100    300     700     500     1000    1000    1200    
	2508   1958 1500    1300    1000    600     1300    1000    1500    500     200     1300    500     600     1000    800     400     500     800     1500    400     
	2508   1959 4900    2100    3200    2100    1500    1700    4700    700     2000    400     1300    1500    1700    1600    700     3000    1700    700     400     
	2508   1960 1400    1400    1300    400     1400    900     900     300     400     1400    1100    1200    900     400     700     900     300     300     300     
	2508   1961 1700    1700    1200    1100    1700    700     1200    600     1100    1700    700     800     700     600     700     1200    1200    1000    700     
	2508   1962 2200    1200    2200    1100    1400    1700    2100    600     1100    500     900     500     1700    800     400     400     2100    1000    400     
	2508   1963 2000    1800    1500    1100    900     1100    1500    1100    1000    800     900     800     1100    700     200     1500    900     500     1500    
	2508   1964 2300    2300    1600    1400    1800    1600    1000    1400    500     1800    800     1100    800     1000    600     700     600     900     300     
	2508   1965 1200    900     1200    900     800     1200    1200    700     500     600     400     600     800     400     1200    800     1200    600     300     
	2508   1966 1600    1000    1600    1000    1300    1000    1500    1000    300     600     400     1300    1000    300     800     1500    700     300     200     
	2508   1967 1400    900     1400    900     1200    1400    1100    900     800     700     800     400     900     1400    1100    800     400     1100    400     
	2508   1968 1700    1100    1700    1100    1700    800     800     500     1100    900     1700    500     800     800     800     400     800     600     1400    
	2508   1969 2600    1100    2600    1000    1100    2200    2500    1000    700     1100    900     500     1300    2100    900     2500    1700    200     700     
	2508   1970 2500    1300    2500    600     1600    2000    1300    600     600     900     300     1600    2000    600     1300    1300    1200    400     900     
	2508   1971 2400    800     2400    700     2100    1600    2300    600     700     600     1500    800     900     1500    700     2300    1200    400     900     
	2508   1972 3100    1400    1300    1300    1400    1200    3100    1000    800     1400    800     700     200     1200    1100    1300    1800    300     1800    
	2508   1973 2400    2100    2400    900     2100    2400    1400    900     600     2100    800     900     2400    400     2100    1400    900     900     400     
	2508   1974 3800    1400    2400    800     3800    1500    800     500     800     1400    2400    700     1500    600     1000    800     400     400     400     
	2508   1975 2100    1200    2100    1100    900     2100    1800    900     1100    600     900     500     1200    700     1400    500     1800    700     800     
	2508   1976 2500    1600    2500    1600    1500    2500    800     500     1600    1100    1500    800     1100    1200    2500    500     800     300     300     
	2508   1977 1900    700     1900    500     1500    1100    1900    300     500     400     500     1500    800     1100    500     1900    1100    300     600     
	2508   1978 1500    800     1500    800     1200    1500    900     400     800     500     900     800     800     1200    1500    700     800     900     800     
	2508   1979 1200    700     1000    700     1000    1000    1200    700     600     300     500     1000    800     700     1000    1000    1200    400     300     
	2508   1980 2800    1900    2800    1400    2800    1200    700     1400    1400    1100    1700    2300    800     1100    400     600     600     500     400     
	2508   1981 3200    1600    2700    1600    3200    1700    1000    500     1600    500     2700    400     900     1300    1700    1000    100     400     1300    
	2508   1982 1900    1600    1900    1600    1900    1900    1200    1200    1600    600     1600    1900    700     1600    300     1200    800     500     600     
	2508   1983 1800    1600    1800    1600    1300    1800    1600    500     1600    1300    500     300     1200    1700    1800    900     600     1300    600     
	2508   1984 2100    1300    2100    1100    2100    1600    900     400     1100    1300    1900    500     700     1500    1600    300     800     500     500     
	2508   1985 2400    2400    1000    2400    900     600     1300    400     2200    500     800     900     500     600     500     900     1300    1200    400     
	2508   1986 3500    3500    2300    3200    1500    2300    1900    400     2800    1500    1200    500     2000    1000    1000    1300    600     400     400     
	2508   1987 1400    1400    1200    1400    1200    1200    900     1400    700     1200    800     900     800     900     500     500     500     900     600     
	2508   1988 2000    1100    2000    1100    1600    2000    900     400     1100    300     1500    800     2000    300     900     600     900     700     600     
	2508   1989 1800    900     1800    900     1800    1800    1100    600     600     700     500     1800    1800    1200    1000    1000    400     1100    800     
	2508   1990 2600    900     2600    700     1900    2600    900     500     700     900     600     1900    1300    2100    800     600     900     500     1000    
	2508   1991 2500    2100    2200    2100    1500    900     1300    1100    1000    1200    900     1500    500     600     900     1300    1000    900     1600    
	2508   1992 1900    1300    1900    1300    1600    1900    1200    1200    700     500     1100    1600    1100    1100    800     700     700     600     1300    
	2508   1993 1800    1800    1600    1800    1600    1000    1100    500     1500    1500    800     800     700     300     600     300     1000    700     400     
	2508   1994 1700    1300    1100    1300    1000    1100    1700    500     1300    800     900     700     500     1100    600     600     1700    900     400     
	2508   1995 2700    1600    2700    500     1600    2700    2000    200     500     500     900     700     1300    800     2300    400     2000    1100    1200    
	2508   1996 2900    2900    2100    2900    2100    1300    900     2100    800     1500    1900    500     900     1300    800     900     800     400     800     
	2508   1997 2100    1800    1900    1800    1000    1900    1600    1800    400     900     1000    1000    700     1000    1900    1600    900     500     600     
	2508   1998 1500    1300    1500    1300    1500    1300    700     1100    1300    1200    300     1500    300     800     1300    700     400     700     300     
	2508   1999 2000    600     2000    600     1300    1500    1400    300     400     600     900     700     900     900     600     1400    1300    600     100     
	2508   2000 1700    1700    1500    1700    1500    1000    600     1700    200     500     600     1500    700     800     600     600     400     300     600     
	2508   2001 2200    900     2200    900     1200    2200    400     900     900     500     500     1200    1300    900     400     200     300     400     1200    
	2508   2002 2300    1100    1300    1100    2300    800     1100    1000    300     1000    1300    700     500     700     800     1100    500     300     1200    
	2508   2003 2300    2300    1800    2200    2300    1800    1400    600     2200    2300    1400    700     1000    1300    1700    900     1400    800     1000    
	2508   2004 1700    1000    1500    1000    1400    1500    1200    300     700     500     800     1400    1400    600     900     1200    700     600     1500    
	2508   2005 1400    1000    1400    800     1000    900     800     600     600     1000    600     900     800     900     600     800     600     400     700     
	2508   2006 1900    1800    1900    1800    1500    1200    1700    1200    1000    1400    900     1500    1200    1100    300     1700    1100    400     900     
	2508   2007 4600    1100    3500    900     4600    900     1200    500     500     1100    3000    500     600     400     900     500     1200    300     1400    
	2508   2008 1600    1500    1600    1500    1600    1000    900     400     1500    300     900     1500    900     400     1000    900     900     600     1200    
	2508   2009 2400    1200    2400    1000    1500    2400    2400    800     600     1200    1500    700     2000    400     900     2400    600     100     600     
	2508   2010 1600    900     1600    900     1600    900     800     900     800     900     1500    1600    900     700     400     500     800     400     1400    
	2508   2011 2700    1900    2700    700     2700    900     2700    700     700     1900    1900    800     400     700     400     900     600     2700    500     
	2508   2012 1800    1300    1100    900     1800    1000    1000    500     900     1300    700     600     600     700     800     1000    500     500     200     
	2508   2013 2200    1300    2200    800     2100    2200    1300    800     800     1300    1300    700     1100    2200    1300    1100    500     500     500     
	2508   2014 2000    1700    2000    500     1700    1400    1900    500     300     1700    800     700     1400    1100    600     1900    300     700     500     
	2508   2015 1500    1500    1200    1500    1200    900     1400    400     1500    1000    1200    1100    800     600     900     600     1000    400     400     
	2508   2016 1600    1600    1100    500     1600    1000    1100    200     400     1600    600     1100    900     1000    700     1000    1100    1000    1000    
	2508   2017 2200    1300    1200    1300    2200    1200    900     1300    900     1100    1100    900     1200    500     900     900     700     300     800     
	2508   2018 4100    1700    4100    1400    1500    4100    1600    400     1400    600     900     1500    1600    2500    900     500     1600    800     800     
	2508   2019 2000    2000    1600    1800    1600    1500    600     700     1800    1400    1000    1600    1000    1000    1200    600     500     600     700     
	2508   2020 2100    1800    2100    700     2100    900     1200    700     300     1800    2100    1000    800     900     900     1200    600     1000    400     
	2508   2021 -999999 -999999 3000    -999999 1700    1800    2600    -999999 1000    900     1700    500     1200    1800    600     2600    400     600     800     
	2508   2022 3100    1400    3100    1100    3100    1500    600     1100    300     1400    2100    1000    800     1300    1500    500     600     500     600     
	2508   2023 3900    1100    3900    1100    2000    1900    1000    600     1100    400     800     2000    1900    500     1100    1000    700     300     400     
	2508   2024 1500    -999999 1500    -999999 800     1500    1100    700     -999999 500     500     800     1500    600     700     1000    500     900     700     
	2508   2025 4400    3300    2900    1200    4200    2200    1100    1100    900     3100    1100    2300    800     700     2200    1000    800     700     1300    
	2508   2026 -999999 -999999 -999999 500     -999999 -999999 -999999 500     500     -999999 -999999 -999999 -999999 -999999 -999999 -999999 -999999 -999999 -999999 
	