EUROPEAN CLIMATE ASSESSMENT & DATASET (ECA&D), file created on: 17-05-2026
THESE DATA CAN BE USED FOR NON-COMMERCIAL RESEARCH AND EDUCATION PROVIDED THAT THE FOLLOWING SOURCE IS ACKNOWLEDGED: 

Klein Tank, A.M.G. and Coauthors, 2002. Daily dataset of 20th-century surface
air temperature and precipitation series for the European Climate Assessment.
Int. J. of Climatol., 22, 1441-1453.
Data and metadata available at http://www.ecad.eu

FILE FORMAT (MISSING VALUE CODE = -999999):

THIS FILE HOLDS DATA FOR STATION NETHERLANDS                              ARCEN_1                                  (STAID:  10978)
LATITUDE: dd:mm:ss +51:28:59
LONGITUDE: ddd:mm:ss +006:11:02
ELEVATION: m   19

DATA IS FOR INDEX Maximum no of consecutive dry days (RR < 1 mm) (CDD) with unit 0.01 No of days

01-06 SOUID: Source identifier
08-11 YEAR : YYYY
13-20 ANNUAL DATA VALUES
21-28 WINTER HALF YEAR DATA VALUES
29-36 SUMMER HALF YEAR DATA VALUES
37-44 WINTER (DJF) DATA VALUES
45-52 SPRING (MAM) DATA VALUES
53-60 SUMMER (JJA) DATA VALUES
61-68 AUTUMN (SON) DATA VALUES
69-76 JANUARY DATA VALUES
etc. 
157-164 DECEMBER DATA VALUES

10978  1941 1600    -999999 1600    -999999 1600    1000    1500    1300    400     1100    1000    1600    1000    800     200     1500    700     700     500     
	10978  1942 2200    1800    2200    1500    2200    1300    1200    1400    1500    1100    2200    700     1300    800     800     1200    700     800     500     
	10978  1943 2000    1800    2000    1300    1200    2000    1400    500     1300    1200    700     1000    900     1900    600     800     1400    600     800     
	10978  1944 1500    1100    1500    1100    1500    1400    700     500     1100    1100    1500    700     700     700     1400    700     700     200     500     
	10978  1945 -999999 -999999 -999999 -999999 -999999 -999999 -999999 -999999 -999999 -999999 -999999 -999999 -999999 -999999 -999999 -999999 -999999 -999999 -999999 
	10978  1946 -999999 -999999 -999999 -999999 -999999 -999999 -999999 -999999 -999999 -999999 -999999 -999999 -999999 -999999 -999999 -999999 -999999 -999999 -999999 
	10978  1947 3000    -999999 3000    -999999 1000    2500    1500    1000    500     700     1000    700     700     700     2500    400     1400    400     600     
	10978  1948 2200    2200    1300    700     1500    1000    1200    300     700     1500    900     1300    1000    700     600     900     700     900     1100    
	10978  1949 2200    1700    2200    1700    1500    2200    1600    1000    800     1300    800     700     1600    900     1300    800     800     400     600     
	10978  1950 1300    1300    1100    1300    1100    700     1000    1300    400     800     800     1100    700     600     500     300     1000    600     800     
	10978  1951 2200    1100    1000    1100    1000    700     2200    900     300     900     1000    500     600     700     700     1000    2000    300     800     
	10978  1952 1900    900     1900    900     1900    900     800     500     900     500     1200    1900    800     700     800     800     800     500     500     
	10978  1953 3600    1700    1900    1100    1900    800     2800    1000    700     1400    1900    1300    800     400     800     900     900     2800    900     
	10978  1954 1700    1700    1500    1700    1700    700     1000    1000    700     1700    1100    1500    700     600     300     1000    700     800     600     
	10978  1955 2300    1200    2300    1100    900     2300    900     1000    800     900     900     600     900     2300    1200    800     800     900     600     
	10978  1956 1900    1700    1400    800     1900    700     1200    700     800     1700    1400    800     700     300     500     1200    1000    700     600     
	10978  1957 1500    800     1500    600     1500    900     900     600     300     600     1200    800     600     600     700     300     900     800     600     
	10978  1958 2500    1300    2500    800     1300    1200    1800    600     400     1300    800     500     1200    800     700     1800    800     1300    700     
	10978  1959 3700    2800    3700    2800    1000    1900    2700    800     2000    400     900     1000    1600    1900    1700    2000    1800    700     1300    
	10978  1960 1400    1200    1400    700     1400    900     800     700     700     1200    600     1200    900     500     800     800     400     400     400     
	10978  1961 1600    1500    1600    1100    1500    900     1600    500     1100    1500    400     1000    700     700     900     1600    900     900     1500    
	10978  1962 2300    1500    1300    1100    1100    1000    2300    500     1100    1100    600     500     1000    400     700     700     2300    900     700     
	10978  1963 2400    2400    1800    2200    900     1100    1800    1600    1600    800     500     900     400     1100    400     1800    1400    500     1600    
	10978  1964 1800    1800    1500    1300    1400    1200    1000    1300    600     1200    800     1400    600     900     1200    800     800     800     500     
	10978  1965 2700    2700    1400    1500    1200    1400    1400    400     1500    1200    400     800     800     600     600     1100    1400    900     300     
	10978  1966 1600    1100    1600    1100    800     1100    1500    1100    600     800     400     600     1100    300     800     1500    700     500     300     
	10978  1967 1600    1600    1200    1600    800     1200    1000    900     1600    600     800     500     800     900     1200    900     600     1000    400     
	10978  1968 2300    1100    2300    700     2300    700     1100    500     700     400     2300    500     600     700     600     800     1100    1100    1300    
	10978  1969 2400    1800    1100    1200    1100    900     2400    1200    800     1000    900     900     900     700     600     700     2100    400     1000    
	10978  1970 2700    1300    2700    700     1000    2600    1200    700     300     800     500     1000    2600    500     800     1200    1200    700     1000    
	10978  1971 2100    1400    2100    1400    2100    2100    2100    1400    1000    500     1600    1200    600     2000    500     2100    1200    500     800     
	10978  1972 2300    1900    2000    1700    1500    1200    2300    700     1700    1500    900     600     400     1200    1200    800     1900    900     1800    
	10978  1973 2600    1800    1800    1600    1800    1800    1200    800     600     1800    700     400     1800    1000    1300    800     900     1000    800     
	10978  1974 2500    1000    2200    1000    2500    1500    700     500     1000    700     2200    700     1500    600     900     500     400     400     500     
	10978  1975 2600    1200    2600    1200    2500    900     1400    900     1200    300     900     2500    900     600     900     900     1400    800     700     
	10978  1976 2500    1500    2500    1500    2500    2200    1200    500     1500    1100    2300    900     1700    1200    1500    700     1200    1100    500     
	10978  1977 2100    1300    2100    600     1000    1600    2100    400     500     1000    600     1000    400     1600    600     2100    2000    500     900     
	10978  1978 1900    1300    1600    1300    1500    1100    1900    1100    1300    300     900     1500    700     1100    1000    1000    1900    900     700     
	10978  1979 2500    700     2200    700     600     1200    2500    700     600     200     600     400     600     700     500     2200    1500    400     300     
	10978  1980 2700    1400    2700    1400    2700    700     700     1400    700     700     900     2600    500     700     500     700     400     500     700     
	10978  1981 2300    1300    1800    1300    2300    1000    800     1200    1000    500     1800    500     1000    500     1000    700     300     500     600     
	10978  1982 1900    1600    1900    1600    1600    1100    1900    1600    1400    800     1600    800     400     1100    700     1900    800     600     400     
	10978  1983 1700    1500    1500    1500    1300    1500    1700    400     1500    1300    400     300     1500    1000    1300    600     800     1400    700     
	10978  1984 1500    1500    1300    1100    1500    1300    800     400     1100    1500    1300    500     700     1000    1300    500     600     700     700     
	10978  1985 2200    2000    1100    2000    1100    800     2200    800     2000    300     1100    700     300     800     400     800     2200    500     500     
	10978  1986 3200    2600    1500    2300    1400    1100    3200    400     2300    1400    300     500     1100    1100    700     1500    1700    600     700     
	10978  1987 1300    1200    900     800     1200    900     800     800     700     1200    900     700     300     600     800     700     500     800     900     
	10978  1988 1800    900     1800    900     900     1800    1500    900     700     300     800     900     1800    400     800     600     1100    1500    700     
	10978  1989 2100    1300    2100    1300    1900    2000    1300    1000    800     700     400     1900    1100    2000    800     800     700     1300    1100    
	10978  1990 1900    1600    1700    900     1600    1700    1900    700     600     1600    700     1600    700     1700    900     600     1900    800     800     
	10978  1991 2500    2200    2500    2200    1600    1100    1400    1200    1300    1300    800     1600    500     1100    1100    1400    1200    1000    1500    
	10978  1992 1500    1400    1500    1400    1500    1400    1300    1200    600     500     800     1500    1100    700     600     800     700     300     1100    
	10978  1993 1800    1600    1700    800     1500    1700    1500    400     800     1500    800     600     1300    400     900     500     600     1500    300     
	10978  1994 2500    1100    2500    1100    2500    1700    1600    500     1100    500     2100    600     1400    1000    400     600     1600    600     700     
	10978  1995 2300    1200    2300    600     1200    2300    1100    500     600     600     900     800     1300    1000    1900    500     1100    700     1600    
	10978  1996 2200    2200    1300    1900    2000    1300    800     1900    800     2000    1200    700     1300    1300    500     700     800     600     1200    
	10978  1997 2300    2000    2300    2000    1900    1900    2300    1800    300     1200    1900    1000    600     700     1900    2300    1100    600     500     
	10978  1998 2200    1000    2200    1000    1700    2200    1000    1000    1000    500     300     1700    300     500     2000    1000    300     700     300     
	10978  1999 1700    800     1700    600     1200    1200    1000    400     400     800     800     700     1200    900     1200    600     1000    400     300     
	10978  2000 1400    800     1400    800     1300    1400    800     800     300     600     1000    500     1400    800     1300    800     400     300     800     
	10978  2001 1400    900     1300    900     1300    1200    1100    900     400     300     400     1300    1200    1100    800     300     1100    800     1400    
	10978  2002 2400    1100    1300    1100    2400    700     1100    1000    500     1100    1300    600     700     600     700     1100    700     600     1200    
	10978  2003 2300    2300    1800    2300    1800    1800    1200    800     2300    1700    1800    700     700     1100    1600    1100    900     1200    1000    
	10978  2004 1500    1000    1200    900     1200    1000    900     400     700     1000    700     1200    700     300     900     900     700     400     1500    
	10978  2005 1900    900     1900    900     900     1900    1800    500     600     900     600     800     1900    1100    800     1100    1800    700     800     
	10978  2006 1900    1300    1900    1000    1400    1900    1300    1000    600     1300    1300    1400    1300    1900    500     1300    900     500     1000    
	10978  2007 3600    1000    3500    1000    3600    800     1300    600     700     800     3000    500     800     300     800     600     1300    500     1900    
	10978  2008 1700    1700    1300    1700    1300    800     1000    500     1700    800     700     1300    600     400     800     1000    700     700     1000    
	10978  2009 1300    1000    900     1000    1000    700     800     800     700     1000    900     700     600     400     700     800     500     500     700     
	10978  2010 2000    900     2000    700     1700    2000    1200    600     700     900     1700    600     1100    900     400     500     1200    800     700     
	10978  2011 2300    1300    1600    800     1600    700     2300    600     800     1200    1500    1500    300     600     300     1300    1200    2300    200     
	10978  2012 1700    1400    1100    1400    1700    1100    1100    500     1200    1400    400     700     600     900     800     900     1100    700     400     
	10978  2013 1900    1100    1900    600     1900    1900    1300    500     600     1100    1300    600     1200    1900    600     1100    600     500     500     
	10978  2014 1700    1600    1700    500     1600    800     1700    500     500     1600    900     800     800     600     400     1700    400     500     600     
	10978  2015 1200    1000    1200    1000    1200    1100    1100    400     1000    1000    1200    900     1100    400     700     700     700     400     400     
	10978  2016 1800    1700    1800    600     1700    1800    1300    500     600     1700    700     1500    700     1800    800     1300    800     900     900     
	10978  2017 1300    1300    1000    1300    1300    900     1100    1300    800     1300    1000    700     800     400     900     800     1100    400     300     
	10978  2018 4100    1400    4100    1300    1200    4100    1700    400     1300    500     700     1200    2200    1900    600     700     1700    800     600     
	10978  2019 1500    1000    1500    1000    1500    1500    1000    400     1000    700     1500    800     1000    700     600     1000    500     700     500     
	10978  2020 3800    1100    2700    400     3800    1800    1800    400     400     1100    2700    1300    600     800     1200    1800    800     1000    400     
	10978  2021 1400    900     1400    600     1400    1300    1100    400     600     900     1200    500     1300    900     500     1100    600     700     1100    
	10978  2022 1800    1800    1700    1000    1500    1300    1200    1000    400     1500    1100    600     1300    1300    1200    500     1100    800     900     
	10978  2023 3500    1300    3500    1300    1600    1900    900     700     1300    400     400     1600    1900    400     500     900     700     300     500     
	10978  2024 1200    1200    1200    800     900     700     1200    800     300     900     500     800     700     500     400     1200    700     900     700     
	10978  2025 2800    2200    2800    1200    2800    2200    1300    1200    900     2100    1400    2200    1000    700     2200    1000    1300    700     2300    
	10978  2026 -999999 1000    -999999 1000    -999999 -999999 -999999 1000    600     900     1100    -999999 -999999 -999999 -999999 -999999 -999999 -999999 -999999 
	