EUROPEAN CLIMATE ASSESSMENT & DATASET (ECA&D), file created on: 17-05-2026
THESE DATA CAN BE USED FOR NON-COMMERCIAL RESEARCH AND EDUCATION PROVIDED THAT THE FOLLOWING SOURCE IS ACKNOWLEDGED: 

Klein Tank, A.M.G. and Coauthors, 2002. Daily dataset of 20th-century surface
air temperature and precipitation series for the European Climate Assessment.
Int. J. of Climatol., 22, 1441-1453.
Data and metadata available at http://www.ecad.eu

FILE FORMAT (MISSING VALUE CODE = -999999):

THIS FILE HOLDS DATA FOR STATION NETHERLANDS                              ELL                                      (STAID:    600)
LATITUDE: dd:mm:ss +51:11:48
LONGITUDE: ddd:mm:ss +005:45:45
ELEVATION: m   30

DATA IS FOR INDEX Maximum no of consecutive dry days (RR < 1 mm) (CDD) with unit 0.01 No of days

01-06 SOUID: Source identifier
08-11 YEAR : YYYY
13-20 ANNUAL DATA VALUES
21-28 WINTER HALF YEAR DATA VALUES
29-36 SUMMER HALF YEAR DATA VALUES
37-44 WINTER (DJF) DATA VALUES
45-52 SPRING (MAM) DATA VALUES
53-60 SUMMER (JJA) DATA VALUES
61-68 AUTUMN (SON) DATA VALUES
69-76 JANUARY DATA VALUES
etc. 
157-164 DECEMBER DATA VALUES

600    1950 -999999 -999999 -999999 -999999 -999999 -999999 -999999 -999999 -999999 -999999 -999999 -999999 -999999 -999999 -999999 -999999 -999999 -999999 -999999 
	600    1951 2300    -999999 1200    -999999 1200    1000    2300    400     600     700     1200    500     700     700     700     1000    2000    200     800     
	600    1952 2500    1700    2500    1700    2500    1100    800     400     1700    1000    2300    1300    500     900     1100    600     500     800     800     
	600    1953 3300    1700    1400    1100    1400    900     2500    800     700     1400    1300    1300    600     300     900     900     900     2500    900     
	600    1954 1700    1700    1700    1700    1700    600     700     1000    700     1700    1100    1700    600     600     500     400     700     600     600     
	600    1955 1900    900     1900    900     1900    900     900     900     400     900     1900    500     900     900     900     800     700     900     800     
	600    1956 1600    1300    1200    1300    1600    400     1200    500     1300    1200    1100    800     400     300     300     1200    900     800     600     
	600    1957 1400    1100    1000    1100    1400    900     1000    1100    300     700     1000    800     900     600     500     300     1000    800     900     
	600    1958 1700    1300    1200    800     1300    900     1700    600     300     1300    600     500     900     600     600     1200    700     1700    700     
	600    1959 3700    2800    3700    2800    1300    2300    2000    800     2000    300     900     1300    1500    2300    1700    2000    900     800     800     
	600    1960 1400    900     1400    700     1400    900     800     200     700     900     600     1100    900     300     300     800     300     400     1100    
	600    1961 1800    1800    1300    1100    1800    800     1300    1000    1100    1800    600     1000    700     700     800     1300    900     900     1400    
	600    1962 2300    1800    2100    1100    1100    1800    2300    500     1100    1100    600     500     1800    500     700     700     2300    500     700     
	600    1963 2400    2400    1500    1800    900     1200    1300    1600    1600    800     500     900     600     1200    400     600     1300    500     1300    
	600    1964 2400    2400    1500    1300    1400    1200    1000    1300    1200    1200    700     1400    600     1200    1200    800     800     900     800     
	600    1965 2800    2800    1400    1500    1300    1400    1400    500     1500    1300    600     700     800     600     700     800     1400    800     300     
	600    1966 2100    1600    2100    1600    1100    1600    1500    1600    600     700     600     1100    1600    300     700     1500    700     400     400     
	600    1967 1600    1600    1200    1600    800     1200    1000    1000    1600    700     800     600     700     500     1200    900     700     1000    400     
	600    1968 2300    1100    2300    700     2300    900     1100    400     700     400     2300    600     600     700     500     600     1100    1100    1500    
	600    1969 2300    1800    1500    1200    1100    1500    2300    1200    900     1100    1000    700     1200    1500    1000    900     2200    400     800     
	600    1970 1700    1300    1700    600     800     1100    1200    600     600     800     400     700     1100    500     900     1200    1200    600     900     
	600    1971 2200    1200    2200    1200    1900    2200    2100    1200    800     500     1500    1400    500     2100    300     2100    1200    400     900     
	600    1972 2300    1900    1400    1700    1400    900     2300    600     1700    1400    1200    500     600     800     900     900     1900    900     2100    
	600    1973 3400    2100    2500    2100    1800    1500    1500    1300    500     1800    400     400     1500    1000    1100    1500    900     1000    800     
	600    1974 3400    1100    2300    1000    3400    900     500     600     1000    1100    2300    900     700     600     900     500     400     500     500     
	600    1975 1900    1100    1900    1100    1800    1000    1400    900     1100    500     900     1800    600     500     1000    900     1400    1300    1100    
	600    1976 2700    1400    2700    1400    2700    2200    800     500     900     1100    2600    600     1700    1100    2200    500     800     800     500     
	600    1977 2000    800     2000    600     1100    1700    2000    400     300     500     700     1100    500     1600    400     2000    1000    500     900     
	600    1978 2200    800     2200    800     1700    1100    1400    700     800     500     600     1700    700     1000    1000    1000    1400    900     800     
	600    1979 1800    700     1800    700     900     1200    1800    700     500     200     800     900     600     1000    600     1800    1400    800     400     
	600    1980 1600    1400    1600    1400    1600    900     800     1400    800     700     800     1600    900     400     700     700     400     600     400     
	600    1981 1700    900     1700    900     1100    1000    700     600     900     600     1100    500     500     600     1000    700     300     600     600     
	600    1982 1600    1500    1600    1500    1600    1000    1500    1500    1500    800     1600    800     300     1000    400     1500    800     600     900     
	600    1983 1700    1700    1300    1700    1300    1300    1300    500     1700    1300    800     200     800     1000    1300    600     900     1300    700     
	600    1984 1800    1500    1500    1100    1500    1500    800     400     1100    1500    1300    700     700     1500    1200    300     700     800     1200    
	600    1985 2200    2000    1600    2000    1100    1600    2200    500     2000    600     1100    900     300     1300    500     1500    2200    500     700     
	600    1986 2700    2600    1500    2300    1300    1500    2700    700     2300    1300    600     500     1500    1200    1400    1300    1400    600     700     
	600    1987 1800    1200    1200    900     1200    1100    1300    800     700     1200    1000    700     500     800     600     800     500     1000    1400    
	600    1988 1400    800     1200    800     1200    900     1400    800     500     200     1200    800     900     400     800     600     700     1400    700     
	600    1989 1900    1700    1900    1700    1900    1100    1000    1400    700     700     400     1900    1100    700     900     600     900     1000    800     
	600    1990 2000    1600    2000    800     1600    2000    1000    800     600     1600    600     1600    1000    2000    800     600     1000    800     800     
	600    1991 2800    2100    2800    2100    1500    1400    1400    1100    1300    1400    900     1500    300     1100    1400    1400    1400    1000    1500    
	600    1992 1600    1400    1300    1400    1100    1100    1600    1300    1300    500     900     1100    900     700     500     1300    800     400     1100    
	600    1993 2200    1800    1800    1800    1600    1800    1600    500     1500    1600    1200    600     1400    400     700     500     1000    1600    600     
	600    1994 2300    1200    2300    1200    1400    2300    1800    600     1200    400     1400    500     2000    1000    500     600     1800    600     600     
	600    1995 2200    1600    2200    500     1900    2200    2100    300     500     500     800     1500    1300    900     1800    400     2100    700     1600    
	600    1996 1900    1600    1900    1600    1900    1300    1600    1600    800     1600    1900    600     1000    1300    700     1000    1600    600     1200    
	600    1997 2400    1800    2000    1800    1900    2000    2400    1800    500     1200    1900    900     600     800     2000    1700    1700    500     500     
	600    1998 1900    1900    1800    1900    1800    1700    700     1100    1900    500     300     1800    300     600     1700    600     400     700     500     
	600    1999 2000    900     2000    600     1200    1300    1400    400     300     900     800     900     600     900     600     1400    1000    700     500     
	600    2000 1200    1100    1200    1100    900     1200    800     1100    400     900     600     500     800     700     1200    800     500     300     1100    
	600    2001 1900    900     1900    900     1400    1900    1100    900     500     200     400     1400    1300    600     800     500     1100    900     1400    
	600    2002 2400    1100    1700    1100    2400    1000    1000    1100    500     1000    1400    600     1000    500     800     1000    900     900     1300    
	600    2003 2300    2100    2300    2100    2300    2000    1400    600     2100    2000    2300    600     800     2000    1600    900     1400    1200    1000    
	600    2004 1400    1000    1300    900     1300    1100    1000    400     600     1000    600     1300    600     500     600     1000    800     400     1400    
	600    2005 1700    1300    1500    1100    900     1500    1700    600     800     900     600     800     1500    1200    800     1200    1700    600     1100    
	600    2006 1800    1500    1800    1500    1200    1800    900     1100    500     1200    900     700     1200    1800    200     800     900     700     1000    
	600    2007 3800    1000    3600    1000    3800    800     1100    400     700     800     3000    600     700     500     800     600     1100    500     1500    
	600    2008 1800    1800    1300    1800    1300    800     900     500     1800    700     700     1300    600     400     800     900     600     800     1100    
	600    2009 1500    1000    1500    1000    1000    1500    1000    800     600     1000    700     800     900     600     1100    800     700     400     900     
	600    2010 3000    800     3000    800     1600    3000    1200    600     800     800     1600    800     2100    900     700     600     1200    1000    700     
	600    2011 1800    1300    1500    800     1500    500     1800    600     800     1200    1500    1300    400     400     400     1200    600     1800    300     
	600    2012 2700    2400    2600    1400    2700    2600    1100    500     1300    2400    500     800     400     700     2300    1000    1100    1100    300     
	600    2013 1900    1100    1900    800     1900    1900    1400    600     800     1100    800     600     1200    1900    1000    1200    400     500     600     
	600    2014 1800    1800    1700    700     1700    1500    1700    700     400     1700    1300    1200    1500    700     300     1700    400     700     600     
	600    2015 2000    1700    2000    1700    2000    1100    1900    500     1700    1700    2000    900     700     400     600     700     1500    400     500     
	600    2016 1600    1600    1500    700     1600    1400    1500    700     600     1600    700     1400    400     1400    900     1500    1000    900     700     
	600    2017 2700    1400    1500    1400    2700    1500    900     1400    800     1300    1400    800     1500    900     1000    900     900     400     300     
	600    2018 5600    1400    5600    1300    900     5600    2300    600     1300    500     800     900     2900    2700    700     700     2300    1100    600     
	600    2019 2100    1600    2100    1600    1500    2100    1100    500     1600    1400    1500    700     1000    1100    1000    1100    600     800     500     
	600    2020 3800    1600    3300    1600    3800    2200    1700    1600    400     1100    2700    2900    600     700     1500    1700    800     1200    500     
	600    2021 1900    1500    1400    700     1900    1300    1300    400     700     1500    1100    600     1300    700     600     1300    600     700     1000    
	600    2022 3400    3400    1500    1000    3000    1300    900     1000    400     3000    1100    1000    900     1300    1000    500     800     800     1200    
	600    2023 3500    1300    3500    1300    1600    1900    1000    900     1300    500     600     1600    1900    500     400     1000    800     200     500     
	600    2024 1200    1000    1000    800     1000    1000    1200    800     300     1000    500     500     700     1000    800     900     800     1000    700     
	600    2025 2900    1200    2900    1100    2900    2300    1200    1100    1000    1200    1200    2300    1000    600     2300    900     1200    800     2300    
	600    2026 -999999 1200    -999999 1200    -999999 -999999 -999999 1200    500     900     1400    -999999 -999999 -999999 -999999 -999999 -999999 -999999 -999999 
	