EUROPEAN CLIMATE ASSESSMENT & DATASET (ECA&D), file created on: 17-05-2026
THESE DATA CAN BE USED FOR NON-COMMERCIAL RESEARCH AND EDUCATION PROVIDED THAT THE FOLLOWING SOURCE IS ACKNOWLEDGED: 

Klein Tank, A.M.G. and Coauthors, 2002. Daily dataset of 20th-century surface
air temperature and precipitation series for the European Climate Assessment.
Int. J. of Climatol., 22, 1441-1453.
Data and metadata available at http://www.ecad.eu

FILE FORMAT (MISSING VALUE CODE = -999999):

THIS FILE HOLDS DATA FOR STATION NETHERLANDS                              CAPELLE (NB)                             (STAID:   2383)
LATITUDE: dd:mm:ss +51:40:59
LONGITUDE: ddd:mm:ss +004:58:59
ELEVATION: m    1

DATA IS FOR INDEX Maximum no of consecutive dry days (RR < 1 mm) (CDD) with unit 0.01 No of days

01-06 SOUID: Source identifier
08-11 YEAR : YYYY
13-20 ANNUAL DATA VALUES
21-28 WINTER HALF YEAR DATA VALUES
29-36 SUMMER HALF YEAR DATA VALUES
37-44 WINTER (DJF) DATA VALUES
45-52 SPRING (MAM) DATA VALUES
53-60 SUMMER (JJA) DATA VALUES
61-68 AUTUMN (SON) DATA VALUES
69-76 JANUARY DATA VALUES
etc. 
157-164 DECEMBER DATA VALUES

2383   1950 -999999 -999999 -999999 -999999 -999999 -999999 -999999 -999999 -999999 -999999 -999999 -999999 -999999 -999999 -999999 -999999 -999999 -999999 -999999 
	2383   1951 7000    -999999 1300    -999999 1000    1000    2200    3000    2700    900     1000    600     800     900     700     700     1900    300     1300    
	2383   1952 1700    1700    1500    1700    1500    1100    800     500     1700    800     1200    1500    800     800     1100    800     600     700     700     
	2383   1953 1700    1700    1400    1400    1600    1400    1600    1400    700     1600    1100    1300    1000    500     1400    700     1600    1100    900     
	2383   1954 1700    1700    1300    1700    1500    700     700     1000    700     1500    1100    1300    500     700     500     300     700     600     600     
	2383   1955 1900    1600    1900    1200    1900    1300    1100    900     1200    700     1900    600     1300    700     1100    800     700     1100    500     
	2383   1956 2400    1200    2400    1200    2400    400     1400    500     1200    1200    1600    800     400     400     300     1400    900     1000    1100    
	2383   1957 1700    800     1700    700     1500    1700    1000    700     400     600     1100    800     1200    500     700     300     1000    900     600     
	2383   1958 2500    1300    1200    800     1300    800     2100    500     300     1300    500     400     800     700     700     1000    1000    2100    500     
	2383   1959 2800    2800    2400    2800    2400    1600    2000    800     2000    400     800     2400    1500    1400    1600    2000    1000    800     800     
	2383   1960 1200    1100    1200    600     1100    1200    800     300     400     1100    600     1100    1200    400     500     800     300     400     600     
	2383   1961 1900    1900    1200    1200    1900    800     1200    500     1200    1900    700     1000    700     700     800     1200    800     800     1500    
	2383   1962 2200    2000    1700    1300    1400    1400    2200    400     1300    700     900     500     1400    500     300     700     2200    1100    700     
	2383   1963 3300    2000    1700    1200    1000    1700    1700    1000    1200    800     800     800     700     1700    300     1700    1000    900     2400    
	2383   1964 1800    1800    1500    1300    1200    1400    1000    1300    600     1200    800     1000    800     900     1200    800     700     900     800     
	2383   1965 2700    2700    1100    1400    1300    1100    1500    300     1400    1300    500     700     800     300     600     700     1500    700     300     
	2383   1966 1600    1100    1600    1100    1400    1000    1500    1100    600     600     400     1400    1000    500     800     1500    800     300     200     
	2383   1967 1400    1100    1400    1100    900     1300    1100    1100    900     700     800     300     1300    800     1200    900     700     1100    400     
	2383   1968 2200    1200    1100    800     1100    800     1600    400     800     700     1100    600     600     800     800     600     1000    1600    1500    
	2383   1969 2400    1100    1800    900     1100    1300    2400    900     400     1100    1000    700     1000    1300    600     1600    2200    500     600     
	2383   1970 2500    1300    2500    600     700     2300    1400    600     400     400     300     700     2300    600     800     1400    1200    900     2100    
	2383   1971 2300    1000    2300    1000    2000    2100    2200    700     500     500     1500    800     500     2000    800     2200    1000    700     900     
	2383   1972 2300    1900    2000    1700    1300    1300    2300    900     1700    1300    900     700     700     900     1300    700     1900    500     2100    
	2383   1973 4000    2300    1800    2300    2100    1700    1700    1900    600     2100    400     400     1700    500     1200    1700    800     700     600     
	2383   1974 1400    700     1400    600     1300    1400    400     500     600     700     1100    900     500     500     1400    400     200     300     600     
	2383   1975 1800    1100    1800    1000    1800    900     1700    600     1000    300     900     1800    600     600     900     400     1700    700     1100    
	2383   1976 2100    1500    2100    1500    1800    2100    700     500     1500    1100    1700    800     1700    1100    1400    400     700     400     600     
	2383   1977 2100    700     2100    600     1100    900     2100    400     500     400     600     1100    800     900     600     2100    1100    500     900     
	2383   1978 2100    1200    2100    1200    1600    1200    1200    500     1200    500     900     1600    700     500     1200    1000    1200    900     700     
	2383   1979 1400    700     1400    700     600     1200    1400    600     700     500     600     500     800     600     700     1400    1300    700     400     
	2383   1980 1400    1400    1200    1400    1200    1200    1300    1400    700     1200    1000    1200    1200    800     700     800     400     1000    400     
	2383   1981 1900    1200    1800    1200    1900    1800    1000    600     1200    400     1800    500     400     600     1800    900     200     500     600     
	2383   1982 1800    1500    1800    1500    1600    1200    1800    1400    1500    600     1600    1100    300     1200    400     1800    800     600     500     
	2383   1983 1800    1800    1800    1800    1300    1800    1800    500     1800    1300    300     200     1400    1800    1400    900     600     1400    800     
	2383   1984 2200    1300    2200    1100    2200    2000    700     500     1100    1300    1900    500     700     1500    2000    200     700     700     500     
	2383   1985 2000    2000    1100    2000    1100    400     1900    400     2000    500     1100    700     400     400     400     800     1900    600     500     
	2383   1986 3500    3500    1600    3200    1100    1600    3200    400     2800    1100    600     400     1200    1600    600     1500    1700    400     400     
	2383   1987 1800    1300    1800    1300    1200    1800    900     1300    700     1200    900     700     500     1300    700     500     600     900     1400    
	2383   1988 2500    900     2500    900     1300    2500    1100    900     600     300     1300    800     2500    400     700     600     1100    900     700     
	2383   1989 2100    1700    2100    1700    1900    1500    1200    1400    800     700     700     1900    1300    1200    1500    1000    700     1200    1100    
	2383   1990 1800    1600    1800    900     1600    1800    1100    600     600     1600    500     1600    1100    1800    1400    600     1100    500     800     
	2383   1991 2500    2400    2300    2400    1600    1700    1400    1200    1200    1300    1400    1600    300     700     1000    1400    800     1000    1500    
	2383   1992 1300    1300    1300    1300    1100    1300    900     1200    600     600     900     1100    900     700     600     900     500     400     1100    
	2383   1993 1700    1700    1500    1700    1600    800     1600    700     1500    1600    800     700     700     500     600     500     1000    1500    300     
	2383   1994 1600    1100    1000    1100    900     1000    1600    500     1100    400     900     500     500     1000    800     300     1600    1000    600     
	2383   1995 2700    1200    1500    400     1500    1500    1200    300     300     500     800     1500    1300    1000    1200    1100    1200    1100    1600    
	2383   1996 2900    2900    1300    2900    1600    1300    1000    2100    800     1600    1200    1200    800     1300    700     1000    600     400     1400    
	2383   1997 2000    1700    2000    1700    1900    2000    2000    1700    300     1500    1900    1000    600     600     2000    1600    1700    700     800     
	2383   1998 2000    1300    2000    1300    1700    2000    900     1200    1300    1200    300     1700    200     500     1900    700     500     700     300     
	2383   1999 1200    900     1200    700     900     1200    1100    300     400     900     400     900     1200    900     600     800     1100    400     300     
	2383   2000 1400    1000    1400    1000    1400    1200    700     1000    400     500     800     600     800     800     1200    700     400     300     800     
	2383   2001 1700    1200    1700    1200    1300    1700    1000    1200    400     400     300     1300    1300    900     700     300     1000    500     1300    
	2383   2002 2300    1000    1300    1000    2300    700     1000    1000    600     1000    1300    700     700     600     700     1000    700     600     1200    
	2383   2003 2300    2300    1900    2300    2000    1900    1500    900     2300    2000    1800    700     1300    1200    1700    1100    1500    1100    1000    
	2383   2004 1700    1000    1400    1000    1400    900     1000    300     700     900     1200    1400    700     600     300     1000    800     500     1500    
	2383   2005 1400    900     1400    800     1000    1200    1000    700     700     900     500     1000    1100    1200    600     800     1000    400     700     
	2383   2006 1500    1500    1500    1500    1400    1500    1500    1100    500     1300    900     1400    1300    1500    400     1500    700     600     1000    
	2383   2007 4600    1100    3500    1100    4600    900     1000    400     700     1100    3000    500     700     500     800     600     1000    500     1800    
	2383   2008 1800    1800    1300    1800    1300    900     900     800     1800    300     1000    1300    600     400     900     900     700     900     1100    
	2383   2009 1900    1000    1900    1000    1300    1900    1500    800     700     1000    1000    700     1400    700     800     1500    1200    400     600     
	2383   2010 2100    1300    2100    1300    2100    1400    1400    1300    1000    600     2100    900     1200    800     400     500     1300    1400    400     
	2383   2011 2800    1400    1700    1000    1700    700     2800    700     1000    1200    1700    1300    400     500     400     1200    600     2800    500     
	2383   2012 2900    2200    1700    1000    2900    1700    1000    500     1000    2200    700     1000    500     700     1700    1000    900     600     400     
	2383   2013 2100    1200    2100    800     2000    2100    1300    600     800     1200    900     600     1100    2100    700     1100    500     800     600     
	2383   2014 2400    1600    2400    500     1600    1800    2300    400     500     1600    1100    500     1800    700     500     2300    500     800     400     
	2383   2015 2000    2000    1200    1400    2000    1100    1100    400     1400    2000    1200    700     1100    500     900     600     700     400     800     
	2383   2016 1700    1700    1500    700     1700    1100    1200    600     700     1700    500     1500    1100    700     1000    1200    1100    900     1000    
	2383   2017 1700    1300    1700    1300    1200    1700    900     1300    400     800     1200    700     1700    400     900     800     900     500     400     
	2383   2018 6600    1700    6600    1400    800     6600    2200    400     1400    500     700     800     2900    3100    600     1300    2200    1200    800     
	2383   2019 2000    1700    2000    1700    2000    1600    1000    500     1700    1400    2000    1600    1100    700     800     1000    500     700     500     
	2383   2020 2800    1100    2100    600     2800    1000    1800    600     400     1100    1700    2100    700     800     1000    1800    800     900     400     
	2383   2021 -999999 -999999 1600    -999999 1600    1200    1600    -999999 600     700     1600    600     1200    800     500     1600    600     700     1000    
	2383   2022 3400    3400    2000    900     3000    1900    800     900     400     3000    1100    1500    900     1900    1600    400     700     800     1000    
	2383   2023 3900    1100    3900    1100    2000    1900    1000    600     1100    500     700     2000    1900    500     1200    900     700     300     600     
	2383   2024 1200    -999999 1200    -999999 900     800     1200    700     -999999 900     500     700     800     600     700     1200    800     1000    700     
	2383   2025 2900    1300    2900    1300    2900    2700    1200    1300    900     1200    1100    2300    1300    600     2700    1000    1000    800     1300    
	2383   2026 -999999 -999999 -999999 1300    -999999 -999999 -999999 1300    400     -999999 -999999 -999999 -999999 -999999 -999999 -999999 -999999 -999999 -999999 
	