EUROPEAN CLIMATE ASSESSMENT & DATASET (ECA&D), file created on: 17-05-2026
THESE DATA CAN BE USED FOR NON-COMMERCIAL RESEARCH AND EDUCATION PROVIDED THAT THE FOLLOWING SOURCE IS ACKNOWLEDGED: 

Klein Tank, A.M.G. and Coauthors, 2002. Daily dataset of 20th-century surface
air temperature and precipitation series for the European Climate Assessment.
Int. J. of Climatol., 22, 1441-1453.
Data and metadata available at http://www.ecad.eu

FILE FORMAT (MISSING VALUE CODE = -999999):

THIS FILE HOLDS DATA FOR STATION NETHERLANDS                              SCHINNEN                                 (STAID:   2510)
LATITUDE: dd:mm:ss +50:55:59
LONGITUDE: ddd:mm:ss +005:52:00
ELEVATION: m   80

DATA IS FOR INDEX Maximum no of consecutive dry days (RR < 1 mm) (CDD) with unit 0.01 No of days

01-06 SOUID: Source identifier
08-11 YEAR : YYYY
13-20 ANNUAL DATA VALUES
21-28 WINTER HALF YEAR DATA VALUES
29-36 SUMMER HALF YEAR DATA VALUES
37-44 WINTER (DJF) DATA VALUES
45-52 SPRING (MAM) DATA VALUES
53-60 SUMMER (JJA) DATA VALUES
61-68 AUTUMN (SON) DATA VALUES
69-76 JANUARY DATA VALUES
etc. 
157-164 DECEMBER DATA VALUES

2510   1934 -999999 -999999 -999999 -999999 -999999 -999999 700     -999999 -999999 -999999 -999999 -999999 -999999 -999999 1400    600     400     700     500     
	2510   1935 1500    1500    1400    700     1500    1100    1200    700     600     1500    300     1300    600     1100    1000    500     900     1200    900     
	2510   1936 1500    1500    1100    1100    1500    1100    1100    500     1100    1500    400     800     600     300     1100    700     1100    1000    1000    
	2510   1937 1700    900     1700    600     1000    1700    1200    500     300     400     400     1000    1000    800     900     800     1200    900     700     
	2510   1938 1400    1400    1300    900     1400    1300    800     400     900     1400    900     1300    1300    900     600     800     700     700     500     
	2510   1939 2300    1200    2300    1200    1300    1000    600     400     800     700     900     1300    1000    800     1000    600     300     300     2000    
	2510   1940 1500    700     1500    700     1500    1100    1300    700     500     600     800     1500    1100    300     700     700     1300    400     600     
	2510   1941 1500    1200    1500    1200    1200    1400    1500    1200    1000    1200    800     1200    1100    1100    300     1500    800     600     500     
	2510   1942 2200    1300    2200    1300    2200    1300    1000    1300    700     1100    2200    600     1100    700     800     500     700     800     1200    
	2510   1943 1800    1800    1500    1300    1200    1500    1400    800     1300    1200    700     1100    900     1000    700     800     1400    500     1400    
	2510   1944 2500    1100    2500    1100    1000    2500    500     500     1100    800     1000    1000    700     1000    2500    400     500     200     1000    
	2510   1945 1400    800     1400    800     1400    1000    1300    500     800     800     1400    1400    800     1000    800     700     1300    1300    1200    
	2510   1946 1900    1300    1300    1200    1300    900     1400    800     500     1100    1100    1100    400     900     500     600     1400    900     1900    
	2510   1947 3800    1000    3800    1000    1000    2600    1200    900     600     300     1000    700     800     600     2600    1200    900     500     400     
	2510   1948 2000    2000    1500    700     1400    1000    1500    700     600     1400    800     1300    800     700     1000    1500    900     1300    1000    
	2510   1949 2400    1600    2400    1600    1600    2400    1500    900     800     1300    1100    500     2000    1200    800     700     800     500     700     
	2510   1950 1300    1300    1100    1300    1100    800     1000    1300    400     900     500     1100    800     800     500     400     1000    500     900     
	2510   1951 2200    900     1200    800     1200    700     2200    500     400     900     1200    500     600     700     700     700     2000    300     1500    
	2510   1952 1400    900     1400    900     1400    1100    1000    500     900     900     1400    1400    800     900     1100    400     400     1000    700     
	2510   1953 3700    3200    1400    3200    1400    800     1900    3000    700     1400    1300    1300    600     300     800     700     1200    1700    900     
	2510   1954 3700    3700    3100    3700    3100    600     800     1000    2700    1400    1100    2000    500     600     300     500     800     800     600     
	2510   1955 1900    900     1900    800     1900    1600    900     800     400     900     1900    300     1600    600     1600    900     700     600     500     
	2510   1956 1400    1200    1200    800     1400    1100    1200    400     800     1200    1200    800     400     300     1100    1200    900     900     300     
	2510   1957 1400    1300    1000    1300    1400    900     1100    1300    300     700     1000    800     900     600     500     300     1000    800     600     
	2510   1958 2400    1400    2400    600     1300    900     1800    500     300     1300    800     400     900     700     600     1800    800     1700    700     
	2510   1959 7100    7100    4100    6100    1200    2900    2100    3100    2800    1000    900     1200    2900    1600    1000    2100    900     800     900     
	2510   1960 1400    900     1400    600     1400    800     800     200     600     900     600     1100    800     300     500     800     400     300     400     
	2510   1961 1600    1600    1000    1100    1600    800     1000    1000    1100    1600    400     900     800     700     800     1000    800     900     800     
	2510   1962 2200    1200    1700    1200    1400    1400    2200    500     1200    700     1000    400     1400    500     600     600     2200    500     700     
	2510   1963 6800    6800    1700    6000    900     1100    1700    3100    2800    800     700     900     400     1100    400     1700    800     600     1600    
	2510   1964 1500    1500    1500    1300    1400    1200    1000    1300    1200    800     800     1400    600     900     1200    800     800     800     700     
	2510   1965 1200    1000    1100    900     1000    1100    1200    300     900     1000    400     600     800     300     700     800     1200    600     200     
	2510   1966 1500    1000    1500    1000    900     1100    1500    900     1000    700     300     900     1100    300     800     1500    600     500     400     
	2510   1967 1400    900     1400    900     900     1200    900     900     900     900     700     500     700     800     1200    700     800     900     400     
	2510   1968 2700    1000    2700    700     2700    1000    1500    400     700     600     2700    500     500     800     600     600     1500    1100    1300    
	2510   1969 1900    1400    1200    1000    1000    1200    1900    800     400     1000    1000    600     1000    700     1000    800     1900    400     1000    
	2510   1970 1200    1300    1200    700     700     1100    1200    500     300     700     400     700     1100    500     400     1200    1200    600     1100    
	2510   1971 2100    1700    2100    1700    1500    2000    2100    1700    600     700     1100    1200    900     1900    600     2100    1100    500     900     
	2510   1972 2300    2000    1900    1800    1500    1200    2300    600     1800    1500    800     500     400     1200    1100    900     1900    900     1800    
	2510   1973 3100    1800    2300    1700    1800    2300    1700    1300    600     1800    500     500     800     1000    2300    1700    900     1000    400     
	2510   1974 3300    1100    2200    700     3300    1300    500     500     600     1100    2200    900     800     600     1300    500     300     500     300     
	2510   1975 1900    1100    1900    1000    1800    1000    1400    900     1000    400     900     1800    1000    600     900     900     1400    700     1100    
	2510   1976 2400    1500    2400    1500    1100    2400    800     500     1500    1100    900     800     1700    1100    2400    500     800     700     800     
	2510   1977 1500    900     1500    500     1100    1200    1300    300     400     600     500     1100    500     1100    600     1100    1300    500     900     
	2510   1978 1500    1000    1300    1000    1100    1000    1500    1000    700     500     900     1100    700     500     1000    1000    1200    1500    700     
	2510   1979 1300    700     1300    700     1100    1300    1300    700     500     200     1100    500     600     700     500     1200    1300    400     400     
	2510   1980 2300    1500    2300    1500    2300    700     800     1500    600     700     800     2300    600     400     700     700     400     600     500     
	2510   1981 1800    700     1800    700     1100    1100    1000    600     700     500     1100    300     500     600     1100    900     200     500     300     
	2510   1982 1500    1300    1300    1300    1300    1000    1500    1300    1200    800     1300    600     400     1000    400     1100    800     700     500     
	2510   1983 1700    1400    1300    1400    1300    1300    1700    400     1400    1300    800     200     800     800     1300    600     800     1400    600     
	2510   1984 1700    1700    1400    1700    1500    1100    1700    400     1700    1500    1400    400     700     1000    1100    500     700     1400    1200    
	2510   1985 2200    1900    1200    1900    1100    800     2200    600     1900    600     1100    900     500     800     400     800     2200    600     400     
	2510   1986 3000    2100    1300    1800    1300    1100    3000    500     1800    1300    300     400     1000    1100    1000    1300    1700    400     500     
	2510   1987 1700    1200    1700    1100    1200    1700    1000    700     500     1200    1000    700     300     1400    700     700     400     900     1400    
	2510   1988 1600    900     1600    900     1200    1600    1500    900     500     400     1100    600     1600    500     700     500     700     800     400     
	2510   1989 2100    1300    2100    1300    1900    1300    1300    1000    600     700     400     1900    1100    1300    700     1100    1300    1000    1000    
	2510   1990 1900    1200    1900    900     1900    1700    1500    800     600     1200    600     1900    800     1700    1400    600     1500    800     800     
	2510   1991 2800    2000    2800    2000    1500    1400    1400    1100    900     1400    700     1500    200     1100    1400    1400    1200    1000    1500    
	2510   1992 1900    1300    1600    1300    1200    900     1900    1200    600     400     900     1200    900     600     500     1600    700     400     1000    
	2510   1993 1800    900     1800    900     900     1800    1400    400     900     900     800     600     1400    600     800     400     800     800     300     
	2510   1994 1800    1200    1700    1200    1700    1700    1800    400     1200    400     1700    500     1400    1100    400     600     1800    500     500     
	2510   1995 1600    1500    1600    400     1500    1600    1400    400     300     500     800     1500    1300    700     1200    700     1400    700     1000    
	2510   1996 1400    1400    1400    1400    1400    1400    1400    1400    800     1400    1300    400     1100    1400    900     1000    1400    500     800     
	2510   1997 2300    1500    2000    1500    1900    2000    2300    1300    300     1000    1900    1000    600     700     2000    1700    1100    800     500     
	2510   1998 1800    1600    1800    1600    1800    1300    700     900     1500    500     300     1800    300     1000    1300    600     200     700     600     
	2510   1999 1700    700     1700    600     1100    1200    1200    600     400     700     800     1000    1200    900     500     1200    1000    400     400     
	2510   2000 1500    700     1500    700     700     1500    800     700     300     600     600     700     1500    700     700     800     500     300     600     
	2510   2001 1300    700     1300    600     1300    800     1100    600     500     200     400     1300    800     600     800     400     1100    800     1300    
	2510   2002 2200    1000    1300    1000    2200    800     1100    500     400     900     1300    600     800     500     600     1100    800     600     1100    
	2510   2003 2300    2300    1800    2300    2000    1700    1400    600     2300    2000    1800    500     700     1600    1600    900     1400    800     1000    
	2510   2004 1400    900     1400    900     1200    1400    900     200     600     800     700     1200    500     500     900     900     900     400     1400    
	2510   2005 1600    900     1500    800     900     1500    1600    600     700     900     500     800     1500    1000    600     1100    1600    400     700     
	2510   2006 1600    1300    1600    1000    1300    1600    1300    1000    600     1300    400     1000    1200    1600    200     1300    900     700     1000    
	2510   2007 3800    800     3500    800     3800    900     700     400     600     700     3000    600     700     400     900     600     700     400     1500    
	2510   2008 1700    1700    1300    1700    1300    700     900     500     1700    500     700     1300    600     500     700     900     700     600     1000    
	2510   2009 1300    1000    1000    1000    1000    900     900     800     600     800     700     800     500     400     900     700     700     500     900     
	2510   2010 2000    900     2000    600     1200    2000    1300    600     300     900     1200    700     1100    900     400     500     1300    800     600     
	2510   2011 2500    1200    2100    700     2100    700     2500    600     700     1200    2100    1300    300     700     300     1200    600     2500    300     
	2510   2012 2700    2400    1000    1300    2700    800     900     500     1200    2400    300     1000    400     600     800     900     700     700     400     
	2510   2013 1900    1100    1900    600     1900    1900    1400    600     600     1100    1300    600     1100    1900    1000    1200    400     800     700     
	2510   2014 1600    1600    1600    500     1600    1600    1600    500     400     1600    800     600     1600    500     300     1600    400     600     600     
	2510   2015 2000    1200    2000    1200    2000    1000    1100    700     1200    600     2000    800     1000    600     500     700     500     400     400     
	2510   2016 1700    1700    1300    600     1700    1300    1100    500     600     1700    500     700     400     1300    800     1100    700     900     800     
	2510   2017 1400    1300    1400    1300    1400    1400    900     1300    700     1300    1400    700     1400    500     900     800     900     300     300     
	2510   2018 2600    1400    2600    1300    1100    2600    1500    400     1300    400     700     1100    2300    2200    600     800     1500    1200    500     
	2510   2019 2200    1000    2200    1000    2100    2200    1000    400     1000    700     2100    500     1100    1100    900     1000    500     600     500     
	2510   2020 2900    800     2700    800     2900    1300    1800    800     400     800     2700    1800    600     600     700     1800    600     700     400     
	2510   2021 -999999 -999999 2000    -999999 2000    1400    1100    -999999 700     900     1800    500     1400    700     500     1100    700     400     500     
	2510   2022 2300    1700    2300    1000    2300    1300    900     1000    400     1500    1100    1800    900     1300    1100    500     700     400     1000    
	2510   2023 3500    1200    3500    1200    1600    1900    1200    500     1200    400     700     1600    1900    500     1000    900     1100    200     400     
	2510   2024 1100    800     900     800     600     700     1100    800     300     400     500     600     500     500     700     900     700     900     700     
	2510   2025 2500    2500    2300    1100    2400    2300    700     700     1100    2400    1100    2000    1000    1200    2300    500     700     500     1000    
	2510   2026 -999999 1100    -999999 1000    -999999 -999999 -999999 1000    300     1000    1200    -999999 -999999 -999999 -999999 -999999 -999999 -999999 -999999 
	