EUROPEAN CLIMATE ASSESSMENT & DATASET (ECA&D), file created on: 17-05-2026
THESE DATA CAN BE USED FOR NON-COMMERCIAL RESEARCH AND EDUCATION PROVIDED THAT THE FOLLOWING SOURCE IS ACKNOWLEDGED: 

Klein Tank, A.M.G. and Coauthors, 2002. Daily dataset of 20th-century surface
air temperature and precipitation series for the European Climate Assessment.
Int. J. of Climatol., 22, 1441-1453.
Data and metadata available at http://www.ecad.eu

FILE FORMAT (MISSING VALUE CODE = -999999):

THIS FILE HOLDS DATA FOR STATION NETHERLANDS                              WOENSDRECHT                              (STAID:    604)
LATITUDE: dd:mm:ss +51:26:52
LONGITUDE: ddd:mm:ss +004:20:30
ELEVATION: m   15

DATA IS FOR INDEX Maximum no of consecutive dry days (RR < 1 mm) (CDD) with unit 0.01 No of days

01-06 SOUID: Source identifier
08-11 YEAR : YYYY
13-20 ANNUAL DATA VALUES
21-28 WINTER HALF YEAR DATA VALUES
29-36 SUMMER HALF YEAR DATA VALUES
37-44 WINTER (DJF) DATA VALUES
45-52 SPRING (MAM) DATA VALUES
53-60 SUMMER (JJA) DATA VALUES
61-68 AUTUMN (SON) DATA VALUES
69-76 JANUARY DATA VALUES
etc. 
157-164 DECEMBER DATA VALUES

604    1905 -999999 -999999 -999999 -999999 -999999 -999999 700     -999999 -999999 -999999 -999999 -999999 -999999 -999999 -999999 -999999 400     600     1200    
	604    1906 2300    600     1700    600     2300    1200    1200    400     500     600     1600    600     1200    700     700     1000    400     700     1000    
	604    1907 2200    1400    2200    1400    1500    1700    2200    1300    1400    1200    400     800     400     1700    500     2200    500     1200    1700    
	604    1908 2200    1700    1800    1700    1700    1800    1800    1600    1400    1700    800     600     1200    1000    600     900     1300    1000    1000    
	604    1909 2300    2300    1500    1700    1500    800     1100    1700    1200    1100    1000    1500    700     600     600     1100    400     900     800     
	604    1910 2000    1300    1700    1000    2000    1700    1100    800     400     1300    700     1300    1700    1500    700     700     1100    400     500     
	604    1911 2400    2400    1900    2400    1500    1700    1200    1400    1000    1000    1400    1500    900     1700    1400    1200    700     600     300     
	604    1912 2300    1100    2300    1100    1900    2300    1800    1100    600     400     1700    800     500     2300    300     1800    1200    600     700     
	604    1913 2200    2200    1300    1900    700     1300    900     1000    1900    400     600     700     600     500     1300    800     900     900     -999999 
	604    1914 -999999 -999999 1800    -999999 1500    1800    1000    -999999 1400    500     1500    900     800     600     1800    1000    800     800     400     
	604    1915 2100    1200    2000    1200    1700    1300    2100    900     1200    800     1700    1100    1300    600     700     1800    2100    500     300     
	604    1916 2700    900     2700    900     900     2700    2200    300     600     800     800     800     700     1400    1300    1000    600     2200    400     
	604    1917 5300    5300    1800    4200    1800    1000    1200    1400    2800    1100    1100    700     800     1000    700     1200    600     1100    1900    
	604    1918 1600    1600    1600    1600    900     1200    900     1000    800     800     800     900     800     700     1000    500     800     900     400     
	604    1919 -999999 2200    -999999 2200    -999999 -999999 -999999 800     1400    1800    1000    -999999 -999999 -999999 -999999 -999999 -999999 -999999 -999999 
	604    1920 -999999 -999999 -999999 -999999 -999999 -999999 -999999 -999999 -999999 -999999 -999999 -999999 -999999 -999999 -999999 -999999 -999999 -999999 -999999 
	604    1921 -999999 -999999 -999999 -999999 -999999 -999999 -999999 -999999 -999999 -999999 -999999 -999999 -999999 -999999 -999999 -999999 -999999 -999999 -999999 
	604    1922 -999999 -999999 -999999 -999999 -999999 -999999 -999999 -999999 -999999 -999999 -999999 -999999 -999999 -999999 -999999 -999999 -999999 -999999 -999999 
	604    1923 -999999 -999999 -999999 -999999 -999999 -999999 -999999 -999999 -999999 -999999 -999999 -999999 -999999 -999999 -999999 -999999 -999999 -999999 -999999 
	604    1924 -999999 -999999 -999999 -999999 -999999 -999999 -999999 -999999 -999999 -999999 -999999 -999999 -999999 -999999 -999999 -999999 -999999 -999999 -999999 
	604    1925 -999999 -999999 -999999 -999999 -999999 -999999 -999999 -999999 -999999 -999999 -999999 -999999 -999999 -999999 -999999 -999999 -999999 -999999 -999999 
	604    1926 -999999 -999999 -999999 -999999 -999999 -999999 -999999 -999999 -999999 -999999 -999999 -999999 -999999 -999999 -999999 -999999 -999999 -999999 -999999 
	604    1927 -999999 -999999 -999999 -999999 -999999 -999999 -999999 -999999 -999999 -999999 -999999 -999999 -999999 -999999 -999999 -999999 -999999 -999999 -999999 
	604    1928 -999999 -999999 -999999 -999999 -999999 -999999 -999999 -999999 -999999 -999999 -999999 -999999 -999999 -999999 -999999 -999999 -999999 -999999 -999999 
	604    1929 -999999 -999999 -999999 -999999 -999999 -999999 -999999 -999999 -999999 -999999 -999999 -999999 -999999 -999999 -999999 -999999 -999999 -999999 -999999 
	604    1930 -999999 -999999 -999999 -999999 -999999 -999999 -999999 -999999 -999999 -999999 -999999 -999999 -999999 -999999 -999999 -999999 -999999 -999999 -999999 
	604    1931 -999999 -999999 -999999 -999999 -999999 -999999 -999999 -999999 -999999 -999999 -999999 -999999 -999999 -999999 -999999 -999999 -999999 -999999 -999999 
	604    1932 -999999 -999999 -999999 -999999 -999999 -999999 -999999 -999999 -999999 -999999 -999999 -999999 -999999 -999999 -999999 -999999 -999999 -999999 -999999 
	604    1933 -999999 -999999 -999999 -999999 -999999 -999999 -999999 -999999 -999999 -999999 -999999 -999999 -999999 -999999 -999999 -999999 -999999 -999999 -999999 
	604    1934 -999999 -999999 -999999 -999999 -999999 -999999 -999999 -999999 -999999 -999999 -999999 -999999 -999999 -999999 -999999 -999999 -999999 -999999 -999999 
	604    1935 -999999 -999999 -999999 -999999 -999999 -999999 -999999 -999999 -999999 -999999 -999999 -999999 -999999 -999999 -999999 -999999 -999999 -999999 -999999 
	604    1936 -999999 -999999 -999999 -999999 -999999 -999999 -999999 -999999 -999999 -999999 -999999 -999999 -999999 -999999 -999999 -999999 -999999 -999999 -999999 
	604    1937 -999999 -999999 -999999 -999999 -999999 -999999 -999999 -999999 -999999 -999999 -999999 -999999 -999999 -999999 -999999 -999999 -999999 -999999 -999999 
	604    1938 -999999 -999999 -999999 -999999 -999999 -999999 -999999 -999999 -999999 -999999 -999999 -999999 -999999 -999999 -999999 -999999 -999999 -999999 -999999 
	604    1939 -999999 -999999 -999999 -999999 -999999 -999999 -999999 -999999 -999999 -999999 -999999 -999999 -999999 -999999 -999999 -999999 -999999 -999999 -999999 
	604    1940 -999999 -999999 -999999 -999999 -999999 -999999 -999999 -999999 -999999 -999999 -999999 -999999 -999999 -999999 -999999 -999999 -999999 -999999 -999999 
	604    1941 -999999 -999999 -999999 -999999 -999999 -999999 -999999 -999999 -999999 -999999 -999999 -999999 -999999 -999999 -999999 -999999 -999999 -999999 -999999 
	604    1942 -999999 -999999 -999999 -999999 -999999 -999999 -999999 -999999 -999999 -999999 -999999 -999999 -999999 -999999 -999999 -999999 -999999 -999999 -999999 
	604    1943 -999999 -999999 -999999 -999999 -999999 -999999 -999999 -999999 -999999 -999999 -999999 -999999 -999999 -999999 -999999 -999999 -999999 -999999 -999999 
	604    1944 -999999 -999999 -999999 -999999 -999999 -999999 -999999 -999999 -999999 -999999 -999999 -999999 -999999 -999999 -999999 -999999 -999999 -999999 -999999 
	604    1945 -999999 -999999 -999999 -999999 -999999 -999999 -999999 -999999 -999999 -999999 -999999 -999999 -999999 -999999 -999999 -999999 -999999 -999999 -999999 
	604    1946 -999999 -999999 -999999 -999999 -999999 -999999 -999999 -999999 -999999 -999999 -999999 -999999 -999999 -999999 -999999 -999999 -999999 -999999 -999999 
	604    1947 -999999 -999999 -999999 -999999 -999999 -999999 -999999 -999999 -999999 -999999 -999999 -999999 -999999 -999999 -999999 -999999 -999999 -999999 -999999 
	604    1948 -999999 -999999 -999999 -999999 -999999 -999999 -999999 -999999 -999999 -999999 -999999 -999999 -999999 -999999 -999999 -999999 -999999 -999999 -999999 
	604    1949 -999999 -999999 -999999 -999999 -999999 -999999 -999999 -999999 -999999 -999999 -999999 -999999 -999999 -999999 -999999 -999999 -999999 -999999 -999999 
	604    1950 -999999 -999999 -999999 -999999 -999999 -999999 -999999 -999999 -999999 -999999 -999999 -999999 -999999 -999999 -999999 -999999 -999999 -999999 -999999 
	604    1951 2200    -999999 1300    -999999 1300    900     2200    400     600     900     1300    600     900     700     600     700     1900    300     1300    
	604    1952 1500    1500    1300    1200    1300    1100    700     500     1200    700     1300    1300    800     800     1100    700     600     600     900     
	604    1953 3600    3400    1400    2400    2700    1400    3600    2400    700     2700    1200    1000    700     1000    1400    800     2900    1100    900     
	604    1954 2600    1600    2600    1600    2600    700     700     1000    600     1000    2600    1700    500     600     700     500     700     600     600     
	604    1955 2200    800     2200    700     1900    1800    1100    700     500     800     1900    300     1500    800     1800    800     800     1100    600     
	604    1956 1900    1600    1400    1300    1900    800     1400    500     1300    1600    600     900     800     400     400     1400    900     800     700     
	604    1957 1400    1100    1100    1100    1300    1000    900     1100    400     600     900     800     700     500     500     300     700     900     600     
	604    1958 2800    1400    1100    800     1400    1000    2100    500     300     1400    600     400     1000    800     600     700     900     2100    700     
	604    1959 4000    2800    4000    2800    2500    2000    2000    800     2000    500     800     2500    1500    1300    2000    2000    900     800     900     
	604    1960 1400    1100    1400    700     1400    1400    700     400     700     1100    1000    1100    1400    400     800     700     300     300     400     
	604    1961 1800    1800    1200    1100    1700    800     1200    500     1100    1700    700     800     700     700     800     1200    800     900     1500    
	604    1962 2100    1500    1600    1300    1600    1400    2100    600     1300    800     1200    400     1400    400     700     900     2100    700     700     
	604    1963 2200    1800    2000    1400    800     1200    900     1100    1000    800     600     800     1200    800     500     700     900     500     1700    
	604    1964 1700    1700    1500    1300    1200    1200    1000    1300    500     1200    800     1100    500     1000    1200    700     700     900     800     
	604    1965 1500    1000    1300    1000    1300    600     1500    300     1000    700     600     1300    600     300     600     1200    1500    700     300     
	604    1966 1600    1100    1600    1100    1100    1400    1400    1100    600     500     600     1100    1000    300     1400    1400    700     300     300     
	604    1967 1200    900     1200    900     1200    1200    1100    900     900     800     800     400     900     700     1200    700     700     1100    400     
	604    1968 2100    1200    1600    800     1600    1200    1900    400     800     700     1600    600     600     700     1200    700     1500    1900    1400    
	604    1969 2300    1100    1800    900     1100    1200    2300    900     400     1100    1000    400     1000    1200    900     1600    2100    300     600     
	604    1970 3800    1500    3800    600     1500    2300    1400    600     400     1000    300     1500    2300    300     1100    1400    1400    400     900     
	604    1971 2700    1400    2200    1400    2700    2200    2100    1400    900     600     2200    800     600     2000    300     2100    1100    400     900     
	604    1972 3100    1500    2100    1300    1500    1300    3100    400     800     1500    900     700     700     1100    1300    1200    1900    500     2100    
	604    1973 2300    1900    1900    1000    1900    1900    1200    1000    600     1900    400     400     1700    1000    1900    900     900     1000    600     
	604    1974 2100    1100    1300    700     2100    800     400     500     600     1100    1300    700     500     600     800     400     400     400     700     
	604    1975 1900    1100    1500    1100    1500    1000    1900    500     1100    300     900     1500    1000    600     900     500     1900    700     1100    
	604    1976 2600    1300    2600    1300    1100    2600    400     700     1000    1100    800     800     1700    1600    2600    400     400     400     600     
	604    1977 1700    600     1700    600     1000    1700    1100    400     400     500     700     1000    400     1600    1100    1100    1100    500     900     
	604    1978 1800    800     1800    700     1700    1200    1200    500     700     500     900     1700    700     1100    1200    1100    1200    900     600     
	604    1979 1400    700     1400    600     600     1200    1400    600     600     500     600     500     700     700     600     1400    1100    400     300     
	604    1980 2100    1200    2100    1200    2100    800     1300    1200    800     1200    1000    2100    600     800     800     600     500     1000    900     
	604    1981 1700    1600    1700    1600    1100    1100    900     400     1600    400     1100    500     400     900     1100    800     400     500     600     
	604    1982 1900    1500    1900    1500    1600    1400    1900    1100    1500    900     1600    1200    400     1400    400     1900    800     600     900     
	604    1983 1800    1600    1500    1600    1300    1500    1800    400     1600    1300    400     300     1500    1500    1300    900     700     1400    800     
	604    1984 2600    1300    2600    1100    2100    2400    700     400     1100    1300    1900    300     700     1000    2400    300     700     700     600     
	604    1985 2000    2000    1600    2000    1100    1600    1900    800     2000    800     1100    1100    500     1600    400     900     1900    600     400     
	604    1986 2900    2500    1700    2500    1200    1700    2900    400     2500    1200    600     700     1100    1700    600     1500    1400    600     500     
	604    1987 1600    1400    1600    1400    1200    1600    1300    1400    700     1200    900     800     300     1300    700     900     500     1000    1000    
	604    1988 2500    900     2500    900     1000    2500    800     900     700     300     1000    400     2500    300     900     600     800     800     700     
	604    1989 2200    1700    2200    1700    2000    2000    1200    1400    800     700     500     2000    1300    2000    1300    1000    800     1200    1000    
	604    1990 1800    1400    1800    600     1600    1800    900     500     600     1400    600     1600    1000    1800    1000    900     900     500     600     
	604    1991 2500    1600    2300    1600    1600    1100    1400    1000    600     1100    800     1600    300     400     1000    1400    1200    1000    1500    
	604    1992 1400    1400    1300    1400    1100    1300    800     1200    600     400     900     1100    800     700     600     800     500     400     1100    
	604    1993 2500    2500    1500    1800    2500    800     1600    500     1500    2500    800     700     700     400     800     400     1000    1500    300     
	604    1994 1700    1000    1700    1000    900     1700    1600    500     1000    400     900     500     1000    1700    500     600     1600    800     400     
	604    1995 2900    1200    2900    500     1000    2900    1200    300     500     600     800     900     1300    800     2400    400     1200    1100    1600    
	604    1996 2200    2200    1200    2200    1600    1200    900     2100    600     1600    1200    1000    1000    1200    700     900     600     500     1400    
	604    1997 2300    1800    2000    1800    1900    2000    2300    1700    300     1200    1900    1000    500     1200    2000    1800    1700    500     700     
	604    1998 1700    1300    1700    1300    1400    1700    700     1200    1300    1200    200     1400    700     700     1700    500     300     700     300     
	604    1999 2500    700     2500    700     800     1200    1400    400     400     700     300     800     900     900     1100    1400    1000    300     200     
	604    2000 1600    800     1600    800     1000    1600    900     800     400     500     600     600     1600    700     1400    900     400     300     600     
	604    2001 1300    800     1300    800     1300    1000    700     800     800     500     400     1300    800     900     800     200     500     700     1300    
	604    2002 2400    1100    1400    1000    2400    700     1000    900     500     1100    1300    1400    700     700     700     1000    400     600     900     
	604    2003 2200    2000    2200    2000    2200    1900    1300    900     2000    2000    2200    700     700     1100    1700    1000    1300    800     1000    
	604    2004 1700    1000    1300    1000    1200    1100    1200    400     700     500     900     1200    700     600     500     1200    1000    400     1500    
	604    2005 1600    1000    1400    800     1000    1200    1600    500     800     1000    500     1000    1200    900     600     800     1600    600     500     
	604    2006 1700    1700    1500    1700    1300    1400    1500    1100    600     1300    900     700     1100    900     400     1500    800     600     900     
	604    2007 4500    1000    3500    800     4500    900     1000    400     700     1000    3000    500     800     900     700     600     1000    400     1400    
	604    2008 1700    1700    1300    1700    1300    1000    1000    500     1700    200     600     1300    1000    500     800     1000    700     800     1100    
	604    2009 1500    1000    1500    900     1000    1400    1500    800     400     1000    900     900     1000    500     800     1500    700     400     600     
	604    2010 2200    1100    2200    1100    2100    2200    1200    1100    1000    600     2100    900     2000    700     400     600     1200    400     600     
	604    2011 2900    1800    1500    1500    1700    600     2900    600     900     1700    1500    700     300     500     400     1200    600     2900    300     
	604    2012 1700    1400    1100    800     1700    1000    900     500     800     1400    300     1100    600     700     1000    900     500     700     400     
	604    2013 2300    900     2300    700     1600    2300    1300    500     700     800     800     600     1100    2300    700     1100    400     800     500     
	604    2014 1800    1700    1800    600     1700    1600    1800    400     600     1700    900     700     1600    500     500     1800    500     600     400     
	604    2015 2000    2000    1500    900     2000    1500    1100    400     900     2000    1300    600     1100    700     900     700     700     400     700     
	604    2016 1900    1700    1200    400     1700    1100    1200    300     400     1700    700     600     1100    900     800     1100    1100    1000    900     
	604    2017 1800    1000    1800    800     1100    1800    1000    800     800     1000    1100    1100    1800    500     1000    800     1000    400     300     
	604    2018 3800    1400    3800    1300    1800    3800    1300    500     1300    500     600     1800    2300    1500    600     800     1000    1300    600     
	604    2019 2000    1700    2000    1700    2000    1600    1000    400     1700    700     2000    900     1100    700     1300    1000    500     700     500     
	604    2020 2800    1100    2200    1100    2800    1100    1700    1100    500     1100    1700    1800    1100    700     700     1700    600     700     300     
	604    2021 2300    1800    2300    1000    1600    1700    1200    500     1000    900     1600    600     1700    1300    900     1200    700     800     1200    
	604    2022 3800    3400    3800    600     3800    1400    700     600     400     3000    2300    1500    1000    1300    1400    400     700     700     900     
	604    2023 3500    1300    3500    1300    1600    1900    900     500     1300    400     800     1600    1900    600     1100    900     800     400     500     
	604    2024 1000    900     900     800     900     700     1000    800     200     900     500     700     700     600     700     900     700     800     700     
	604    2025 2900    1200    2900    1100    2900    2700    1200    1100    1000    1200    1200    2300    1600    700     2700    1000    1000    700     1200    
	604    2026 -999999 1000    -999999 900     -999999 -999999 -999999 900     400     1000    1700    -999999 -999999 -999999 -999999 -999999 -999999 -999999 -999999 
	