EUROPEAN CLIMATE ASSESSMENT & DATASET (ECA&D), file created on: 17-05-2026
THESE DATA CAN BE USED FOR NON-COMMERCIAL RESEARCH AND EDUCATION PROVIDED THAT THE FOLLOWING SOURCE IS ACKNOWLEDGED: 

Klein Tank, A.M.G. and Coauthors, 2002. Daily dataset of 20th-century surface
air temperature and precipitation series for the European Climate Assessment.
Int. J. of Climatol., 22, 1441-1453.
Data and metadata available at http://www.ecad.eu

FILE FORMAT (MISSING VALUE CODE = -999999):

THIS FILE HOLDS DATA FOR STATION NETHERLANDS                              CADZAND                                  (STAID:   2381)
LATITUDE: dd:mm:ss +51:22:00
LONGITUDE: ddd:mm:ss +003:24:00
ELEVATION: m    1

DATA IS FOR INDEX Maximum no of consecutive dry days (RR < 1 mm) (CDD) with unit 0.01 No of days

01-06 SOUID: Source identifier
08-11 YEAR : YYYY
13-20 ANNUAL DATA VALUES
21-28 WINTER HALF YEAR DATA VALUES
29-36 SUMMER HALF YEAR DATA VALUES
37-44 WINTER (DJF) DATA VALUES
45-52 SPRING (MAM) DATA VALUES
53-60 SUMMER (JJA) DATA VALUES
61-68 AUTUMN (SON) DATA VALUES
69-76 JANUARY DATA VALUES
etc. 
157-164 DECEMBER DATA VALUES

2381   1879 -999999 -999999 -999999 -999999 -999999 -999999 -999999 -999999 -999999 -999999 -999999 -999999 -999999 -999999 -999999 -999999 1100    700     1900    
	2381   1880 -999999 3500    -999999 3500    2600    -999999 900     2900    500     2600    600     2000    -999999 -999999 1700    800     500     500     600     
	2381   1881 -999999 1000    -999999 800     1200    -999999 1100    800     800     1000    1000    1100    -999999 -999999 600     500     500     1100    1000    
	2381   1882 1600    1600    1200    1600    1500    700     600     1600    1200    1500    1200    700     400     400     500     600     300     200     700     
	2381   1883 2200    1200    1800    900     2200    900     1100    900     700     700     1800    1100    600     300     900     800     800     300     1100    
	2381   1884 1700    1000    1700    1000    1600    1600    1100    700     1000    900     1600    1200    1600    500     1100    1100    1000    900     700     
	2381   1885 1800    1800    1300    1800    1200    1300    900     1600    600     800     1200    600     700     1200    1000    300     300     900     900     
	2381   1886 1800    1600    1800    1600    1600    1800    1700    500     1600    1600    700     1000    800     1000    1200    1700    1000    700     400     
	2381   1887 3400    1800    3400    1800    1100    3400    800     1200    1800    1100    700     900     2700    1100    1200    700     700     800     300     
	2381   1888 1900    1400    1900    1400    1500    900     1400    1400    600     300     400     1500    400     200     900     800     1400    600     1500    
	2381   1889 2600    2200    2600    2200    1000    2600    2000    2000    900     800     1000    600     2000    600     500     1700    500     2000    800     
	2381   1890 2700    2700    1400    2700    1200    1200    1400    800     2600    600     600     1200    800     1200    600     1400    700     600     2900    
	2381   1891 3300    3100    1200    2900    1100    1200    1300    800     2800    700     1100    500     1200    500     400     600     500     800     1100    
	2381   1892 1800    1300    1500    1100    1800    900     1000    700     1000    500     1500    1100    600     900     600     500     700     1000    1700    
	2381   1893 3000    1600    3000    1200    3000    1800    900     1200    500     1500    1400    1600    1800    300     1300    600     800     900     900     
	2381   1894 2600    1500    1900    900     2600    1100    1600    900     900     1500    1100    800     1000    300     400     1600    400     1000    1300    
	2381   1895 2200    2200    2000    2200    1100    1200    2100    600     2200    900     1000    1100    1200    600     800     2000    400     600     800     
	2381   1896 1500    1500    1400    1500    1400    1200    1100    1000    1500    600     700     1400    600     1200    500     300     400     1100    900     
	2381   1897 2600    800     1500    800     900     1500    2600    700     600     400     800     900     600     1100    400     800     2000    800     1100    
	2381   1898 3000    1300    2500    900     3000    1800    1700    900     600     1300    2500    800     1300    1800    800     1700    1000    700     600     
	2381   1899 2300    2200    2300    1400    900     1900    1500    800     1400    900     400     600     1700    900     1900    300     1300    1500    1500    
	2381   1900 1500    1100    1500    1100    1100    1000    1500    500     1000    800     1100    900     700     1000    800     1500    400     500     400     
	2381   1901 1600    1600    1400    1600    1400    1100    1100    1600    500     800     1000    1400    1100    1000    900     700     800     900     700     
	2381   1902 1300    1100    1300    1100    700     900     1300    1100    1100    700     700     600     800     900     300     1300    500     1100    1200    
	2381   1903 2600    1200    2600    1200    1400    2600    1000    700     1200    900     800     1400    1100    1500    600     1000    400     800     2200    
	2381   1904 2800    1400    2000    1400    1100    2000    1900    900     700     1100    900     800     900     2000    500     800     1400    1000    1300    
	2381   1905 1200    900     1200    900     1200    1100    1200    800     500     900     1200    1000    600     800     1100    1200    400     900     1000    
	2381   1906 2600    500     2600    500     1900    2600    800     400     400     500     1700    500     2600    1100    900     800     400     500     800     
	2381   1907 1700    1200    1700    1000    1400    1500    1700    1000    500     1200    800     1100    500     1100    1400    1700    400     1100    1200    
	2381   1908 1800    1700    1800    1700    1500    1800    1700    900     1100    700     1500    700     900     1400    500     700     900     1000    1300    
	2381   1909 1800    1400    1300    1400    1200    1300    900     1400    1200    800     1000    1200    500     600     1300    700     500     900     600     
	2381   1910 1500    1200    900     1100    1500    900     900     800     400     1200    400     900     900     700     700     600     900     400     400     
	2381   1911 2900    2500    2900    2500    1600    2900    1200    1900    600     500     1600    1500    800     2900    1400    1200    700     600     400     
	2381   1912 1700    700     1700    700     1000    900     1700    700     500     700     1000    800     500     900     400     1700    1000    600     700     
	2381   1913 2600    1900    2600    1900    1000    1800    900     900     1900    300     500     1000    600     900     1800    800     900     900     1000    
	2381   1914 2100    1500    1500    1500    1300    1500    2100    1500    1000    600     1300    1000    800     600     1500    900     1200    600     400     
	2381   1915 2000    1200    2000    900     1800    1600    2000    900     400     1200    900     1300    1600    500     700     1800    2000    400     200     
	2381   1916 2800    700     2800    600     900     2800    1400    300     300     500     800     700     800     1400    1400    1100    700     900     300     
	2381   1917 3200    3200    1900    3200    1800    1100    1200    1300    1900    500     1100    1300    600     1000    1100    1100    600     700     1400    
	2381   1918 1700    1700    1500    1100    1700    1200    1300    700     600     1700    700     1000    700     700     1100    200     900     700     700     
	2381   1919 2600    900     2600    900     1400    2600    1800    600     800     800     1000    1400    1800    1000    1900    1800    900     300     600     
	2381   1920 3800    1700    900     1000    1700    800     3800    500     1000    1700    400     400     800     500     700     900     2500    1500    700     
	2381   1921 3800    1700    3800    1500    1400    3800    3100    500     1500    700     1200    1300    1000    2800    900     1200    1900    2000    700     
	2381   1922 2600    1400    2600    1000    2600    800     2200    300     1000    1400    800     2600    800     400     800     700     2200    600     500     
	2381   1923 1900    1700    1900    600     1700    1900    900     600     400     1700    800     800     700     1400    1400    900     300     500     500     
	2381   1924 1800    1800    1200    800     1800    1200    1000    800     800     1800    700     400     1000    1000    300     600     1000    1000    1000    
	2381   1925 2100    1000    2100    1000    700     2000    1400    1000    600     700     500     600     2000    700     800     300     1100    1300    1100    
	2381   1926 2100    2100    1500    800     2100    1200    1300    500     800     2100    1000    800     800     1200    600     1300    700     400     700     
	2381   1927 1700    1000    1700    1000    1700    600     1000    500     1000    800     900     1100    500     600     600     400     1000    600     1600    
	2381   1928 3100    3100    1700    1400    1700    1700    1100    300     1400    1700    400     800     600     1700    1400    1100    500     700     600     
	2381   1929 3900    3900    1900    1800    2100    1900    800     1300    1800    2100    1000    1600    800     1900    900     800     600     600     300     
	2381   1930 2200    2200    1600    1200    1500    1500    700     900     1200    1300    800     800     1500    600     900     400     700     300     600     
	2381   1931 1500    1000    1500    400     1200    1500    1200    400     100     1000    900     1000    1100    400     700     600     1200    600     500     
	2381   1932 2500    2500    1700    2500    1600    1700    1000    1800    700     1600    300     700     1700    400     700     600     300     1000    1800    
	2381   1933 1900    1400    1900    1400    1800    1300    1100    1400    900     1200    1700    900     800     1100    1000    1100    800     700     1500    
	2381   1934 2600    2600    1400    2600    1600    1400    1800    600     2500    1100    600     800     1400    1100    700     600     600     1800    400     
	2381   1935 2000    1600    2000    600     1700    2000    1000    600     400     1600    500     1200    400     1600    1000    1000    500     300     700     
	2381   1936 2400    1600    2400    1000    2400    1200    1100    600     1000    1600    1100    2000    700     700     1200    1100    500     1100    900     
	2381   1937 2300    600     2300    500     800     2300    1000    500     200     500     400     800     800     1100    1200    600     1000    600     400     
	2381   1938 2300    2300    1900    1200    2300    1900    1100    400     1200    2300    1500    1300    1900    900     900     700     800     1100    500     
	2381   1939 2500    1200    2500    1200    1500    1000    900     600     600     400     600     1500    1000    800     1000    900     300     300     1500    
	2381   1940 2300    1200    2300    1200    2300    1100    700     1200    500     500     500     2300    1100    600     600     700     700     500     700     
	2381   1941 3100    1400    3100    1200    1500    3100    2400    1100    500     1400    1100    1500    2100    1000    500     1600    800     500     700     
	2381   1942 2100    1900    2100    1600    2100    1800    800     1000    1600    1200    2100    800     1400    400     900     800     500     800     600     
	2381   1943 3200    3200    1600    1300    1900    1600    1600    600     1300    1900    1000    1300    1000    1000    1100    700     1600    500     800     
	2381   1944 -999999 2100    1900    1800    1800    1900    -999999 500     1800    1000    1000    1800    800     900     1800    500     -999999 -999999 -999999 
	2381   1945 2600    -999999 2300    -999999 2300    1400    2600    700     1600    2000    2300    800     900     1400    1100    1000    2200    1400    400     
	2381   1946 1700    1800    1300    800     1400    1000    1700    800     500     1400    1100    1100    400     1000    500     700     1700    600     1100    
	2381   1947 2800    1800    2800    1800    1100    2600    1400    1700    1200    400     1100    1000    700     600     2600    700     900     400     300     
	2381   1948 3000    3000    1500    1600    1400    1500    1200    500     1600    1400    900     1400    500     1400    900     800     700     1200    1000    
	2381   1949 2900    2200    2900    2200    1300    2900    1300    1600    600     1200    800     500     1700    1200    800     1100    800     400     500     
	2381   1950 1700    1300    1700    1300    1100    1300    1000    1300    400     800     700     1100    1300    500     600     300     1000    300     900     
	2381   1951 2400    1200    1400    700     1400    1100    2400    600     200     1000    1400    400     1100    900     600     700     2000    300     1300    
	2381   1952 1400    900     1400    900     1400    1100    800     500     900     700     1400    1300    800     1000    1100    800     700     300     700     
	2381   1953 3600    3600    1900    2100    2500    1900    2300    2100    1100    2500    1000    1300    800     1100    1900    900     1500    2300    800     
	2381   1954 2600    1600    2600    1600    2600    700     900     1000    600     1100    2600    1800    700     600     400     300     900     500     700     
	2381   1955 2200    1200    2200    1100    2200    1500    900     900     900     1200    2200    500     800     1400    1200    900     800     500     700     
	2381   1956 2500    1000    2500    800     2500    1000    1500    500     800     1000    1700    1300    1000    700     500     1500    900     1000    1000    
	2381   1957 1400    1200    1300    1200    1400    1300    1100    1200    400     500     1000    800     1300    400     400     400     1100    1100    600     
	2381   1958 2400    1500    1100    600     1500    700     2000    500     200     1500    500     600     600     700     500     1100    800     2000    600     
	2381   1959 2400    2100    2400    2100    2400    1500    2000    600     2000    500     900     2400    1200    1500    700     2000    900     800     900     
	2381   1960 1500    1400    1500    700     1500    800     600     500     700     1400    1500    1100    800     400     500     600     200     300     500     
	2381   1961 1800    1800    1400    1200    1700    900     1400    900     1200    1700    400     900     700     900     700     1400    800     1200    1500    
	2381   1962 2100    1400    1500    1300    1200    1300    2100    600     1300    1200    700     500     1300    700     800     1000    2100    700     700     
	2381   1963 1900    1900    1300    1100    800     900     1500    1100    1100    800     600     800     600     800     300     700     1100    800     1500    
	2381   1964 1700    1700    1700    1400    1100    1600    1000    1400    700     1100    800     900     800     1000    1300    500     700     900     700     
	2381   1965 1500    1500    1400    1300    1500    1100    1200    400     1100    1300    900     1400    800     300     900     700     1200    700     400     
	2381   1966 1700    1700    1500    1700    1100    1000    1600    1700    500     500     600     1100    300     300     1000    1500    400     400     200     
	2381   1967 1700    1500    1700    1500    900     1700    800     1000    1500    700     900     600     1700    800     1200    700     500     800     400     
	2381   1968 2100    1300    1300    800     1300    800     1200    500     800     700     1300    600     600     700     800     600     1200    1100    1400    
	2381   1969 2700    1100    1200    1000    1100    1200    2700    900     300     1100    1000    400     1000    1200    600     1200    1900    300     600     
	2381   1970 1900    1600    1900    500     900     1300    1500    400     400     500     400     900     1300    400     1200    1400    1500    700     1100    
	2381   1971 2600    1200    2600    1200    1000    2000    2200    1200    900     800     1000    600     800     1800    400     2200    1200    700     1800    
	2381   1972 2200    1500    1600    1000    1500    1000    2200    700     700     1500    800     500     600     1000    900     700     1800    500     1500    
	2381   1973 2500    2500    2300    1200    2500    2300    1200    800     600     2500    600     300     1600    400     2300    1200    900     1000    400     
	2381   1974 2400    1400    1300    800     2400    900     800     400     600     1400    1300    800     900     700     700     800     200     400     700     
	2381   1975 1500    1100    1200    1000    1100    1000    1500    800     1000    300     1100    800     1000    600     1000    700     1500    700     800     
	2381   1976 2500    1300    2500    1300    1700    2500    700     700     1100    1100    1600    800     1800    1600    2500    300     700     500     400     
	2381   1977 1500    600     1500    600     1100    900     900     400     600     500     500     1100    500     800     600     700     900     400     600     
	2381   1978 2100    800     2100    700     1700    2100    1500    700     600     500     900     1700    700     2100    1600    1200    1500    900     700     
	2381   1979 1500    1100    1500    800     500     1400    1500    800     800     500     500     500     700     700     500     1500    1300    700     400     
	2381   1980 1200    1200    1200    1200    1200    900     1200    1200    800     1100    1000    1200    600     800     900     700     500     900     600     
	2381   1981 2200    1600    2200    1600    1100    1100    1100    500     1600    700     1000    700     700     600     1100    1100    400     600     500     
	2381   1982 1600    1500    1600    1500    1600    1200    1400    1500    1500    900     1600    800     700     1200    400     1400    600     700     900     
	2381   1983 2300    1700    2300    1700    1300    2300    1700    400     1700    1300    500     400     2300    1600    1400    900     700     1400    600     
	2381   1984 2600    1100    2600    1100    2100    2400    900     200     1100    1100    1900    900     700     600     2400    400     700     900     500     
	2381   1985 1900    1900    1900    1900    1200    1900    1900    400     1900    500     1200    700     300     1700    700     900     1900    400     400     
	2381   1986 3000    2500    1300    2500    1400    1100    3000    400     2500    1400    400     500     1100    1100    600     1300    1700    500     600     
	2381   1987 1500    1500    1400    1500    1200    1400    1100    1500    700     1200    1000    700     400     1400    800     800     1100    900     900     
	2381   1988 1900    1200    1900    1200    1600    1900    1600    300     1200    400     1400    700     1900    400     900     500     800     800     1000    
	2381   1989 2200    2200    1700    2200    1700    1300    1100    1000    1200    800     500     1700    1200    1300    1000    900     500     1100    1000    
	2381   1990 2000    1700    2000    700     2000    1800    900     500     600     1700    900     2000    800     1800    900     500     900     500     600     
	2381   1991 2400    2000    2200    2000    1600    1700    1300    1300    1100    1100    900     1600    300     700     1000    1300    900     900     1500    
	2381   1992 1300    1300    1300    1300    1100    1300    900     1200    1300    400     1100    1100    1200    700     600     900     500     600     1100    
	2381   1993 2300    2300    1600    2300    1600    1600    1500    500     2000    1600    800     700     1200    400     800     300     1000    1500    500     
	2381   1994 2400    1100    2400    1100    1000    2400    1500    300     1100    400     1000    600     2200    1300    800     600     1500    800     400     
	2381   1995 4000    1200    4000    400     1200    4000    1200    200     300     900     800     1100    1300    1700    2300    500     1200    1000    1700    
	2381   1996 2900    2900    1900    2900    1900    1500    900     2100    800     1500    1900    1000    1300    1500    700     900     400     300     1400    
	2381   1997 2200    1600    1900    1600    1900    1900    2200    1300    300     1200    1900    1100    500     1200    1900    1700    900     400     700     
	2381   1998 2400    1600    2400    1600    2400    1600    900     1100    1400    1400    200     2200    600     1000    1600    900     300     600     300     
	2381   1999 1500    900     1500    800     1000    1100    1200    300     500     900     500     1000    700     900     1100    900     1200    500     200     
	2381   2000 1900    1900    1600    700     1900    1600    800     700     400     1900    700     600     1600    700     900     800     400     300     500     
	2381   2001 1600    800     1600    800     1600    1200    1200    800     800     400     300     1600    800     1100    700     500     1200    600     1300    
	2381   2002 2300    1100    1300    1000    2300    1000    1100    900     400     1100    1200    500     1000    600     700     1100    400     600     800     
	2381   2003 2100    2100    1900    2100    2000    1900    1200    300     2100    2000    1800    700     1300    1200    1700    1000    1200    800     1000    
	2381   2004 1700    1500    1300    1500    1200    1000    1200    300     1500    1000    1000    1200    800     600     400     1200    700     600     1500    
	2381   2005 1600    1000    1600    800     1100    1600    1500    500     800     1000    700     1100    1000    1600    600     900     1500    700     700     
	2381   2006 2000    2000    1500    2000    1300    1100    1500    1400    600     1300    700     700     1100    800     500     1500    1000    400     1000    
	2381   2007 3700    900     3500    900     3700    1000    1300    400     500     700     3000    500     500     400     1000    1300    1000    400     1400    
	2381   2008 1800    1800    1300    1800    1300    1100    1000    700     1800    200     1300    1300    1100    500     700     1000    900     500     1200    
	2381   2009 2000    1200    2000    900     1200    2000    2000    800     600     1200    800     800     1500    500     1500    1600    700     400     600     
	2381   2010 2100    1400    2100    1400    2100    1200    800     1300    1400    1300    2100    900     1100    800     400     600     800     400     1000    
	2381   2011 2500    1800    1300    700     1700    1000    2500    600     700     1700    1100    1100    600     500     400     1300    600     2500    500     
	2381   2012 1900    1400    1500    1100    1900    1000    1000    1100    1100    1400    500     1500    600     700     1000    1000    400     400     300     
	2381   2013 2300    900     2300    900     1600    2300    1900    600     900     800     1100    300     1100    2300    900     1100    800     300     700     
	2381   2014 2000    1600    2000    500     1600    1800    1900    400     500     1600    900     700     1800    500     500     1900    400     600     400     
	2381   2015 2000    2000    1300    1100    2000    1200    1000    400     1100    2000    1300    900     800     400     900     700     700     300     500     
	2381   2016 1600    1600    1500    600     1600    1500    1200    300     600     1600    400     800     600     1500    1000    1200    1000    700     900     
	2381   2017 2400    1300    1500    1300    2400    1500    800     1300    400     1100    1300    1100    1500    500     900     800     800     600     400     
	2381   2018 3300    1000    3300    900     1100    3300    1400    500     900     500     500     1100    2400    1600    600     700     1400    1200    800     
	2381   2019 2900    1900    2900    1800    1600    2900    1000    500     1800    1500    1600    800     1100    1800    1400    1000    500     400     500     
	2381   2020 3300    1100    3300    900     3000    1100    1500    900     400     1100    1700    3000    1000    800     1100    1500    400     900     600     
	2381   2021 -999999 -999999 -999999 -999999 1300    -999999 1200    -999999 700     800     1300    700     1200    -999999 500     1200    500     600     600     
	2381   2022 2900    2900    2000    1000    2900    2000    1100    1000    400     2900    1800    1400    900     1900    1500    400     1100    500     500     
	2381   2023 2600    1800    2600    1800    1600    1200    1800    600     1800    300     500     1600    1000    600     1200    900     1000    300     600     
	2381   2024 1000    -999999 1000    -999999 700     800     900     500     -999999 400     500     700     800     500     600     900     800     500     700     
	2381   2025 2800    2800    2800    1000    2800    2400    1000    1000    900     2700    1900    2100    1000    800     2400    800     600     800     1100    
	2381   2026 -999999 -999999 -999999 1100    -999999 -999999 -999999 1100    300     -999999 -999999 -999999 -999999 -999999 -999999 -999999 -999999 -999999 -999999 
	