EUROPEAN CLIMATE ASSESSMENT & DATASET (ECA&D), file created on: 17-05-2026
THESE DATA CAN BE USED FOR NON-COMMERCIAL RESEARCH AND EDUCATION PROVIDED THAT THE FOLLOWING SOURCE IS ACKNOWLEDGED: 

Klein Tank, A.M.G. and Coauthors, 2002. Daily dataset of 20th-century surface
air temperature and precipitation series for the European Climate Assessment.
Int. J. of Climatol., 22, 1441-1453.
Data and metadata available at http://www.ecad.eu

FILE FORMAT (MISSING VALUE CODE = -999999):

THIS FILE HOLDS DATA FOR STATION NETHERLANDS                              HEILOO                                   (STAID:   2432)
LATITUDE: dd:mm:ss +52:36:00
LONGITUDE: ddd:mm:ss +004:43:59
ELEVATION: m   -1

DATA IS FOR INDEX Maximum no of consecutive dry days (RR < 1 mm) (CDD) with unit 0.01 No of days

01-06 SOUID: Source identifier
08-11 YEAR : YYYY
13-20 ANNUAL DATA VALUES
21-28 WINTER HALF YEAR DATA VALUES
29-36 SUMMER HALF YEAR DATA VALUES
37-44 WINTER (DJF) DATA VALUES
45-52 SPRING (MAM) DATA VALUES
53-60 SUMMER (JJA) DATA VALUES
61-68 AUTUMN (SON) DATA VALUES
69-76 JANUARY DATA VALUES
etc. 
157-164 DECEMBER DATA VALUES

2432   1866 -999999 -999999 -999999 -999999 -999999 -999999 1900    -999999 -999999 -999999 -999999 -999999 -999999 -999999 400     700     1200    400     1100    
	2432   1867 2900    1900    1000    800     1700    1000    2900    800     800     1700    700     900     900     1000    900     800     1300    2900    1200    
	2432   1868 3000    1300    3000    1300    1800    3000    1500    1300    400     700     1100    900     1300    2200    600     1500    700     700     300     
	2432   1869 1900    1300    1900    900     1300    1900    800     800     900     1300    700     500     900     1200    900     600     800     400     900     
	2432   1870 3100    2000    3100    2000    1500    1600    2200    1500    2000    800     1000    1500    1600    1000    600     1600    600     700     1200    
	2432   1871 2800    1800    2800    1800    2700    1800    1700    1500    1800    1200    700     2700    700     500     1600    800     1000    1200    500     
	2432   1872 1600    900     1600    800     1300    1300    900     600     800     900     500     1300    900     1100    1300    600     900     300     800     
	2432   1873 1900    1800    1800    1100    1800    1100    1900    900     1100    1800    1800    900     1100    600     300     1300    400     1900    700     
	2432   1874 2300    1900    2300    1900    1700    2200    1100    800     1900    800     1700    900     1400    2100    900     700     900     700     900     
	2432   1875 2700    1700    2700    1300    2700    1200    900     900     1300    1000    2300    900     600     1200    900     900     600     600     700     
	2432   1876 3300    1600    3300    1600    3200    2000    1500    1600    600     1100    700     3100    1000    2000    1900    300     1500    600     900     
	2432   1877 1600    500     1600    500     1600    900     1200    500     300     500     800     800     900     500     800     600     600     600     600     
	2432   1878 1800    1800    1200    1800    1100    1200    900     700     1100    500     1100    800     1100    1200    500     600     900     600     400     
	2432   1879 -999999 -999999 -999999 -999999 -999999 -999999 -999999 1400    -999999 -999999 -999999 -999999 -999999 -999999 -999999 -999999 -999999 -999999 -999999 
	2432   1880 -999999 -999999 2800    -999999 2400    2300    900     -999999 -999999 1700    700     1700    600     800     2300    800     300     500     600     
	2432   1881 1600    1000    1000    1000    1600    800     600     900     1000    1000    1000    1000    500     500     700     200     500     600     1000    
	2432   1882 2000    2000    1200    2000    1600    700     900     2000    1300    1600    1200    700     400     500     700     600     900     300     600     
	2432   1883 2300    1200    2200    1200    2300    1200    1100    1200    600     600     2200    1300    1000    700     1200    1100    600     300     900     
	2432   1884 2600    1200    2600    800     1300    2600    1300    700     700     900     1200    1200    600     900     2400    1300    500     800     700     
	2432   1885 3400    1100    2900    1100    3400    2100    900     1100    500     700     2900    400     900     1200    900     300     200     900     1400    
	2432   1886 2200    1700    2200    1700    1500    1800    1200    400     1700    1500    900     1000    800     600     1800    1200    900     500     300     
	2432   1887 2500    1500    2500    1500    1400    2500    1300    900     1500    800     1400    600     2200    1400    900     800     300     1300    300     
	2432   1888 1400    900     1300    900     1300    1000    1400    900     500     500     600     1300    800     400     1000    1300    1400    900     1100    
	2432   1889 2600    1200    2600    1100    800     2600    1300    900     600     600     800     500     2000    600     400     1000    400     1300    700     
	2432   1890 2700    2700    1700    2700    1200    1700    1400    600     2600    700     700     1000    700     800     900     1400    700     700     2300    
	2432   1891 3000    3000    1100    2500    1100    600     800     1000    2500    800     1100    600     600     500     300     700     600     800     1000    
	2432   1892 1800    1000    1500    1000    1800    1300    900     700     500     700     1500    1100    500     1000    1300    900     500     600     1700    
	2432   1893 4300    1300    3000    900     4300    2100    700     900     400     1300    3000    1400    2100    700     800     600     700     700     600     
	2432   1894 2800    1500    1500    1200    2800    1100    1500    1200    600     1500    1300    800     1000    400     600     1500    900     800     1300    
	2432   1895 1800    1600    1700    1600    1400    900     1800    500     1600    800     1400    1300    900     700     900     1700    300     600     1200    
	2432   1896 1700    1400    1700    1400    1500    1300    1000    900     1400    800     1100    1500    600     1300    400     300     200     1000    500     
	2432   1897 2500    800     2000    800     1000    2000    2500    800     600     700     600     1000    600     1900    600     600     1200    1300    1500    
	2432   1898 2100    1100    1900    1100    1300    1300    2100    1100    500     1100    1000    900     800     800     1300    1700    1000    700     600     
	2432   1899 3100    3100    2500    1300    1800    2000    1200    800     1300    1800    900     700     2000    900     1100    800     1200    800     1200    
	2432   1900 2400    1600    2400    900     2400    1200    1000    400     600     1400    1800    900     600     1200    600     1000    300     700     500     
	2432   1901 1700    1600    1400    1600    1400    1200    1700    1600    500     700     1000    1400    1200    1100    1100    1300    800     800     300     
	2432   1902 -999999 1400    -999999 1400    -999999 -999999 2700    500     1400    700     700     -999999 -999999 -999999 -999999 1300    1400    1100    1200    
	2432   1903 1800    1400    1800    1400    1800    1400    1500    1400    1200    900     700     1800    1300    400     300     700     700     800     1100    
	2432   1904 2200    2000    2200    1000    2200    1800    1600    1000    700     2000    2200    1000    900     1800    1000    1600    900     900     900     
	2432   1905 1600    1200    1600    1200    1600    700     700     1200    800     600     1100    1600    700     700     700     500     400     700     1600    
	2432   1906 1900    700     1700    700     1900    1400    1200    600     300     600     1700    600     1400    1200    700     1200    500     600     600     
	2432   1907 2400    1000    2400    900     1400    1800    2400    900     700     900     700     800     500     1800    500     2400    600     1100    800     
	2432   1908 2300    1200    2000    1200    1300    2000    2300    800     1100    800     1300    600     1300    1400    600     1100    2100    500     1200    
	2432   1909 2000    2000    1200    1200    1200    1200    1100    1200    1200    800     1000    1200    700     600     1200    800     400     900     600     
	2432   1910 2100    1300    1100    800     2100    1100    1000    800     400     1300    800     900     900     1100    700     800     1000    400     300     
	2432   1911 3500    3500    2500    3500    3000    1500    1200    2000    1500    700     2500    1700    800     1300    1500    1200    600     400     600     
	2432   1912 1700    800     1700    800     1600    1700    1700    800     600     400     1600    900     400     1700    300     1700    1100    500     400     
	2432   1913 2900    1600    2900    1600    1000    2100    1000    1100    1600    400     600     1000    800     900     2100    900     600     400     600     
	2432   1914 2300    1600    2300    1600    2300    1900    1500    1600    600     400     1700    900     900     800     1900    900     1500    400     300     
	2432   1915 2200    1500    1200    700     1000    1200    2200    700     500     800     700     1000    1200    500     800     1000    2200    600     300     
	2432   1916 2800    1200    2800    1200    1300    2800    1100    1100    300     1200    1000    600     500     1500    1300    1100    600     900     300     
	2432   1917 3500    3500    2300    3500    2300    1100    1500    1900    1600    600     1100    1200    900     1000    800     1200    300     500     600     
	2432   1918 1400    1400    1400    1400    1000    1300    1000    900     700     1000    500     900     800     700     1000    200     900     900     600     
	2432   1919 2200    2000    2200    2000    2200    2100    1000    700     1500    900     900     2200    700     900     1700    1000    900     500     400     
	2432   1920 2900    1400    1300    1400    1100    1300    2900    800     1400    1100    300     800     1300    400     800     800     1600    1300    900     
	2432   1921 3100    1500    1700    1500    1700    1100    2200    500     1300    900     1200    1700    1000    1100    800     1600    1500    2200    900     
	2432   1922 3500    1400    3500    1100    2600    900     1400    1000    1100    1100    600     2600    900     400     500     600     1400    800     500     
	2432   1923 2200    1400    2200    700     1400    2200    600     600     700     1400    1100    700     900     1300    1000    600     100     400     500     
	2432   1924 1900    1900    1400    700     1900    1400    1400    700     700     1900    700     400     1200    900     1000    400     900     1400    1000    
	2432   1925 1500    1000    1500    1000    1000    1100    1300    1000    500     500     1000    700     1100    1000    1000    700     1000    800     500     
	2432   1926 2800    2200    1000    800     2800    800     1000    700     800     2200    600     900     600     700     600     800     800     500     900     
	2432   1927 1800    1300    1600    1100    1600    700     1000    500     1100    1300    1100    1100    500     700     600     700     1000    600     1200    
	2432   1928 1900    1900    1700    1300    1300    1700    1100    100     1300    1300    700     900     700     1700    500     1100    400     600     700     
	2432   1929 2400    1800    2400    1700    2300    2000    800     1200    1600    1800    1000    2300    600     2000    1000    800     500     400     500     
	2432   1930 2200    2200    1400    1300    1400    1000    900     1200    1300    1000    900     500     1000    500     800     500     900     300     700     
	2432   1931 1200    1100    1200    500     1100    1000    1200    400     500     1100    600     800     600     400     1000    600     1200    1200    800     
	2432   1932 2500    2500    2000    2300    1800    2000    1100    1600    2100    1800    700     500     2000    500     1600    600     200     1100    1100    
	2432   1933 3300    1200    1400    1100    1300    1000    1200    700     700     1200    900     900     800     700     1000    1200    600     700     2600    
	2432   1934 2100    2100    2000    2100    1500    1500    1600    700     2100    900     700     1500    1300    1200    700     800     400     1600    700     
	2432   1935 1800    1600    1800    500     1800    1100    700     500     400     1600    600     1200    400     1000    900     700     600     500     600     
	2432   1936 1800    1800    1500    900     1800    1300    900     300     900     1800    800     900     800     400     1300    400     900     800     900     
	2432   1937 1900    600     1900    600     1200    1500    1100    600     300     400     800     1200    700     700     1200    800     1100    900     400     
	2432   1938 2300    2300    2000    1200    2300    1300    600     400     1200    2300    1400    1400    1300    800     700     500     600     400     1000    
	2432   1939 2300    1300    2300    1300    1300    2000    500     500     800     400     600     1300    1000    500     2000    500     300     300     1500    
	2432   1940 2300    1000    2300    700     2300    1100    800     700     400     800     600     2300    1100    400     700     800     800     400     600     
	2432   1941 1600    1500    1600    1500    1500    1400    1500    1000    500     1100    1100    1500    1300    1400    400     1500    800     600     400     
	2432   1942 3100    2000    3100    1500    3100    900     1000    1500    1500    1200    2100    1000    900     500     600     1000    300     800     500     
	2432   1943 3200    3200    2200    1300    1900    2200    1400    500     1300    1900    1400    1300    1000    2000    600     500     1200    500     1000    
	2432   1944 2000    1300    2000    1300    1300    2000    700     400     1300    1000    1000    800     900     1800    1800    500     700     200     1200    
	2432   1945 1300    800     1200    400     800     1200    1300    300     300     800     800     800     400     1200    400     800     1100    1300    400     
	2432   1946 1800    1800    1700    900     1800    1600    1400    900     400     1800    1100    1500    300     1400    700     600     1400    700     1300    
	2432   1947 3100    1100    3100    900     1300    2500    1700    600     900     400     1100    1300    1000    1400    2500    900     1600    500     600     
	2432   1948 3100    3100    1500    1600    1500    1500    900     300     1600    1500    1300    1200    600     1400    900     700     800     900     1100    
	2432   1949 2300    1100    2300    900     1100    2300    1000    900     600     1100    900     600     2000    1300    1200    600     1000    500     500     
	2432   1950 1700    1400    1700    1400    900     1300    900     1400    400     500     400     900     1300    400     600     200     900     300     1400    
	2432   1951 2400    1600    1500    1200    1100    1000    2400    1000    600     1000    1100    600     1000    900     300     700     2000    300     600     
	2432   1952 1900    1000    1900    800     1900    1100    800     500     800     1000    1000    1900    800     800     1100    800     600     200     600     
	2432   1953 3600    3600    1500    1100    2500    1400    1600    800     1100    2500    1100    1400    700     600     1400    500     1600    1600    800     
	2432   1954 1800    1800    1600    1800    1600    700     600     1100    700     1600    1600    1400    500     500     700     300     400     600     600     
	2432   1955 1500    1500    1400    1100    1200    1400    700     900     1100    800     1200    800     700     1300    1100    700     700     600     300     
	2432   1956 2400    1100    2400    800     2400    1000    1800    500     800     1100    1600    800     1000    500     400     1800    800     800     1000    
	2432   1957 1400    1200    1200    1200    1400    1200    1000    1200    300     600     1000    800     1200    400     700     500     700     1000    700     
	2432   1958 1900    1100    1100    600     1100    1000    1900    500     200     1100    600     600     1000    900     400     500     900     1900    400     
	2432   1959 2800    2100    2800    2100    2800    1800    2000    500     2000    400     800     2800    1700    1800    1400    2000    1100    700     500     
	2432   1960 1300    1100    1300    500     1100    900     800     200     500     1100    800     1000    900     400     700     800     300     300     400     
	2432   1961 1700    1700    1200    1100    1700    700     1200    600     1100    1700    300     900     700     600     700     1200    800     1200    1500    
	2432   1962 2100    1300    2100    1200    1200    1700    2100    600     1200    1100    700     500     1700    500     500     800     2100    700     700     
	2432   1963 2000    1800    1400    1100    900     900     1400    1100    1000    800     800     600     600     700     200     1400    900     500     1500    
	2432   1964 2300    2300    1100    2100    1800    1000    1000    2100    500     1800    800     1100    800     1000    500     800     600     900     600     
	2432   1965 1400    1400    1100    900     1300    1100    1400    700     800     1300    400     700     800     300     1100    700     1400    600     100     
	2432   1966 1600    1100    1600    1100    1400    1000    1500    1100    500     500     300     1400    1000    400     800     1500    500     400     200     
	2432   1967 1200    800     1200    800     800     1200    800     800     800     700     800     400     900     1000    1100    700     400     800     400     
	2432   1968 1400    1200    1300    800     1300    800     1000    500     800     500     1300    600     800     600     600     700     1000    800     1400    
	2432   1969 1900    1600    1900    700     1100    1300    1700    600     700     1100    900     500     1300    1200    900     1600    1700    300     600     
	2432   1970 2400    1200    2400    600     1600    2200    1400    600     400     800     400     1600    2200    600     800     1400    1100    700     1300    
	2432   1971 2000    1000    1500    1000    2000    1200    1600    600     700     500     1500    800     700     1100    500     1200    1200    400     900     
	2432   1972 3200    1500    1900    1300    1500    1100    3200    1000    800     1500    1100    700     300     1000    1100    1400    1800    300     1000    
	2432   1973 2300    2100    2300    1500    2100    2300    1400    1400    600     2100    400     600     2300    500     2300    1400    800     400     400     
	2432   1974 3500    1100    2400    700     3500    1500    800     500     700     1100    2400    700     1500    700     1400    800     200     400     500     
	2432   1975 2100    1100    2100    1100    900     2100    1800    700     1100    600     900     700     1100    900     1400    900     1800    800     700     
	2432   1976 2600    1600    2600    1600    1500    2600    800     500     1600    1100    1500    800     1000    1200    2600    500     800     500     400     
	2432   1977 1900    800     1900    600     1500    1500    1900    300     600     400     500     1500    800     1500    700     1900    1100    600     600     
	2432   1978 1500    1500    1400    1500    1200    1400    1000    500     1500    500     1100    1000    700     1200    1300    1000    500     900     700     
	2432   1979 1200    800     1200    800     600     1200    1200    700     800     300     600     500     900     700     1000    1000    1200    300     400     
	2432   1980 3300    1600    3300    1400    3300    1200    1300    1400    1400    1100    1700    2800    800     1100    600     1300    300     500     400     
	2432   1981 3000    1500    2700    1500    3000    1000    1000    500     1500    400     2700    400     800     700     1000    1000    300     600     700     
	2432   1982 2400    1600    2400    1600    2400    1900    1700    1500    1600    600     1700    2400    800     1600    300     1700    800     600     700     
	2432   1983 1900    1900    1800    1900    1300    1800    1600    500     1900    1300    500     300     800     1800    1200    900     600     1300    800     
	2432   1984 2700    1300    2700    1200    2100    2600    700     400     1200    1300    1900    500     800     1500    2600    300     700     400     500     
	2432   1985 2900    2900    1400    2900    900     1200    1300    400     2800    500     900     900     500     1200    600     900     1300    800     400     
	2432   1986 3500    3500    1500    3200    1500    1500    2100    400     2800    1500    1300    800     1500    1500    1500    1500    600     400     500     
	2432   1987 1900    1300    1900    1200    1300    1900    800     1200    1100    1300    800     800     800     1400    400     400     500     800     600     
	2432   1988 2000    1100    2000    1100    1100    2000    900     500     1100    200     1100    800     2000    500     900     600     900     800     600     
	2432   1989 1800    1000    1800    1000    1800    1800    1800    1000    600     700     500     1800    1800    1300    1100    1400    400     1200    800     
	2432   1990 2600    800     2600    800     1900    2600    900     800     700     600     500     1900    800     2200    800     600     900     500     600     
	2432   1991 2400    1800    2100    1800    1500    2100    1300    1100    700     1100    900     1500    200     600     1500    1300    1000    800     1600    
	2432   1992 1800    1400    1800    1400    1800    1300    1200    1300    1000    500     1100    1800    1100    700     800     700     700     600     1200    
	2432   1993 1800    1000    1600    800     1600    1500    1800    500     800     1000    800     800     1200    400     500     400     1000    800     500     
	2432   1994 1600    1200    1300    1200    1000    1300    1600    500     1200    800     900     700     900     1300    700     600     1600    800     400     
	2432   1995 2800    1600    2800    300     1600    2800    2000    200     300     500     900     700     1300    800     2400    400     2000    1100    1600    
	2432   1996 2900    2900    1900    2900    1900    1300    1200    2100    800     1500    1900    600     1300    1300    800     1000    1200    400     900     
	2432   1997 2000    1800    1900    1800    1900    1900    1600    1800    300     800     1900    900     700     1000    1900    1600    900     600     600     
	2432   1998 1700    1300    1700    1300    1700    1600    700     800     1300    600     300     1700    300     400     1600    700     500     700     300     
	2432   1999 2000    600     2000    600     1300    1500    1400    300     400     600     900     700     900     900     600     1400    1200    400     200     
	2432   2000 1500    1200    1500    1200    1500    1000    600     1200    400     500     600     1500    800     700     600     600     400     300     600     
	2432   2001 1300    900     1300    900     1200    1300    300     900     900     500     300     1200    1100    1200    700     200     300     300     1200    
	2432   2002 2300    1100    1300    1100    2300    800     1100    1000    500     1000    1300    700     800     700     800     1100    500     300     1200    
	2432   2003 2300    2300    2200    2300    2300    2200    1300    600     2300    2300    1400    700     1000    1300    2100    1100    1300    800     1000    
	2432   2004 1700    1000    1400    1000    1400    1400    1100    300     500     600     800     1400    1400    600     400     1100    600     300     1500    
	2432   2005 1300    700     1300    700     700     900     800     600     600     700     600     500     800     900     500     800     600     600     600     
	2432   2006 1700    1400    1700    1400    1300    1200    1700    1100    1000    1300    700     1300    1200    1100    300     1700    1100    400     900     
	2432   2007 4600    1100    3500    800     4600    1000    1200    400     500     1100    3000    500     700     500     1000    500     1200    600     1400    
	2432   2008 1600    1600    1400    1600    1400    900     1400    400     1600    300     900     1400    900     300     700     1400    900     600     1200    
	2432   2009 2400    1200    2400    1000    1500    1500    2400    800     600     1200    1500    700     1100    600     900     2400    500     300     500     
	2432   2010 1700    1400    1700    1400    1700    900     800     900     1400    900     1100    1700    900     900     400     500     800     800     600     
	2432   2011 3000    3000    2700    700     2900    800     1800    700     700     2900    1900    900     400     600     400     900     600     1800    500     
	2432   2012 1900    1400    1100    900     1900    800     1000    500     900     1400    700     1000    500     800     800     1000    500     600     200     
	2432   2013 2400    2100    2400    1400    2100    2400    1300    600     1400    1300    1200    700     1100    2400    700     1100    500     400     400     
	2432   2014 2000    1400    2000    300     1400    1600    1900    300     300     1400    500     800     1600    700     200     1900    300     600     400     
	2432   2015 1400    1400    1400    1400    1100    1400    1300    400     1400    1000    1100    900     1400    300     900     600     1000    300     300     
	2432   2016 1600    1500    1300    500     1500    1000    1300    300     500     1500    600     1100    900     1000    900     1300    1100    900     1000    
	2432   2017 1300    1300    1200    1300    1100    1200    700     1300    1000    1000    1100    900     1200    500     900     400     700     300     400     
	2432   2018 3900    1700    3900    1400    1000    3900    1800    900     1400    500     900     1000    1200    2700    900     800     1800    1500    800     
	2432   2019 2000    1400    2000    1200    2000    1500    600     500     1000    1400    2000    1600    1000    500     1200    500     300     600     700     
	2432   2020 2800    1600    2700    300     2800    1200    1300    300     300     1600    2700    1000    800     900     1200    1300    600     700     400     
	2432   2021 -999999 -999999 1700    -999999 1700    1200    1100    -999999 1000    800     1700    500     1200    -999999 500     1100    300     300     700     
	2432   2022 3200    1400    3200    700     3200    1900    600     700     400     1400    2200    1000    900     1900    1500    500     600     500     800     
	2432   2023 3900    1100    3900    1100    2000    1900    1000    600     1100    300     700     2000    1900    300     1100    1000    700     200     500     
	2432   2024 1300    -999999 1300    -999999 800     1300    1100    700     -999999 500     500     800     900     600     700     1000    500     900     700     
	2432   2025 2900    1800    1700    1200    2900    1500    1100    1000    900     1800    1100    1700    800     500     1500    1000    600     700     1100    
	2432   2026 -999999 -999999 -999999 600     -999999 -999999 -999999 600     400     -999999 -999999 -999999 -999999 -999999 -999999 -999999 -999999 -999999 -999999 
	