EUROPEAN CLIMATE ASSESSMENT & DATASET (ECA&D), file created on: 17-05-2026
THESE DATA CAN BE USED FOR NON-COMMERCIAL RESEARCH AND EDUCATION PROVIDED THAT THE FOLLOWING SOURCE IS ACKNOWLEDGED: 

Klein Tank, A.M.G. and Coauthors, 2002. Daily dataset of 20th-century surface
air temperature and precipitation series for the European Climate Assessment.
Int. J. of Climatol., 22, 1441-1453.
Data and metadata available at http://www.ecad.eu

FILE FORMAT (MISSING VALUE CODE = -999999):

THIS FILE HOLDS DATA FOR STATION NETHERLANDS                              WAGENINGEN - VEENKAMPEN                  (STAID:   8555)
LATITUDE: dd:mm:ss +51:58:53
LONGITUDE: ddd:mm:ss +005:37:18
ELEVATION: m    5

DATA IS FOR INDEX Maximum no of consecutive dry days (RR < 1 mm) (CDD) with unit 0.01 No of days

01-06 SOUID: Source identifier
08-11 YEAR : YYYY
13-20 ANNUAL DATA VALUES
21-28 WINTER HALF YEAR DATA VALUES
29-36 SUMMER HALF YEAR DATA VALUES
37-44 WINTER (DJF) DATA VALUES
45-52 SPRING (MAM) DATA VALUES
53-60 SUMMER (JJA) DATA VALUES
61-68 AUTUMN (SON) DATA VALUES
69-76 JANUARY DATA VALUES
etc. 
157-164 DECEMBER DATA VALUES

8555   1879 -999999 -999999 -999999 -999999 -999999 -999999 -999999 -999999 -999999 -999999 -999999 -999999 -999999 -999999 -999999 -999999 1500    700     2000    
	8555   1880 -999999 -999999 -999999 1900    -999999 -999999 -999999 900     900     -999999 -999999 -999999 -999999 -999999 -999999 -999999 -999999 -999999 -999999 
	8555   1881 -999999 -999999 -999999 -999999 -999999 -999999 -999999 -999999 -999999 -999999 -999999 -999999 -999999 -999999 -999999 -999999 -999999 -999999 -999999 
	8555   1882 -999999 -999999 -999999 -999999 -999999 -999999 -999999 -999999 -999999 -999999 -999999 -999999 -999999 -999999 -999999 -999999 -999999 -999999 -999999 
	8555   1883 -999999 -999999 -999999 -999999 -999999 -999999 -999999 -999999 -999999 -999999 -999999 -999999 -999999 -999999 -999999 -999999 -999999 -999999 -999999 
	8555   1884 -999999 -999999 -999999 -999999 -999999 -999999 -999999 -999999 -999999 -999999 -999999 -999999 -999999 -999999 -999999 -999999 -999999 -999999 -999999 
	8555   1885 -999999 -999999 -999999 -999999 -999999 -999999 -999999 -999999 -999999 -999999 -999999 -999999 -999999 -999999 -999999 -999999 -999999 -999999 -999999 
	8555   1886 -999999 -999999 -999999 -999999 -999999 -999999 -999999 -999999 -999999 -999999 -999999 900     700     -999999 -999999 -999999 -999999 -999999 -999999 
	8555   1887 -999999 -999999 -999999 -999999 -999999 -999999 -999999 -999999 -999999 -999999 -999999 -999999 -999999 -999999 -999999 -999999 -999999 -999999 -999999 
	8555   1888 2300    -999999 2300    -999999 2300    600     1200    1300    900     300     600     2300    300     400     600     1200    1200    900     1200    
	8555   1889 -999999 -999999 -999999 -999999 -999999 -999999 -999999 -999999 -999999 -999999 -999999 -999999 -999999 -999999 -999999 -999999 -999999 -999999 -999999 
	8555   1890 -999999 -999999 -999999 -999999 -999999 -999999 -999999 -999999 -999999 -999999 -999999 -999999 -999999 -999999 -999999 -999999 -999999 -999999 -999999 
	8555   1891 -999999 -999999 -999999 -999999 -999999 -999999 -999999 -999999 -999999 -999999 -999999 -999999 -999999 -999999 -999999 -999999 -999999 -999999 -999999 
	8555   1892 2100    -999999 1500    -999999 1900    900     900     1100    1000    1300    1500    700     600     900     500     500     600     900     1600    
	8555   1893 3500    1900    1900    1900    2400    1800    900     1900    500     1300    1800    900     1800    700     1200    600     500     900     700     
	8555   1894 2200    1400    1100    1400    2000    1100    1100    1400    500     1200    800     800     1000    500     400     1100    400     1000    1200    
	8555   1895 2500    1800    2500    1800    1300    1200    1600    700     1100    700     1000    1300    1200    800     900     1500    600     500     800     
	8555   1896 1600    1600    1300    1600    1300    1200    1100    1000    1400    700     500     1300    600     1200    300     400     200     1100    500     
	8555   1897 2600    800     1200    800     1000    1100    2600    800     700     700     500     1000    600     1100    400     900     1300    1300    1300    
	8555   1898 1900    1100    1900    1000    1100    1400    1700    1000    400     1100    1000    500     800     800     1400    1700    1100    1000    700     
	8555   1899 3100    3100    2400    1500    1800    2000    1200    1100    1300    1800    300     800     2000    900     1400    300     1200    1100    1700    
	8555   1900 1600    1200    1600    900     1600    900     800     300     800     1200    800     1600    500     900     700     600     500     800     700     
	8555   1901 1900    1800    1400    1800    1400    1100    1700    1800    800     500     900     1400    800     1100    1000    1300    800     800     500     
	8555   1902 1900    1900    900     1900    900     700     1100    500     1900    700     600     900     700     700     300     600     500     1100    1200    
	8555   1903 1600    1600    1500    1600    1100    1500    800     1600    700     1100    300     900     1100    700     400     800     400     500     2200    
	8555   1904 2800    1300    2000    1200    1100    2000    1200    1000    800     1100    1100    1100    700     2000    700     1200    800     800     1100    
	8555   1905 1600    1100    1600    1100    1000    1600    1200    700     700     500     1000    800     1600    700     800     1200    300     700     1100    
	8555   1906 1800    600     1700    500     1800    1100    1100    400     500     600     1700    500     1100    400     600     1000    900     600     400     
	8555   1907 1600    1300    1600    1300    1400    1600    1100    1300    700     900     700     900     300     1600    400     700     400     1000    800     
	8555   1908 1500    1300    1500    1300    800     1500    1300    700     1300    800     400     500     1200    800     600     1100    900     600     1300    
	8555   1909 1800    1300    1400    1300    1400    900     1000    900     1300    800     900     1400    900     600     600     1000    600     700     1100    
	8555   1910 1900    1300    900     800     1900    900     1800    800     300     1300    600     600     400     900     700     800     1700    500     500     
	8555   1911 2600    2600    1500    2600    1500    900     1200    2200    1000    900     1500    800     400     900     900     1200    600     400     300     
	8555   1912 2000    1200    2000    1200    2000    1900    1300    1200    600     500     1900    700     600     1900    300     1300    1300    400     500     
	8555   1913 1900    1600    1900    1600    600     1900    1700    900     1600    300     400     600     800     500     1900    1300    800     400     600     
	8555   1914 1600    1600    1400    1600    1000    1400    1400    1600    1000    400     800     900     900     800     1400    1000    700     1200    500     
	8555   1915 2000    800     2000    700     1300    1200    1300    700     600     700     700     1300    1200    500     600     1100    1300    700     300     
	8555   1916 2800    1600    2800    1600    1300    2800    1200    1100    500     800     800     600     400     1500    1300    1000    600     900     600     
	8555   1917 3100    3100    1800    3100    1800    1200    1200    1400    1700    700     600     1200    500     1000    600     1100    600     1000    700     
	8555   1918 1700    1700    1700    1200    1700    1200    700     700     600     1400    1700    1000    500     700     700     200     700     700     300     
	8555   1919 2300    1900    2300    1900    2000    2300    1200    700     1500    900     700     2000    1500    600     1900    1200    1000    600     800     
	8555   1920 2500    1100    1400    1100    1100    1400    2500    700     1100    1100    400     500     1400    400     800     900     1600    1400    1700    
	8555   1921 3000    1500    2200    1500    1400    2200    2300    500     1300    1400    800     600     900     2200    800     1700    1500    2300    700     
	8555   1922 2700    1400    2700    1100    1900    1200    1400    300     1100    1200    700     1900    1200    600     500     300     1400    800     600     
	8555   1923 1900    1500    1900    800     1500    1900    700     600     800     1500    800     500     500     1400    1400    600     400     700     600     
	8555   1924 1700    1600    1100    1400    1600    1100    1700    1200    1300    1600    1100    500     1000    1000    500     600     1000    1700    1200    
	8555   1925 1800    1000    1800    1000    1100    1700    1500    1000    400     600     1100    700     1700    800     900     300     1200    700     600     
	8555   1926 1500    700     1500    600     1000    1000    700     600     600     700     600     400     700     800     1000    700     600     400     900     
	8555   1927 1600    1100    1600    1000    1600    800     1300    700     1000    1100    500     1100    800     400     600     900     1300    600     800     
	8555   1928 1900    1900    1800    1300    1300    1800    1100    600     1300    1300    700     900     600     1800    400     1100    600     600     1000    
	8555   1929 2000    1800    2000    1400    1800    2000    1100    1000    1400    1800    1000    1400    600     2000    1200    1100    600     600     500     
	8555   1930 2300    2200    1300    1300    2300    1000    500     600     1300    1200    1100    500     1000    500     800     500     500     400     800     
	8555   1931 1700    1200    1700    600     1200    1700    1200    600     600     1200    500     500     1200    500     1000    600     1200    700     900     
	8555   1932 2700    1800    2000    1300    1800    2000    1000    800     1300    1800    800     600     2000    500     800     400     200     1000    2700    
	8555   1933 1700    1600    1700    1600    1200    1700    1100    1600    700     1200    1100    1000    900     800     1400    1100    700     800     1100    
	8555   1934 2500    2400    2500    2400    1500    2500    1300    700     2400    900     600     800     1200    2300    1300    800     400     1300    500     
	8555   1935 1700    1600    1700    600     1700    1100    600     600     400     1600    600     1100    500     800     1100    400     600     500     600     
	8555   1936 1300    1300    1200    1000    1300    1000    1100    600     1000    1300    700     800     700     500     1000    400     800     1100    900     
	8555   1937 1900    800     1900    500     1200    1500    1300    500     100     400     400     1200    700     600     900     400     1300    900     400     
	8555   1938 1700    1400    1600    1400    1400    1400    1700    300     1400    1200    800     1400    1300    1400    600     1600    700     800     500     
	8555   1939 2400    1300    2400    1300    1400    1000    1200    600     700     300     700     1400    1000    700     800     1100    800     300     1500    
	8555   1940 2100    1000    2100    700     2100    1100    1300    700     600     400     500     2100    1100    500     700     900     1300    600     600     
	8555   1941 1800    1200    1800    1200    1700    1800    1500    1100    400     1100    900     1700    1500    1100    200     1500    800     500     500     
	8555   1942 3000    1400    3000    1400    3000    1100    1100    1400    1000    1100    2100    900     1100    400     700     1100    600     900     600     
	8555   1943 3200    3200    1800    1300    1900    1800    1800    500     1300    1900    1000    1100    700     1800    500     900     1600    700     1000    
	8555   1944 -999999 1700    1800    1700    1300    1800    -999999 300     1700    1100    400     800     800     700     1800    600     600     -999999 -999999 
	8555   1945 -999999 -999999 -999999 -999999 -999999 1000    1300    -999999 -999999 -999999 -999999 -999999 1000    800     700     1000    1300    800     600     
	8555   1946 1600    1600    1400    1600    1400    900     1000    1600    400     1100    1100    1200    300     700     700     600     1000    800     1200    
	8555   1947 3000    800     3000    800     1000    2500    1000    800     500     400     1000    700     900     2000    2500    700     900     400     300     
	8555   1948 3000    3000    1200    1500    1500    1000    1200    200     1500    1500    800     1200    900     1000    900     700     800     1200    1100    
	8555   1949 1700    1700    1400    1700    1400    1400    1600    1000    800     1300    800     600     1000    800     1400    800     800     500     600     
	8555   1950 1700    1200    1700    1000    900     1300    1000    1000    400     800     900     900     1300    300     500     300     1000    400     1300    
	8555   1951 2200    1500    1300    1000    1000    1300    2200    900     500     1000    1000    500     1300    1000    700     700     2000    300     700     
	8555   1952 3300    1000    1300    800     1300    1100    1100    500     800     1000    1300    1200    800     1000    1100    1100    600     500     3000    
	8555   1953 2000    1800    1600    900     1800    1600    2000    800     700     1800    1200    900     700     300     1600    700     1500    1100    800     
	8555   1954 1800    1800    1500    1800    1700    700     600     1100    700     1700    1200    1500    500     500     500     400     600     600     600     
	8555   1955 2200    1600    2200    1200    1200    1800    1100    900     1200    700     1200    400     1300    900     1800    800     700     1100    800     
	8555   1956 1400    1300    1200    1300    1400    700     1200    500     1300    1200    900     800     700     400     400     1200    900     1000    600     
	8555   1957 1300    1200    1100    1200    1300    900     1000    1200    300     600     900     800     700     600     700     300     1000    1000    600     
	8555   1958 2800    1300    1400    800     1300    1400    2100    600     300     1300    600     500     1400    700     700     900     1000    2100    700     
	8555   1959 2800    2800    2200    2800    1500    1800    2700    800     2000    400     800     1500    1700    1800    700     2000    1800    800     800     
	8555   1960 1700    1000    1700    600     1700    700     900     600     500     1000    1000    1200    700     400     500     900     300     400     1100    
	8555   1961 1500    1500    1300    1100    1500    1200    1300    500     1100    1500    700     1000    1200    700     800     1300    1300    900     1500    
	8555   1962 2100    1900    1600    1200    1500    1400    2100    400     1200    1300    1000    500     1400    400     500     500     2100    600     700     
	8555   1963 2900    2400    1300    1600    900     1000    1000    1000    1600    800     800     900     400     1000    300     1000    900     500     2400    
	8555   1964 1800    1800    1500    1400    1200    1100    1000    1400    600     1200    800     1000    900     800     1100    700     800     900     700     
	8555   1965 1500    1500    1200    1000    1300    1200    1400    700     1000    1300    500     500     800     400     700     1100    1400    1400    400     
	8555   1966 2100    1100    2100    1100    900     1600    1500    1100    600     400     500     900     1600    400     800     1500    800     500     200     
	8555   1967 1400    1100    1400    1100    1400    1200    1100    1100    900     700     1000    500     900     900     1200    500     300     1100    400     
	8555   1968 1800    1200    1800    800     1800    1000    1200    500     800     700     1800    500     600     800     700     600     1000    1200    1500    
	8555   1969 2200    1700    2200    1200    1200    1200    2000    1200    700     1200    900     400     1100    1200    900     2000    2000    400     600     
	8555   1970 1300    1300    1300    600     1200    1300    1300    600     400     800     300     1200    1300    300     900     1300    1200    800     1000    
	8555   1971 2300    900     2300    800     2000    2000    2200    600     800     500     1500    800     900     1900    400     2200    1200    500     900     
	8555   1972 3100    1900    1900    1900    1500    1200    3100    1000    800     1500    700     500     500     1200    1200    1200    1900    700     2100    
	8555   1973 4000    2300    2500    2300    1100    2500    1300    1900    500     1100    600     400     2500    400     2000    1300    900     800     600     
	8555   1974 3300    1100    2200    900     3300    1000    500     500     900     1100    2200    900     600     800     700     300     500     400     400     
	8555   1975 1700    1100    1700    1100    1400    1700    1400    600     1100    200     700     1400    600     700     1000    500     1400    700     1000    
	8555   1976 2500    1500    2500    1500    2500    2100    800     500     1500    1100    2300    600     1700    1100    1400    400     800     700     500     
	8555   1977 1700    800     1700    600     1100    1700    1700    400     500     700     500     1100    1200    1600    700     1700    1100    500     600     
	8555   1978 2100    1000    2100    1000    2000    1100    1000    1000    800     500     900     2000    400     1100    1100    500     1000    900     800     
	8555   1979 1200    700     1100    700     1100    800     1200    700     500     500     1100    500     800     800     400     1000    1200    600     300     
	8555   1980 2100    1900    2100    1400    2100    700     1100    1400    1400    1200    900     2100    700     700     700     700     600     500     400     
	8555   1981 3000    1200    2500    1200    3000    2400    1000    600     1200    600     2500    500     400     700     1800    1000    300     500     600     
	8555   1982 1900    1600    1900    1600    1900    1200    1400    1600    1300    800     1900    1000    500     1200    800     1400    800     600     900     
	8555   1983 2200    1700    2200    1700    1200    2200    2000    400     1700    1200    300     300     800     2200    1100    900     600     1400    800     
	8555   1984 2200    1300    2200    1100    1800    2000    700     500     1100    1300    1800    900     800     1600    2000    500     700     700     500     
	8555   1985 2000    2000    1200    2000    800     1200    1500    900     2000    500     800     700     300     1200    400     900     1500    600     500     
	8555   1986 3400    3400    1500    3100    1100    1500    2100    300     2800    1100    700     500     700     1500    700     1500    600     600     700     
	8555   1987 1800    1400    1800    1400    1200    1800    1200    1400    700     1200    1000    700     500     1300    500     400     600     900     900     
	8555   1988 2100    900     2100    900     800     2000    1100    900     500     200     800     800     2000    400     800     600     1100    900     700     
	8555   1989 2000    1700    2000    1700    1800    1700    1200    1400    600     700     500     1800    1700    1200    1400    800     700     1200    700     
	8555   1990 1700    900     1700    600     1600    1700    1000    600     600     900     400     1600    1000    1700    900     600     1000    900     800     
	8555   1991 2400    1900    2300    1900    1600    1700    1400    1200    700     1200    800     1500    200     700     1000    1400    1300    900     1500    
	8555   1992 2200    1300    1800    1300    1800    1000    2200    1200    600     500     1000    1800    1000    700     500     1700    700     400     900     
	8555   1993 1700    1000    1200    900     1200    1100    1700    400     900     1000    1200    700     700     400     600     500     1100    1600    200     
	8555   1994 1700    1100    1700    1100    800     1700    1300    400     1100    500     800     500     500     1700    900     500     1300    500     400     
	8555   1995 2900    900     2700    400     800     2700    1100    200     300     400     800     700     1300    1100    2300    500     900     1100    1800    
	8555   1996 3100    3100    2000    3100    2000    1900    1000    2200    900     1600    2000    1300    1900    1000    800     1000    800     500     1400    
	8555   1997 2000    1800    2000    1800    1300    2000    2000    1800    300     1200    1300    1000    600     700     2000    1600    1700    600     700     
	8555   1998 1600    1300    1600    1300    1600    1400    700     800     1300    700     400     1600    200     700     1400    700     400     500     300     
	8555   1999 2000    800     2000    600     1200    1300    1400    300     400     800     800     900     1200    1300    600     1400    1100    400     200     
	8555   2000 800     700     800     700     800     800     800     700     300     600     700     700     700     800     800     800     400     300     600     
	8555   2001 1300    1100    1100    1100    1000    1100    1000    1100    300     400     300     1000    1100    700     800     200     1000    800     1300    
	8555   2002 1600    1100    1600    1100    1300    1000    1100    1000    600     1000    1300    700     500     600     1000    1100    700     900     1000    
	8555   2003 2200    2000    2200    1900    2200    1700    1000    900     1900    2000    2200    700     1700    800     1600    900     900     1000    1000    
	8555   2004 1900    900     1900    700     1900    1500    1100    400     700     900     1900    1400    600     600     900     900     1100    300     1100    
	8555   2005 1800    1100    1400    900     700     1100    1800    700     600     500     600     700     1100    1100    700     800     1800    500     800     
	8555   2006 2300    1300    2300    1000    1400    2300    1600    1000    500     1300    900     1400    1300    2300    400     1600    1100    600     1000    
	8555   2007 4600    1100    3500    1000    4600    800     1300    300     600     1100    3000    500     700     300     700     600     1300    1000    1800    
	8555   2008 1800    1800    1200    1800    1200    800     1000    500     1800    400     900     1200    800     400     700     1000    700     600     1100    
	8555   2009 1400    1000    1400    1000    1000    700     1400    800     800     1000    900     800     500     400     700     1400    500     400     500     
	8555   2010 2100    800     2100    800     2100    2000    1400    800     500     700     2100    800     1100    900     300     600     1200    1400    600     
	8555   2011 2500    1300    1600    700     1600    700     2500    600     700     1200    1600    800     400     700     300     1200    600     2500    400     
	8555   2012 2400    2100    1300    1000    2400    1300    1100    500     700     2100    400     600     600     800     900     1000    1100    400     200     
	8555   2013 2300    1400    2300    900     2200    2300    1600    600     900     1400    800     600     1100    2300    1300    1300    600     800     500     
	8555   2014 1800    1600    1800    500     1600    1600    1700    500     500     1600    800     500     1600    500     300     1700    600     700     600     
	8555   2015 1600    1600    1300    1400    1600    900     1300    400     1400    1600    1300    800     700     500     900     600     900     400     800     
	8555   2016 1600    1600    1400    600     1600    900     1100    500     500     1600    900     1400    900     800     800     1000    1100    900     900     
	8555   2017 1200    800     1200    800     900     1200    1000    800     700     800     800     900     1200    400     1000    700     1000    300     200     
	8555   2018 2300    1600    2100    1300    800     2100    2300    400     1300    600     800     800     1200    1700    700     800     2300    1500    600     
	8555   2019 2100    1900    2100    1700    2100    1600    600     500     1700    600     2100    1700    1100    700     900     600     400     300     700     
	8555   2020 3500    1800    2100    400     3500    900     1700    400     400     1800    1700    2100    700     800     900     1700    800     900     300     
	8555   2021 1700    1700    1500    1000    900     1200    1500    600     1000    900     900     400     1200    900     700     1500    700     600     800     
	8555   2022 3300    3300    2300    700     3000    1200    800     700     300     3000    1500    1800    1000    1200    1200    600     700     800     900     
	8555   2023 2800    1100    2800    1100    900     1900    900     600     1100    500     600     900     1900    400     1000    900     800     300     500     
	8555   2024 1200    700     1200    700     1000    800     1200    700     200     500     500     1000    700     500     800     1200    400     1000    700     
	8555   2025 2200    2200    2000    1100    2100    1700    1300    1100    900     2100    1200    2000    1100    800     1700    500     1300    700     1200    
	8555   2026 -999999 1200    -999999 1200    -999999 -999999 -999999 1200    300     900     1900    -999999 -999999 -999999 -999999 -999999 -999999 -999999 -999999 
	