EUROPEAN CLIMATE ASSESSMENT & DATASET (ECA&D), file created on: 17-05-2026
THESE DATA CAN BE USED FOR NON-COMMERCIAL RESEARCH AND EDUCATION PROVIDED THAT THE FOLLOWING SOURCE IS ACKNOWLEDGED: 

Klein Tank, A.M.G. and Coauthors, 2002. Daily dataset of 20th-century surface
air temperature and precipitation series for the European Climate Assessment.
Int. J. of Climatol., 22, 1441-1453.
Data and metadata available at http://www.ecad.eu

FILE FORMAT (MISSING VALUE CODE = -999999):

THIS FILE HOLDS DATA FOR STATION NETHERLANDS                              VAASSEN                                  (STAID:   2534)
LATITUDE: dd:mm:ss +52:16:59
LONGITUDE: ddd:mm:ss +005:58:00
ELEVATION: m   13

DATA IS FOR INDEX Maximum no of consecutive dry days (RR < 1 mm) (CDD) with unit 0.01 No of days

01-06 SOUID: Source identifier
08-11 YEAR : YYYY
13-20 ANNUAL DATA VALUES
21-28 WINTER HALF YEAR DATA VALUES
29-36 SUMMER HALF YEAR DATA VALUES
37-44 WINTER (DJF) DATA VALUES
45-52 SPRING (MAM) DATA VALUES
53-60 SUMMER (JJA) DATA VALUES
61-68 AUTUMN (SON) DATA VALUES
69-76 JANUARY DATA VALUES
etc. 
157-164 DECEMBER DATA VALUES

2534   1866 -999999 -999999 -999999 -999999 -999999 -999999 2800    -999999 -999999 -999999 -999999 -999999 -999999 -999999 -999999 700     2100    400     900     
	2534   1867 4700    1300    4700    1100    1300    4700    1000    1100    500     1300    400     1100    1100    3000    1000    600     1000    500     900     
	2534   1868 3800    1300    2100    1300    1400    1500    1700    1300    600     800     1100    1200    1500    1100    500     1700    800     800     3000    
	2534   1869 -999999 2100    10300   2100    7300    4200    -999999 2100    900     1300    3000    3100    3000    1200    1700    700     500     -999999 -999999 
	2534   1870 -999999 -999999 -999999 -999999 -999999 -999999 1900    -999999 -999999 900     -999999 -999999 -999999 900     300     1300    500     600     1200    
	2534   1871 -999999 1900    -999999 1900    1500    -999999 -999999 1500    1400    1500    900     900     800     -999999 -999999 -999999 -999999 -999999 -999999 
	2534   1872 -999999 -999999 -999999 -999999 -999999 -999999 1100    -999999 -999999 -999999 -999999 -999999 -999999 -999999 -999999 800     1100    400     800     
	2534   1873 -999999 8900    -999999 5800    -999999 -999999 -999999 3000    2700    3000    2800    -999999 -999999 -999999 -999999 -999999 -999999 -999999 -999999 
	2534   1874 -999999 -999999 -999999 -999999 -999999 -999999 -999999 -999999 -999999 -999999 -999999 -999999 -999999 -999999 -999999 -999999 -999999 -999999 -999999 
	2534   1875 -999999 -999999 -999999 -999999 -999999 -999999 -999999 -999999 -999999 -999999 -999999 -999999 -999999 -999999 -999999 -999999 -999999 -999999 -999999 
	2534   1876 -999999 -999999 -999999 -999999 -999999 -999999 -999999 -999999 -999999 -999999 -999999 -999999 -999999 -999999 -999999 -999999 -999999 -999999 -999999 
	2534   1877 -999999 -999999 -999999 -999999 -999999 -999999 -999999 -999999 -999999 -999999 -999999 600     -999999 -999999 -999999 -999999 -999999 -999999 -999999 
	2534   1878 -999999 -999999 -999999 -999999 -999999 -999999 -999999 -999999 -999999 -999999 -999999 -999999 -999999 -999999 -999999 -999999 -999999 -999999 -999999 
	2534   1879 -999999 -999999 -999999 -999999 -999999 -999999 -999999 -999999 -999999 -999999 -999999 -999999 -999999 -999999 -999999 -999999 -999999 -999999 -999999 
	2534   1880 -999999 -999999 -999999 -999999 -999999 -999999 -999999 -999999 -999999 -999999 -999999 -999999 -999999 -999999 -999999 -999999 -999999 -999999 -999999 
	2534   1881 -999999 -999999 -999999 -999999 -999999 -999999 -999999 -999999 -999999 -999999 -999999 -999999 -999999 -999999 -999999 -999999 -999999 -999999 -999999 
	2534   1882 -999999 -999999 -999999 -999999 -999999 -999999 -999999 -999999 -999999 -999999 -999999 -999999 -999999 -999999 -999999 -999999 -999999 -999999 -999999 
	2534   1883 -999999 -999999 -999999 -999999 -999999 -999999 -999999 -999999 -999999 -999999 -999999 -999999 -999999 -999999 -999999 -999999 -999999 -999999 -999999 
	2534   1884 -999999 -999999 -999999 -999999 -999999 -999999 -999999 -999999 -999999 -999999 -999999 -999999 -999999 -999999 -999999 -999999 -999999 -999999 -999999 
	2534   1885 -999999 -999999 -999999 -999999 -999999 -999999 -999999 -999999 -999999 -999999 -999999 -999999 -999999 -999999 -999999 -999999 -999999 -999999 -999999 
	2534   1886 -999999 -999999 -999999 -999999 -999999 -999999 -999999 -999999 -999999 -999999 -999999 -999999 -999999 -999999 -999999 -999999 -999999 -999999 -999999 
	2534   1887 -999999 -999999 -999999 -999999 -999999 -999999 -999999 -999999 -999999 -999999 -999999 -999999 -999999 -999999 -999999 -999999 -999999 -999999 -999999 
	2534   1888 -999999 -999999 -999999 -999999 -999999 -999999 -999999 -999999 -999999 -999999 -999999 -999999 -999999 -999999 -999999 -999999 -999999 -999999 -999999 
	2534   1889 -999999 -999999 -999999 -999999 -999999 -999999 -999999 -999999 -999999 -999999 -999999 -999999 -999999 -999999 -999999 -999999 -999999 -999999 -999999 
	2534   1890 -999999 -999999 -999999 -999999 -999999 -999999 -999999 -999999 -999999 -999999 -999999 -999999 -999999 -999999 -999999 -999999 -999999 -999999 -999999 
	2534   1891 -999999 -999999 -999999 -999999 -999999 -999999 -999999 -999999 -999999 -999999 -999999 -999999 -999999 -999999 -999999 -999999 -999999 -999999 -999999 
	2534   1892 -999999 -999999 -999999 -999999 -999999 -999999 -999999 -999999 -999999 -999999 -999999 -999999 -999999 -999999 -999999 -999999 -999999 -999999 -999999 
	2534   1893 -999999 -999999 -999999 -999999 -999999 -999999 -999999 -999999 -999999 -999999 -999999 -999999 -999999 -999999 -999999 -999999 -999999 -999999 -999999 
	2534   1894 -999999 -999999 -999999 -999999 -999999 -999999 -999999 -999999 -999999 -999999 -999999 -999999 -999999 -999999 -999999 -999999 -999999 -999999 -999999 
	2534   1895 -999999 -999999 -999999 -999999 -999999 -999999 -999999 -999999 -999999 -999999 -999999 -999999 -999999 -999999 -999999 -999999 -999999 -999999 -999999 
	2534   1896 -999999 -999999 -999999 -999999 -999999 -999999 -999999 -999999 -999999 -999999 -999999 -999999 -999999 -999999 -999999 -999999 -999999 -999999 -999999 
	2534   1897 -999999 -999999 -999999 -999999 -999999 -999999 -999999 -999999 -999999 -999999 -999999 -999999 -999999 -999999 -999999 -999999 -999999 -999999 -999999 
	2534   1898 -999999 -999999 -999999 -999999 -999999 -999999 -999999 -999999 -999999 -999999 -999999 -999999 -999999 -999999 -999999 -999999 -999999 -999999 -999999 
	2534   1899 -999999 -999999 -999999 -999999 -999999 -999999 -999999 -999999 -999999 -999999 -999999 -999999 -999999 -999999 -999999 -999999 -999999 -999999 -999999 
	2534   1900 -999999 -999999 -999999 -999999 -999999 -999999 -999999 -999999 -999999 -999999 -999999 -999999 -999999 -999999 -999999 -999999 -999999 -999999 -999999 
	2534   1901 -999999 -999999 -999999 -999999 -999999 -999999 -999999 -999999 -999999 -999999 -999999 -999999 -999999 -999999 -999999 -999999 -999999 -999999 -999999 
	2534   1902 -999999 -999999 -999999 -999999 -999999 -999999 -999999 -999999 -999999 -999999 -999999 -999999 -999999 -999999 -999999 -999999 -999999 -999999 -999999 
	2534   1903 -999999 -999999 -999999 -999999 -999999 -999999 -999999 -999999 -999999 -999999 -999999 -999999 -999999 -999999 -999999 -999999 -999999 -999999 -999999 
	2534   1904 -999999 -999999 -999999 -999999 -999999 -999999 -999999 -999999 -999999 -999999 -999999 -999999 -999999 -999999 -999999 -999999 -999999 -999999 -999999 
	2534   1905 -999999 -999999 -999999 -999999 -999999 -999999 -999999 -999999 -999999 -999999 -999999 -999999 -999999 -999999 -999999 -999999 -999999 -999999 -999999 
	2534   1906 -999999 -999999 -999999 -999999 -999999 -999999 -999999 -999999 -999999 -999999 -999999 -999999 -999999 -999999 -999999 -999999 -999999 -999999 -999999 
	2534   1907 -999999 -999999 -999999 -999999 -999999 -999999 -999999 -999999 -999999 -999999 -999999 -999999 -999999 -999999 -999999 -999999 -999999 -999999 -999999 
	2534   1908 -999999 -999999 -999999 -999999 -999999 -999999 -999999 -999999 -999999 -999999 -999999 -999999 -999999 -999999 -999999 -999999 -999999 -999999 -999999 
	2534   1909 -999999 -999999 -999999 -999999 -999999 -999999 -999999 -999999 -999999 -999999 -999999 -999999 -999999 -999999 -999999 -999999 -999999 -999999 -999999 
	2534   1910 -999999 -999999 -999999 -999999 -999999 -999999 -999999 -999999 -999999 -999999 -999999 -999999 -999999 -999999 -999999 -999999 -999999 -999999 -999999 
	2534   1911 -999999 -999999 -999999 -999999 -999999 -999999 -999999 -999999 -999999 -999999 -999999 -999999 -999999 -999999 -999999 -999999 -999999 -999999 -999999 
	2534   1912 -999999 -999999 -999999 -999999 -999999 -999999 -999999 -999999 -999999 -999999 -999999 -999999 -999999 -999999 -999999 -999999 -999999 -999999 -999999 
	2534   1913 -999999 -999999 -999999 -999999 -999999 -999999 -999999 -999999 -999999 -999999 -999999 -999999 -999999 -999999 -999999 -999999 -999999 -999999 -999999 
	2534   1914 -999999 -999999 -999999 -999999 -999999 -999999 -999999 -999999 -999999 -999999 -999999 -999999 -999999 -999999 -999999 -999999 -999999 -999999 -999999 
	2534   1915 -999999 -999999 -999999 -999999 -999999 -999999 -999999 -999999 -999999 -999999 -999999 -999999 -999999 -999999 -999999 -999999 -999999 -999999 -999999 
	2534   1916 -999999 -999999 -999999 -999999 -999999 -999999 -999999 -999999 -999999 -999999 -999999 -999999 -999999 -999999 -999999 -999999 -999999 -999999 -999999 
	2534   1917 -999999 -999999 -999999 -999999 -999999 -999999 -999999 -999999 -999999 -999999 -999999 -999999 -999999 -999999 -999999 -999999 -999999 -999999 -999999 
	2534   1918 -999999 -999999 -999999 -999999 -999999 -999999 -999999 -999999 -999999 -999999 -999999 -999999 -999999 -999999 -999999 -999999 -999999 -999999 -999999 
	2534   1919 -999999 -999999 -999999 -999999 -999999 -999999 -999999 -999999 -999999 -999999 -999999 -999999 -999999 -999999 -999999 -999999 -999999 -999999 -999999 
	2534   1920 -999999 -999999 -999999 -999999 -999999 -999999 -999999 -999999 -999999 -999999 -999999 -999999 -999999 -999999 -999999 -999999 -999999 -999999 -999999 
	2534   1921 -999999 -999999 -999999 -999999 -999999 -999999 -999999 -999999 -999999 -999999 -999999 -999999 -999999 -999999 -999999 -999999 -999999 -999999 -999999 
	2534   1922 -999999 -999999 -999999 -999999 -999999 -999999 -999999 -999999 -999999 -999999 -999999 -999999 -999999 -999999 -999999 -999999 -999999 -999999 -999999 
	2534   1923 -999999 -999999 -999999 -999999 -999999 -999999 -999999 -999999 -999999 -999999 -999999 -999999 -999999 -999999 -999999 -999999 -999999 -999999 -999999 
	2534   1924 -999999 -999999 -999999 -999999 -999999 -999999 -999999 -999999 -999999 -999999 -999999 -999999 -999999 -999999 -999999 -999999 -999999 -999999 -999999 
	2534   1925 -999999 -999999 -999999 -999999 -999999 -999999 -999999 -999999 -999999 -999999 -999999 -999999 -999999 -999999 -999999 -999999 -999999 -999999 -999999 
	2534   1926 -999999 -999999 -999999 -999999 -999999 -999999 -999999 -999999 -999999 -999999 -999999 -999999 -999999 -999999 -999999 -999999 -999999 -999999 -999999 
	2534   1927 -999999 -999999 -999999 -999999 -999999 -999999 -999999 -999999 -999999 -999999 -999999 -999999 -999999 -999999 -999999 -999999 -999999 -999999 -999999 
	2534   1928 -999999 -999999 -999999 -999999 -999999 -999999 -999999 -999999 -999999 -999999 -999999 -999999 -999999 -999999 -999999 -999999 -999999 -999999 -999999 
	2534   1929 -999999 -999999 -999999 -999999 -999999 -999999 -999999 -999999 -999999 -999999 -999999 -999999 -999999 -999999 -999999 -999999 -999999 -999999 -999999 
	2534   1930 -999999 -999999 -999999 -999999 -999999 -999999 -999999 -999999 -999999 -999999 -999999 -999999 -999999 -999999 -999999 -999999 -999999 -999999 -999999 
	2534   1931 -999999 -999999 -999999 -999999 -999999 -999999 -999999 -999999 -999999 -999999 -999999 -999999 -999999 -999999 -999999 -999999 -999999 -999999 -999999 
	2534   1932 -999999 -999999 -999999 -999999 -999999 -999999 -999999 -999999 -999999 -999999 -999999 -999999 -999999 -999999 -999999 -999999 -999999 -999999 -999999 
	2534   1933 -999999 -999999 -999999 -999999 -999999 -999999 -999999 -999999 -999999 -999999 -999999 -999999 -999999 -999999 -999999 -999999 -999999 -999999 -999999 
	2534   1934 -999999 -999999 -999999 -999999 -999999 -999999 -999999 -999999 -999999 -999999 -999999 -999999 -999999 -999999 -999999 -999999 -999999 -999999 -999999 
	2534   1935 -999999 -999999 -999999 -999999 -999999 -999999 -999999 -999999 -999999 -999999 -999999 -999999 -999999 -999999 -999999 -999999 -999999 -999999 -999999 
	2534   1936 -999999 -999999 -999999 -999999 -999999 -999999 -999999 -999999 -999999 -999999 -999999 -999999 -999999 -999999 -999999 -999999 -999999 -999999 -999999 
	2534   1937 -999999 -999999 -999999 -999999 -999999 -999999 -999999 -999999 -999999 -999999 -999999 -999999 -999999 -999999 -999999 -999999 -999999 -999999 -999999 
	2534   1938 -999999 -999999 -999999 -999999 -999999 -999999 -999999 -999999 -999999 -999999 -999999 -999999 -999999 -999999 -999999 -999999 -999999 -999999 -999999 
	2534   1939 -999999 -999999 -999999 -999999 -999999 -999999 -999999 -999999 -999999 -999999 -999999 -999999 -999999 -999999 -999999 -999999 -999999 -999999 -999999 
	2534   1940 -999999 -999999 -999999 -999999 -999999 -999999 -999999 -999999 -999999 -999999 -999999 -999999 -999999 -999999 -999999 -999999 -999999 -999999 -999999 
	2534   1941 -999999 -999999 -999999 -999999 -999999 -999999 -999999 -999999 -999999 -999999 -999999 -999999 -999999 -999999 -999999 -999999 -999999 -999999 -999999 
	2534   1942 -999999 -999999 -999999 -999999 -999999 -999999 -999999 -999999 -999999 -999999 -999999 -999999 -999999 -999999 -999999 -999999 -999999 -999999 -999999 
	2534   1943 -999999 -999999 -999999 -999999 -999999 -999999 -999999 -999999 -999999 -999999 -999999 -999999 -999999 -999999 -999999 -999999 -999999 -999999 -999999 
	2534   1944 -999999 -999999 -999999 -999999 -999999 -999999 -999999 -999999 -999999 -999999 -999999 -999999 -999999 -999999 -999999 -999999 -999999 -999999 -999999 
	2534   1945 -999999 -999999 -999999 -999999 -999999 -999999 -999999 -999999 -999999 -999999 -999999 -999999 -999999 -999999 -999999 -999999 -999999 -999999 -999999 
	2534   1946 -999999 -999999 -999999 -999999 -999999 -999999 -999999 -999999 -999999 -999999 -999999 -999999 -999999 -999999 -999999 -999999 -999999 -999999 -999999 
	2534   1947 -999999 -999999 -999999 -999999 -999999 -999999 -999999 -999999 -999999 -999999 -999999 -999999 -999999 -999999 -999999 -999999 -999999 -999999 -999999 
	2534   1948 -999999 -999999 -999999 -999999 -999999 -999999 -999999 -999999 -999999 -999999 -999999 -999999 -999999 -999999 -999999 -999999 -999999 -999999 -999999 
	2534   1949 -999999 -999999 -999999 -999999 -999999 -999999 -999999 -999999 -999999 -999999 -999999 -999999 -999999 -999999 -999999 -999999 -999999 -999999 -999999 
	2534   1950 -999999 -999999 -999999 -999999 -999999 -999999 -999999 -999999 -999999 -999999 -999999 -999999 -999999 -999999 -999999 -999999 -999999 -999999 -999999 
	2534   1951 2700    -999999 1400    -999999 1000    1000    2700    900     500     900     1000    500     1000    700     600     800     1900    300     700     
	2534   1952 2000    900     2000    800     2000    1000    1100    500     800     900     2000    1800    500     1000    600     1100    800     400     700     
	2534   1953 2400    1700    1200    800     1600    1000    1600    800     700     1600    1200    1000    1000    400     1000    700     1300    1600    800     
	2534   1954 1800    1800    1600    1800    1600    700     600     1100    700     900     1100    1600    600     400     700     300     300     600     600     
	2534   1955 1500    1500    1400    1100    1200    1000    800     900     1100    700     1200    800     900     800     1000    800     800     700     500     
	2534   1956 2800    2500    1500    800     2800    700     1300    500     800     2500    1500    800     700     300     300     1300    900     900     600     
	2534   1957 1400    1200    1400    1200    1300    1400    700     1200    400     500     900     800     1400    600     700     300     700     600     400     
	2534   1958 2900    1900    1200    600     1900    1200    2200    500     200     1900    600     400     800     1200    600     500     800     2200    700     
	2534   1959 2700    2700    2200    2700    1200    1900    2700    700     2000    400     900     1200    1600    1900    1600    2000    1800    800     800     
	2534   1960 1400    1400    1400    500     1400    700     900     400     500     1400    700     1200    700     400     300     900     500     300     600     
	2534   1961 1500    1500    1000    1000    1500    700     1400    600     1000    1500    500     800     700     500     700     600     1300    1400    700     
	2534   1962 2100    1300    1500    800     1500    1000    2100    400     800     1100    1000    500     1000    500     400     500     2100    700     700     
	2534   1963 2600    2400    1300    1600    900     800     1000    1000    1600    800     500     900     400     800     300     1000    900     500     2100    
	2534   1964 2400    2400    1400    1800    1800    1400    1000    1800    600     1800    800     1000    700     1000    500     800     700     900     700     
	2534   1965 1900    1400    1900    900     1300    1000    1900    600     900     1300    500     700     800     300     700     1900    1400    600     300     
	2534   1966 1600    1100    1600    1100    600     1100    1600    1100    400     600     500     600     1100    600     800     1500    800     800     200     
	2534   1967 1400    900     1100    900     900     1100    1400    900     700     600     900     400     900     800     1100    900     300     1400    400     
	2534   1968 2200    1100    1700    800     1700    600     1000    400     800     700     1700    500     600     500     400     600     1000    1000    1500    
	2534   1969 2000    1600    2000    1200    1300    1300    2000    1200    700     1300    800     800     1100    1300    600     2000    2000    500     700     
	2534   1970 2200    1200    2200    800     1200    2200    1200    800     400     800     300     1200    2200    400     900     1200    1100    800     600     
	2534   1971 1900    1200    1700    1200    1900    1700    1600    1200    800     400     1500    800     600     1500    400     1200    1200    400     800     
	2534   1972 3100    1500    2000    1300    1500    1200    3100    1000    900     1500    600     400     300     1000    1200    1200    1900    400     2100    
	2534   1973 2500    1100    2200    800     1100    2200    1300    800     500     1100    700     400     2200    600     2100    1300    900     700     500     
	2534   1974 3300    1100    2200    1000    3300    900     800     400     1000    1100    2200    600     800     500     900     800     500     400     500     
	2534   1975 2100    1100    2100    1100    700     2100    1500    600     1100    300     700     700     1100    700     1400    1000    1500    800     1100    
	2534   1976 2500    1500    2500    1500    2500    2100    700     500     1500    1100    2300    700     1600    1100    900     400     700     400     500     
	2534   1977 2000    700     1600    600     1100    1600    2000    400     200     400     400     1100    900     1600    400     1500    2000    500     600     
	2534   1978 1200    1000    1200    1000    1000    1000    1100    1000    700     500     900     700     1000    1000    1000    500     1100    900     700     
	2534   1979 1500    800     1100    800     800     700     1500    800     700     300     600     800     500     700     500     1100    1100    700     400     
	2534   1980 1600    1600    1500    1400    1500    700     1100    1400    1400    700     800     1500    500     700     700     700     600     500     400     
	2534   1981 2100    1300    2100    1300    1100    2100    900     1200    800     700     1100    600     500     700     1500    800     300     500     600     
	2534   1982 1700    1500    1700    1500    1600    1400    1700    1500    1400    1000    1600    1100    800     1300    800     1700    800     600     1000    
	2534   1983 2000    1700    1200    1700    1300    1000    2000    400     1700    1300    400     200     1000    900     1000    900     600     1400    700     
	2534   1984 2100    2000    2000    1100    1800    2000    2100    400     1100    1300    1800    900     700     1300    2000    300     700     1400    500     
	2534   1985 1400    1400    900     1400    900     600     1300    600     1400    500     800     900     300     600     400     800     1300    900     500     
	2534   1986 3400    3400    1700    3100    1300    1700    2100    400     2800    1100    1300    500     1300    1500    700     1500    600     600     500     
	2534   1987 1700    1200    1700    1200    1200    1700    800     1200    700     1200    1000    700     400     1400    400     300     600     800     900     
	2534   1988 1400    900     1400    900     1400    1100    1000    900     400     200     1400    1300    1100    200     700     600     1000    800     500     
	2534   1989 1800    1300    1800    1300    1700    1800    1200    1000    700     700     500     1700    1800    800     900     800     400     1200    800     
	2534   1990 1800    800     1700    800     1600    1700    1800    800     600     800     600     1600    800     1700    900     600     1800    500     500     
	2534   1991 2800    1800    2800    1800    1500    1400    1400    1100    700     1000    1000    800     200     1100    1400    1400    1200    1000    1600    
	2534   1992 1800    1300    1800    1300    1800    1500    1600    1200    600     500     1100    1800    1100    700     800     1600    700     400     1100    
	2534   1993 1800    1800    1500    1800    1000    1500    1700    400     1500    1000    1000    800     1200    500     600     500     1100    1600    200     
	2534   1994 1600    1200    1300    1200    900     1300    1600    500     1200    300     900     500     500     1300    800     1000    1600    500     400     
	2534   1995 2600    1500    2600    500     800     2600    1400    500     300     500     800     700     1300    1000    2200    800     1400    1100    1700    
	2534   1996 3100    3100    2000    3100    2000    1300    900     2200    900     1600    2000    600     1100    1300    500     900     800     600     1400    
	2534   1997 2000    1800    2000    1800    1900    2000    1600    1800    300     1200    1900    900     600     800     2000    1600    700     600     500     
	2534   1998 1600    800     1600    800     1400    1600    1000    800     800     600     300     1400    400     500     1600    1000    200     800     300     
	2534   1999 1400    700     1400    600     1200    1200    1400    300     300     700     800     700     1100    900     400     1400    1100    400     200     
	2534   2000 1300    1000    1300    1000    1300    1100    600     1000    300     500     900     1300    700     600     1100    600     500     300     600     
	2534   2001 1500    1500    1300    1500    1300    1000    1000    1500    300     500     400     1300    700     700     1000    200     1000    400     1300    
	2534   2002 1300    1100    1300    1100    1300    900     1100    1000    600     900     1300    600     600     500     900     1100    500     500     700     
	2534   2003 2300    2300    2200    2300    2200    1700    1200    600     2300    2000    2200    700     1200    1200    1600    900     900     1200    1000    
	2534   2004 1500    900     1500    900     1400    1500    900     400     700     900     1300    1400    500     600     900     900     600     300     1400    
	2534   2005 1800    800     1400    800     700     1100    1800    600     600     700     600     700     1100    900     600     1100    1800    600     700     
	2534   2006 1700    1700    1500    1700    1300    1300    1500    1100    900     1300    1100    1300    1300    1100    400     1500    700     500     1200    
	2534   2007 3700    900     3500    900     3700    900     1300    400     700     700     3000    500     900     300     700     600     1300    1000    1500    
	2534   2008 1500    1500    1200    1500    1200    900     1000    300     1500    200     900     1200    600     400     900     1000    700     600     1000    
	2534   2009 1300    1000    1300    1000    1000    700     1300    800     200     1000    900     800     400     200     700     1300    500     200     600     
	2534   2010 2000    800     2000    800     1700    2000    1400    600     800     500     1700    1700    1100    900     400     500     1200    1400    500     
	2534   2011 2700    1100    2700    700     2700    400     2000    700     700     1100    1900    800     300     400     300     700     1100    2000    500     
	2534   2012 2400    2200    1700    900     2400    1700    1000    500     900     2200    400     900     500     700     1700    1000    1000    600     100     
	2534   2013 2400    1400    2400    800     2200    2400    1300    700     800     1400    900     600     1100    2400    700     1100    600     800     600     
	2534   2014 2000    1700    2000    500     1700    900     1900    500     500     1700    500     700     900     600     500     1900    500     400     600     
	2534   2015 1600    1600    1300    900     1600    1100    1400    400     900     1600    1300    800     1100    500     800     600     1000    400     400     
	2534   2016 1500    1500    1300    500     1500    900     1300    500     400     1500    700     1100    900     700     900     1300    1100    1000    800     
	2534   2017 1300    1300    1200    1300    1100    1200    700     1300    400     1100    1000    800     1200    400     900     400     700     400     700     
	2534   2018 2000    1700    1700    1400    900     1700    2000    400     1400    600     900     800     600     1700    700     800     2000    1500    600     
	2534   2019 1600    1600    1600    1600    1000    1600    700     400     1600    600     1000    900     1100    900     1000    400     500     700     700     
	2534   2020 3500    1800    1900    700     3500    1800    1700    700     300     1800    1700    1900    700     700     1200    1700    800     800     400     
	2534   2021 -999999 -999999 1300    -999999 1300    1200    1200    -999999 1000    700     1300    400     1200    800     400     1200    600     700     400     
	2534   2022 3900    3200    3900    700     3900    1400    800     700     400     2900    2100    1800    900     1300    1400    600     800     500     1000    
	2534   2023 3500    1200    3500    1200    1600    1900    1000    700     1200    400     600     1600    1900    400     1200    1000    700     300     400     
	2534   2024 1100    -999999 1100    -999999 1100    700     1100    700     -999999 400     500     1100    700     400     700     1100    500     900     1000    
	2534   2025 2700    1100    2700    1000    2700    2200    1200    900     900     1000    1100    2100    1400    400     2200    1000    800     1100    1300    
	2534   2026 -999999 -999999 -999999 1300    -999999 -999999 -999999 1300    500     -999999 -999999 -999999 -999999 -999999 -999999 -999999 -999999 -999999 -999999 
	