EUROPEAN CLIMATE ASSESSMENT & DATASET (ECA&D), file created on: 17-05-2026
THESE DATA CAN BE USED FOR NON-COMMERCIAL RESEARCH AND EDUCATION PROVIDED THAT THE FOLLOWING SOURCE IS ACKNOWLEDGED: 

Klein Tank, A.M.G. and Coauthors, 2002. Daily dataset of 20th-century surface
air temperature and precipitation series for the European Climate Assessment.
Int. J. of Climatol., 22, 1441-1453.
Data and metadata available at http://www.ecad.eu

FILE FORMAT (MISSING VALUE CODE = -999999):

THIS FILE HOLDS DATA FOR STATION NETHERLANDS                              DE WIJK DR                               (STAID:  20503)
LATITUDE: dd:mm:ss +52:40:49
LONGITUDE: ddd:mm:ss +006:17:12
ELEVATION: m -100

DATA IS FOR INDEX Maximum no of consecutive dry days (RR < 1 mm) (CDD) with unit 0.01 No of days

01-06 SOUID: Source identifier
08-11 YEAR : YYYY
13-20 ANNUAL DATA VALUES
21-28 WINTER HALF YEAR DATA VALUES
29-36 SUMMER HALF YEAR DATA VALUES
37-44 WINTER (DJF) DATA VALUES
45-52 SPRING (MAM) DATA VALUES
53-60 SUMMER (JJA) DATA VALUES
61-68 AUTUMN (SON) DATA VALUES
69-76 JANUARY DATA VALUES
etc. 
157-164 DECEMBER DATA VALUES

20503  1887 -999999 -999999 -999999 -999999 -999999 -999999 -999999 -999999 -999999 -999999 -999999 -999999 -999999 -999999 -999999 -999999 -999999 -999999 -999999 
	20503  1888 1900    -999999 1200    -999999 1200    600     1200    1000    1800    700     400     1200    600     300     500     1200    1000    1200    1500    
	20503  1889 2200    1800    2200    900     2100    2200    800     800     800     1000    2100    1000    1600    600     400     500     700     800     800     
	20503  1890 3400    3400    900     2900    1300    800     700     400     2800    1000    800     700     400     500     800     700     700     600     3100    
	20503  1891 4800    2700    1100    2500    1300    1100    900     1100    2500    1300    900     500     1100    400     300     700     600     400     1000    
	20503  1892 4700    4700    1400    2200    2500    1100    800     2000    2200    2500    1400    1100    400     1000    1100    500     400     800     1200    
	20503  1893 4500    1500    3000    1000    4500    1800    1300    1000    400     1500    3000    1100    1800    1000    1300    600     500     1300    600     
	20503  1894 3000    1600    1400    1400    3000    800     1100    1400    1200    1600    1400    1200    600     500     800     1100    500     1000    1300    
	20503  1895 2200    2200    1800    2000    2000    1000    1900    1100    1200    2000    1300    1200    1000    700     800     1800    500     800     1400    
	20503  1896 2400    1700    1500    1700    1500    1000    1500    1000    1700    700     1000    1400    600     1000    700     300     500     1500    1600    
	20503  1897 3900    2100    1400    2100    1300    1400    3900    2000    1100    800     1100    1300    1100    1400    1000    1000    1500    2700    1800    
	20503  1898 3300    2300    2700    2300    3300    1800    1800    2300    700     1200    2700    900     1700    1600    1800    1700    1100    1300    900     
	20503  1899 3000    2400    2300    2400    1500    2200    1400    1400    1400    1400    1500    900     1900    1500    1600    600     1400    1100    2400    
	20503  1900 2500    2300    2500    2300    2500    1200    1400    400     2000    1300    1200    2400    600     1200    900     1400    600     1100    800     
	20503  1901 2700    2200    2700    1700    2200    2700    1700    1700    1300    2200    900     2100    800     1800    1500    1300    900     1100    1600    
	20503  1902 3300    2800    2000    2800    1900    2000    2000    1000    2300    1900    1300    1300    1400    600     300     1400    900     1800    1500    
	20503  1903 1800    1800    1400    1800    1100    1400    1100    1800    800     1100    600     1000    1000    900     400     1100    600     800     2200    
	20503  1904 2800    1600    1800    1600    1400    1800    1500    1100    700     1400    700     1000    600     1800    500     1500    900     1100    1600    
	20503  1905 1300    800     1300    800     1000    800     1300    600     600     700     700     1000    800     800     700     1300    600     1000    1500    
	20503  1906 1900    1000    1700    900     1800    1500    1100    500     800     700     1700    1100    1300    1200    600     1000    600     600     1000    
	20503  1907 2400    1700    2400    1700    1400    1500    2400    1600    1400    900     1200    600     300     1500    600     2400    300     1100    1200    
	20503  1908 3200    2100    1800    1800    2100    1800    3200    900     1200    2100    800     1000    1200    1000    800     1700    2100    1100    1700    
	20503  1909 3000    3000    1200    1800    1200    1200    1100    1600    1800    1200    600     1100    800     400     1200    600     600     800     800     
	20503  1910 2500    1300    1500    900     2500    1300    1900    700     400     1300    1200    900     1300    400     1200    1500    1800    600     1100    
	20503  1911 3000    1400    2500    1400    3000    2400    1200    1200    1400    1100    2500    1800    700     2400    1500    1200    600     1200    600     
	20503  1912 2900    2900    1200    2900    1200    1000    1300    1100    1900    600     1100    500     600     1000    600     1000    1300    400     700     
	20503  1913 1800    1700    1800    1700    1200    1800    1600    900     1700    400     1200    700     700     900     1800    1000    1600    800     600     
	20503  1914 2300    1300    2300    1300    2300    1200    1800    1300    1000    600     2000    900     900     600     1200    900     1800    600     400     
	20503  1915 1900    1100    1200    500     1000    1200    1900    500     400     600     700     1000    1200    600     700     1100    1900    600     300     
	20503  1916 2600    1500    2600    1500    1200    2600    1100    1000    500     800     800     900     600     1300    1300    1000    800     900     400     
	20503  1917 2900    2900    1500    2900    1500    1200    900     1900    1000    1000    700     1300    900     1200    600     800     600     700     1500    
	20503  1918 2200    1400    1700    1300    1400    1700    500     800     600     1400    400     600     900     700     1700    500     400     500     300     
	20503  1919 3200    3200    2200    3200    2200    2000    1200    1400    1800    1000    1100    2200    600     600     1800    1200    800     600     1000    
	20503  1920 3900    1200    1300    1200    1100    1300    3900    600     1200    1100    400     500     1300    500     800     800     2700    1600    1800    
	20503  1921 2900    1900    1700    1900    1600    1500    2400    500     1400    1300    1200    1600    800     1500    700     1700    1600    2400    500     
	20503  1922 2300    2300    1900    2300    1700    700     2200    2300    1700    1700    900     1300    700     300     500     900     2200    1200    800     
	20503  1923 1800    1200    1800    800     1200    1800    1100    700     700     1200    1200    1000    400     1400    1200    800     300     1100    600     
	20503  1924 2600    1400    2600    1400    1400    2600    1900    1100    600     1400    700     600     1000    1600    400     600     800     1900    2200    
	20503  1925 2700    1200    2700    1100    1200    2000    1000    1100    600     1200    1100    800     2000    700     1100    600     600     1000    700     
	20503  1926 2900    2100    1100    700     2900    1100    1000    500     600     2100    800     600     700     900     600     1000    600     500     600     
	20503  1927 1700    1000    1600    1000    1500    800     1100    600     1000    1000    500     1100    800     300     600     1000    1100    800     1200    
	20503  1928 3000    3000    2400    1000    2000    1000    2200    500     1000    2000    1100    700     700     1000    400     2200    700     400     600     
	20503  1929 2200    1600    2200    1500    1600    2200    800     1300    1400    1600    800     1500    600     2200    900     800     600     700     600     
	20503  1930 2200    2200    1400    1300    1000    1100    800     900     1300    900     700     500     1100    500     800     600     800     500     800     
	20503  1931 2200    1900    1100    900     2200    1100    1200    500     700     1900    400     1000    600     500     800     600     600     1200    800     
	20503  1932 2000    1900    2000    1500    1900    2000    1000    1400    1200    1900    700     400     2000    500     1900    500     300     1000    1500    
	20503  1933 -999999 2100    1500    2100    1500    1200    1300    2100    1000    1200    1000    1500    1000    800     1200    1100    700     800     -999999 
	20503  1934 -999999 -999999 -999999 -999999 -999999 -999999 -999999 -999999 2100    700     -999999 -999999 -999999 -999999 -999999 -999999 -999999 -999999 -999999 
	20503  1935 -999999 -999999 -999999 -999999 -999999 -999999 -999999 -999999 -999999 -999999 -999999 -999999 -999999 -999999 -999999 -999999 -999999 -999999 -999999 
	20503  1936 -999999 -999999 -999999 -999999 -999999 -999999 -999999 -999999 -999999 -999999 -999999 -999999 -999999 -999999 -999999 -999999 -999999 -999999 -999999 
	20503  1937 -999999 -999999 -999999 -999999 -999999 -999999 -999999 -999999 -999999 -999999 -999999 -999999 -999999 -999999 -999999 -999999 -999999 -999999 -999999 
	20503  1938 -999999 -999999 -999999 -999999 -999999 -999999 -999999 -999999 -999999 -999999 -999999 -999999 -999999 -999999 -999999 -999999 -999999 -999999 -999999 
	20503  1939 -999999 -999999 -999999 -999999 -999999 -999999 -999999 -999999 -999999 -999999 -999999 -999999 -999999 -999999 -999999 -999999 -999999 -999999 -999999 
	20503  1940 -999999 -999999 -999999 -999999 -999999 -999999 -999999 -999999 -999999 -999999 -999999 -999999 -999999 -999999 -999999 -999999 -999999 -999999 -999999 
	20503  1941 -999999 -999999 -999999 -999999 -999999 -999999 -999999 -999999 -999999 -999999 -999999 -999999 -999999 -999999 -999999 -999999 -999999 -999999 -999999 
	20503  1942 -999999 -999999 -999999 -999999 -999999 -999999 -999999 -999999 -999999 -999999 -999999 -999999 -999999 -999999 -999999 -999999 -999999 -999999 -999999 
	20503  1943 -999999 -999999 -999999 -999999 -999999 -999999 -999999 -999999 -999999 -999999 -999999 -999999 -999999 -999999 -999999 -999999 -999999 -999999 -999999 
	20503  1944 -999999 -999999 -999999 -999999 -999999 -999999 -999999 -999999 -999999 -999999 -999999 -999999 -999999 -999999 -999999 -999999 -999999 -999999 -999999 
	20503  1945 -999999 -999999 -999999 -999999 -999999 -999999 -999999 -999999 -999999 -999999 -999999 -999999 -999999 -999999 -999999 -999999 -999999 -999999 -999999 
	20503  1946 -999999 -999999 -999999 -999999 -999999 -999999 -999999 -999999 -999999 -999999 -999999 -999999 -999999 -999999 -999999 -999999 -999999 -999999 -999999 
	20503  1947 -999999 -999999 -999999 -999999 -999999 -999999 -999999 -999999 -999999 -999999 -999999 -999999 -999999 -999999 -999999 -999999 -999999 -999999 -999999 
	20503  1948 -999999 -999999 -999999 -999999 -999999 -999999 -999999 -999999 -999999 -999999 -999999 -999999 -999999 -999999 -999999 -999999 -999999 -999999 -999999 
	20503  1949 -999999 -999999 -999999 -999999 -999999 -999999 2100    -999999 -999999 -999999 -999999 -999999 -999999 600     1000    1100    900     500     500     
	20503  1950 1600    1300    1600    1300    900     1300    900     1300    300     500     800     900     1300    300     600     200     900     300     1500    
	20503  1951 2200    1200    1100    1200    1000    800     2200    1000    400     900     1000    400     800     700     500     800     2000    300     600     
	20503  1952 1300    900     1300    600     1300    800     1300    600     500     900     1200    1300    700     800     500     1300    800     300     800     
	20503  1953 3200    2000    1500    1100    1600    1000    3200    800     1100    1600    1100    1300    500     600     1000    700     2500    1600    800     
	20503  1954 1700    1700    1500    1700    1700    700     600     1100    700     1700    1200    1300    600     400     600     300     500     600     400     
	20503  1955 1500    1500    1400    1100    1200    900     800     900     1100    700     1200    1100    900     800     700     800     700     400     300     
	20503  1956 1400    1200    1300    1200    1400    400     1300    500     700     1200    900     800     300     400     300     1300    900     900     500     
	20503  1957 1400    1200    1400    1200    1400    1400    600     1200    300     600     1100    800     1400    300     600     400     500     600     600     
	20503  1958 2100    2100    1000    600     2100    800     1200    600     200     2100    600     600     800     700     500     500     800     1200    400     
	20503  1959 3500    2000    3500    2000    2800    1600    2700    500     1900    400     1000    2800    1500    1600    1400    2000    1800    1700    800     
	20503  1960 1400    1400    1300    500     1400    700     800     400     500     1400    600     900     700     500     300     800     300     300     500     
	