EUROPEAN CLIMATE ASSESSMENT & DATASET (ECA&D), file created on: 17-05-2026
THESE DATA CAN BE USED FOR NON-COMMERCIAL RESEARCH AND EDUCATION PROVIDED THAT THE FOLLOWING SOURCE IS ACKNOWLEDGED: 

Klein Tank, A.M.G. and Coauthors, 2002. Daily dataset of 20th-century surface
air temperature and precipitation series for the European Climate Assessment.
Int. J. of Climatol., 22, 1441-1453.
Data and metadata available at http://www.ecad.eu

FILE FORMAT (MISSING VALUE CODE = -999999):

THIS FILE HOLDS DATA FOR STATION NETHERLANDS                              DE BILT-1                                (STAID:    152)
LATITUDE: dd:mm:ss +52:06:00
LONGITUDE: ddd:mm:ss +005:10:59
ELEVATION: m    2

DATA IS FOR INDEX Maximum no of consecutive dry days (RR < 1 mm) (CDD) with unit 0.01 No of days

01-06 SOUID: Source identifier
08-11 YEAR : YYYY
13-20 ANNUAL DATA VALUES
21-28 WINTER HALF YEAR DATA VALUES
29-36 SUMMER HALF YEAR DATA VALUES
37-44 WINTER (DJF) DATA VALUES
45-52 SPRING (MAM) DATA VALUES
53-60 SUMMER (JJA) DATA VALUES
61-68 AUTUMN (SON) DATA VALUES
69-76 JANUARY DATA VALUES
etc. 
157-164 DECEMBER DATA VALUES

152    1848 -999999 -999999 -999999 -999999 -999999 -999999 -999999 -999999 -999999 -999999 -999999 -999999 -999999 -999999 -999999 -999999 -999999 -999999 -999999 
	152    1849 1600    -999999 1300    -999999 1600    900     1100    600     500     1600    500     500     900     700     500     800     1100    500     500     
	152    1850 2100    2100    1300    900     1400    1200    1300    900     700     1400    300     600     1200    600     400     1300    600     400     1100    
	152    1851 1600    1100    1600    1100    800     1600    1400    700     1100    800     600     500     900     700     1500    1400    1100    600     1500    
	152    1852 1700    1200    1600    600     1700    1200    1200    300     600     1200    1600    800     300     1000    900     500     1200    500     400     
	152    1853 3100    1200    1700    1200    1600    1700    3100    900     1000    900     400     1600    1200    500     1500    900     1100    2000    1400    
	152    1854 2800    2800    2000    1300    2500    1000    1200    1300    400     2400    2000    1400    800     1000    800     1200    600     500     300     
	152    1855 2800    900     2800    900     1600    1200    2000    700     900     800     1000    1600    1200    400     700     1300    400     2000    800     
	152    1856 2400    1100    1400    800     1300    1400    2400    800     800     1100    900     500     1100    600     600     1200    1600    800     500     
	152    1857 3600    1200    3600    1100    3600    900     1500    500     900     1100    700     2900    900     600     800     1400    900     1500    1800    
	152    1858 2200    2200    2100    1800    1400    1200    2100    800     1800    1400    1100    1000    1200    600     800     2100    700     2000    1300    
	152    1859 1900    1700    1900    1200    1500    1900    1700    1200    400     700     700     1400    600     1800    1000    300     900     1700    500     
	152    1860 2600    700     900     600     900     800     2600    500     600     300     500     900     700     800     200     400     1200    1400    400     
	152    1861 3500    1600    2800    1600    2800    1100    3500    1500    1000    900     2600    800     1100    400     700     500     3100    500     1300    
	152    1862 1700    1400    1700    1300    1500    1300    1700    1300    1100    1400    800     800     400     800     1300    1700    1000    900     500     
	152    1863 2200    1000    2200    900     1300    2200    1100    600     900     700     1200    1100    500     1700    1100    900     700     800     400     
	152    1864 2700    1800    2700    1800    2700    1700    1600    1600    800     1200    2700    1500    800     1700    800     600     1000    600     2000    
	152    1865 2800    2000    2800    2000    2800    2600    2800    900     800     500     2500    600     2600    600     800     2100    700     800     2800    
	152    1866 2800    1100    2000    1100    1700    1000    2800    800     700     600     800     1700    700     1000    600     700     2100    700     1000    
	152    1867 1100    1100    1000    900     1000    900     1000    600     900     800     500     1000    800     700     900     600     800     1000    900     
	152    1868 2000    600     2000    500     1500    1600    1600    400     500     400     900     900     1600    1100    500     1600    900     700     400     
	152    1869 2200    1300    2200    1200    1300    2000    800     1200    1100    1300    600     400     900     1200    1800    400     800     500     400     
	152    1870 3400    1900    3400    1900    1800    1600    1900    1500    1900    600     1000    1800    1600    800     400     1300    600     600     1100    
	152    1871 1700    1700    1200    1700    900     1200    1200    800     1700    900     700     900     800     800     1200    1200    1200    1100    800     
	152    1872 1300    1300    1200    1300    900     1200    1000    800     700     900     800     800     1200    900     1100    600     1000    300     800     
	152    1873 1800    1100    1300    1100    1600    1100    1800    900     700     1100    1000    500     1100    1100    400     1300    500     1800    1800    
	152    1874 1800    800     1700    700     1700    1400    1800    600     700     800     1700    700     700     1100    1400    700     1200    900     800     
	152    1875 2800    1700    2800    1200    2800    1000    1100    800     1200    1100    2200    900     900     1000    500     900     800     500     700     
	152    1876 1600    1400    1600    1400    1100    1600    1600    1400    400     900     900     800     600     1200    1600    400     1600    500     500     
	152    1877 1000    500     1000    400     800     1000    800     400     200     400     700     800     1000    600     500     700     500     700     500     
	152    1878 1500    1500    1400    1500    1400    1100    900     500     1200    400     1200    600     1100    900     600     600     900     700     900     
	152    1879 2300    2300    1200    2300    1400    1200    1200    1700    600     1400    600     700     1200    900     600     700     1000    1200    2000    
	152    1880 2800    2700    2800    1500    2800    2300    900     1200    600     2700    1000    1000    500     600     2300    800     600     600     300     
	152    1881 1600    900     1400    900     1600    1100    900     800     900     900     1100    1400    800     1100    700     500     600     900     600     
	152    1882 2000    2000    1200    2000    1700    600     500     2000    1300    1700    1200    700     300     500     500     400     500     300     600     
	152    1883 2700    900     2100    900     2700    1000    1200    900     900     900     2100    1300    1000    300     600     1200    1000    400     1100    
	152    1884 1800    1000    1800    1000    1800    1500    1300    700     700     800     1800    1200    1400    700     1300    1300    900     900     700     
	152    1885 1900    1400    1900    1400    1700    1900    1100    1400    500     1000    1700    600     900     1900    800     500     200     1100    1700    
	152    1886 2500    1700    2500    1700    2500    1400    1900    300     1700    1700    1500    1000    800     700     900     1900    900     700     300     
	152    1887 3100    1500    3100    1500    1100    3100    900     1200    1500    1100    800     600     2700    1700    1400    900     600     900     400     
	152    1888 1500    1300    1300    1300    1100    1200    1500    1300    500     400     600     1100    1200    400     800     1100    1500    900     1300    
	152    1889 1400    1100    1300    1100    1100    1300    1400    1100    400     600     1100    500     1300    600     400     1100    700     1400    700     
	152    1890 2700    2700    1400    2700    1200    900     1400    900     2600    1200    1100    700     900     900     600     1400    700     600     1800    
	152    1891 2800    2800    1400    2500    1400    600     1400    700     2500    800     1400    600     600     500     400     700     1100    800     1000    
	152    1892 1800    1000    1500    1000    1800    1100    500     700     1000    1000    1500    1300    500     1100    500     500     400     500     1700    
	152    1893 4500    1400    3100    1100    4500    2100    700     1100    400     1400    3000    1400    2100    700     800     700     600     700     500     
	152    1894 2700    1900    1600    1400    2700    1600    1000    1400    600     1900    800     700     1000    600     400     600     400     1000    1300    
	152    1895 1900    1100    1800    1100    1300    1000    1900    500     1100    800     1000    1300    1000    700     600     1800    600     400     900     
	152    1896 1700    1400    1400    1400    1400    1300    1500    1000    1400    700     1000    1400    700     1300    800     400     300     1500    600     
	152    1897 -999999 1000    -999999 1000    -999999 -999999 -999999 1000    700     900     500     -999999 -999999 -999999 -999999 -999999 -999999 -999999 -999999 
	152    1898 -999999 -999999 1800    -999999 1100    1600    1600    900     200     1000    1100    600     800     1600    1300    1600    900     600     -999999 
	152    1899 -999999 -999999 -999999 -999999 -999999 -999999 -999999 -999999 -999999 -999999 -999999 -999999 -999999 -999999 -999999 -999999 -999999 -999999 -999999 
	152    1900 -999999 -999999 -999999 -999999 -999999 -999999 -999999 -999999 -999999 -999999 -999999 -999999 -999999 -999999 -999999 -999999 -999999 -999999 -999999 
	152    1901 -999999 -999999 -999999 -999999 -999999 -999999 -999999 -999999 -999999 -999999 -999999 -999999 -999999 -999999 -999999 -999999 -999999 -999999 -999999 
	152    1902 -999999 -999999 -999999 -999999 -999999 -999999 -999999 -999999 -999999 -999999 -999999 -999999 -999999 -999999 -999999 -999999 -999999 -999999 -999999 
	152    1903 -999999 -999999 -999999 -999999 -999999 -999999 -999999 -999999 -999999 -999999 -999999 -999999 -999999 -999999 -999999 -999999 -999999 -999999 -999999 
	152    1904 -999999 -999999 -999999 -999999 -999999 -999999 -999999 -999999 -999999 -999999 -999999 -999999 -999999 -999999 -999999 -999999 -999999 -999999 -999999 
	152    1905 -999999 -999999 -999999 -999999 -999999 -999999 -999999 -999999 -999999 -999999 -999999 -999999 -999999 -999999 -999999 -999999 -999999 -999999 -999999 
	152    1906 2300    -999999 1600    -999999 2300    1300    1100    300     400     800     1600    600     1300    600     500     1100    700     500     600     
	152    1907 1700    1000    1700    1000    1400    1600    1700    1000    700     900     1000    600     500     1600    500     1700    600     1100    800     
	152    1908 2400    1400    1800    1300    1400    1800    2400    900     1100    1400    300     600     1200    1500    600     800     1400    1000    1700    
	152    1909 2200    1400    1000    1400    1000    1000    1000    1400    1100    800     1000    900     1000    600     600     1000    600     800     900     
	152    1910 1800    1300    1100    800     1800    1100    1400    800     400     1300    500     900     1100    1000    600     800     1400    500     400     
	152    1911 3400    3400    2000    3400    1800    1400    1200    1900    1500    500     1500    1800    700     1300    1400    1200    700     400     300     
	152    1912 1900    1300    1900    1300    1600    1900    1300    1300    700     300     1600    900     300     1900    200     1300    1200    400     500     
	152    1913 1700    1700    1700    1700    1000    1700    1300    900     1700    300     500     1000    800     900     1700    900     800     400     600     
	152    1914 1600    1600    1400    1600    1300    1100    1300    1600    1000    200     1300    1000    900     700     1100    1000    1100    900     400     
	152    1915 1400    1100    1200    700     800     1200    1400    700     300     800     700     700     1200    600     700     1000    1400    600     300     
	152    1916 2800    1000    2800    700     1200    2800    1600    400     400     1000    1000    600     800     1500    1300    1200    500     1600    400     
	152    1917 1800    1700    1800    1700    1800    1200    800     1200    1600    600     1100    800     500     1000    400     800     500     500     700     
	152    1918 1800    1800    1700    1400    1700    1400    700     900     700     1400    1700    900     700     700     1100    200     500     700     400     
	152    1919 3000    2000    3000    2000    2900    1400    1800    700     1500    600     900     2900    800     500     1400    1800    900     400     800     
	152    1920 2500    1100    1300    1000    1100    1300    2500    400     1000    1100    400     400     1300    500     700     900     1600    1400    1700    
	152    1921 3000    1400    2000    1400    1600    2000    2300    300     1300    1400    1200    1600    1000    2000    500     1700    1500    2300    700     
	152    1922 2400    1600    2000    1100    1600    1200    2400    300     1100    1600    500     1300    1200    500     300     300     2400    1000    800     
	152    1923 1900    1400    1900    700     1900    1900    700     600     700     1400    1100    500     600     1400    1300    600     200     700     500     
	152    1924 1700    1700    1200    700     1700    1200    1400    700     700     1700    1000    500     1000    1100    400     600     1000    1400    1000    
	152    1925 1400    800     1300    800     1200    1300    1400    800     500     600     600     1200    1100    1300    600     400     1100    900     700     
	152    1926 1500    1000    1500    1000    1000    1000    800     500     1000    800     800     700     700     800     1000    800     600     600     800     
	152    1927 1800    1300    1500    1200    1300    800     1000    1200    1000    1300    600     600     400     300     600     900     1000    600     1200    
	152    1928 1800    1800    1700    1300    1300    1700    1100    300     1300    1300    800     900     600     1700    500     1100    600     400     500     
	152    1929 2100    1600    2100    1500    1600    2100    1100    700     1300    1600    1000    1600    500     2100    700     1100    600     500     400     
	152    1930 2300    2100    2000    1200    2300    2000    700     900     1200    1200    1100    500     2000    500     700     500     700     300     600     
	152    1931 2300    2000    1100    1000    2300    1100    1200    500     800     2000    300     500     700     400     700     900     1200    1200    800     
	152    1932 2200    2200    1800    2200    1900    1800    1000    1500    1200    1900    700     600     1800    500     800     800     300     1000    2100    
	152    1933 3300    2100    1600    2100    1600    1000    1100    1600    700     1000    1600    900     800     700     1000    1100    700     700     2600    
	152    1934 2100    2100    1900    2100    1600    1600    1000    700     2100    900     700     1500    1300    1300    700     800     400     1000    500     
	152    1935 1800    1600    1800    600     1800    1200    700     600     600     1600    600     1200    400     1200    1100    700     500     500     400     
	152    1936 3300    3300    1500    900     2800    1200    1100    300     900     2800    800     1100    800     800     1200    400     900     1100    900     
	152    1937 1700    800     1600    600     1100    1600    1700    600     200     400     400     1100    700     600     1000    500     1700    900     400     
	152    1938 1800    1500    1800    1300    1500    1800    1300    300     1300    1500    600     1400    1800    1300    600     1300    700     1000    1000    
	152    1939 2500    1200    2500    1200    1500    1600    1100    400     800     400     600     1500    1000    600     1600    700     400     300     1700    
	152    1940 2100    1000    2100    800     2100    1100    1300    600     500     800     500     2100    1100    300     700     900     1300    600     600     
	152    1941 2800    1200    2800    1200    2800    1000    1500    1100    700     1200    1100    1700    1000    600     400     1500    800     600     800     
	152    1942 3000    1400    3000    1400    3000    1100    800     1400    1100    1200    2100    900     1100    400     700     700     500     800     600     
	152    1943 3100    3100    2100    1200    1900    2100    1400    500     1200    1900    1000    1300    400     1900    600     900     1400    700     1000    
	152    1944 2000    2000    1900    2000    1300    1900    1200    500     2000    1100    900     700     700     700     1800    1200    900     300     800     
	152    1945 1300    1100    1300    600     1100    1300    1200    600     400     1100    800     1100    900     1300    700     1000    1200    700     700     
	152    1946 1900    1500    1900    1500    1400    1900    1200    1500    400     1200    1100    1200    600     1300    500     700     1200    500     1300    
	152    1947 3200    1900    3200    1900    1100    2500    1000    1700    500     200     1100    700     700     2100    2500    700     900     500     600     
	152    1948 3000    3000    1400    1500    1500    1400    1000    200     1500    1500    800     1400    800     1400    900     600     1000    900     1100    
	152    1949 2000    1300    2000    1300    1300    2000    1600    700     800     1000    800     1300    1700    1000    1300    800     800     500     600     
	152    1950 1700    1000    1700    900     900     1300    1000    900     400     800     800     900     1300    400     600     200     1000    500     800     
	152    1951 1800    1300    1400    1100    1000    1100    1800    900     300     1000    1000    700     1100    700     600     800     1600    300     1100    
	152    1952 1700    1700    1300    1700    1300    1100    1100    500     1700    800     1100    1300    800     1000    1100    1100    800     400     700     
	152    1953 2300    2300    1400    2300    1400    1000    1600    2300    1100    1400    1200    1300    1000    600     1000    700     1600    1100    900     
	152    1954 1800    1800    1700    1800    1700    700     600     1100    700     1700    1600    1400    500     500     700     300     200     600     600     
	152    1955 1500    1500    1200    1100    1200    1100    1000    900     1100    700     1200    600     800     800     1100    800     700     1000    500     
	152    1956 1500    1200    1400    800     1500    800     1400    500     800     1200    1000    600     800     400     400     1400    900     1000    600     
	152    1957 1500    700     1100    600     1500    800     1100    600     400     600     1100    800     700     400     500     200     1000    1100    600     
	152    1958 1800    1300    1100    600     1300    1000    1800    600     400     1300    600     500     1000    700     600     500     800     1800    400     
	152    1959 3000    2100    3000    2100    1500    1500    2700    700     2000    600     800     1500    1500    1500    1000    2000    1800    700     800     
	152    1960 1400    1000    1400    500     1400    800     1000    400     500     1000    800     1100    800     500     300     1000    400     400     600     
	152    1961 1700    1700    1000    1200    1700    700     1000    500     1200    1700    500     900     700     700     700     700     1000    600     900     
	152    1962 2200    1100    1900    700     1400    1700    2200    400     700     1100    900     500     1700    400     400     700     2200    1400    700     
	152    1963 2600    2400    1400    1600    900     800     1000    1100    1600    800     600     900     600     800     300     1000    900     900     1700    
	152    1964 1800    1800    1500    1300    1200    1400    1000    1300    600     1200    800     600     800     800     1200    800     600     900     600     
	152    1965 1500    1500    1100    1000    1300    1100    1400    500     1000    1300    400     600     800     300     600     900     1400    1300    300     
	152    1966 1500    900     1500    900     1300    900     1500    900     600     500     600     1300    900     300     600     1500    800     300     300     
	152    1967 1200    1000    1200    1000    1200    1100    1000    1000    900     700     800     400     800     800     1100    900     300     900     400     
	152    1968 2200    1200    1600    800     1600    1000    1600    600     800     800     1600    500     600     800     700     600     1000    1600    1500    
	152    1969 2000    1600    1900    800     1200    1100    2000    800     700     1200    1000    600     1100    1100    600     1600    2000    300     700     
	152    1970 2500    1200    2500    600     1300    2300    1400    600     300     800     300     1300    2300    400     800     1400    1100    800     2000    
	152    1971 2300    900     2300    900     2000    2000    2200    600     800     500     1500    800     900     1900    400     2200    1200    600     800     
	152    1972 2200    1500    1400    1300    1500    800     2200    1000    800     1500    900     400     400     800     600     800     1800    400     2100    
	152    1973 4000    2300    2400    2300    2100    2400    1100    1900    500     2100    600     400     2400    400     2100    800     800     900     600     
	152    1974 2900    1000    2200    1000    2900    1300    500     500     1000    700     2200    700     800     600     1300    500     500     400     500     
	152    1975 1800    1100    1800    1100    1800    1700    1700    600     1100    200     700     1800    1000    700     1000    900     1700    700     1100    
	152    1976 2100    1500    2100    1500    1100    2100    800     500     1500    1100    900     800     1700    1100    900     400     800     500     300     
	152    1977 1700    800     1700    600     1100    1700    1300    400     300     400     800     1100    500     1600    400     1300    1100    500     600     
	152    1978 1600    700     1300    700     1200    1200    1600    700     700     400     900     1200    800     1100    900     1000    1500    1600    800     
	152    1979 1200    800     1000    800     500     800     1200    700     800     300     400     500     800     600     700     1000    1200    700     400     
	152    1980 2800    1400    2800    1400    2800    1400    700     1400    800     1100    900     2700    800     1100    600     700     600     500     500     
	152    1981 2300    800     1800    800     2300    1000    900     500     800     500     1800    300     800     600     1000    800     300     500     600     
	152    1982 1700    1500    1700    1500    1600    1600    1700    1500    1400    1100    1600    1100    500     1400    400     1700    800     600     900     
	152    1983 2300    1800    2300    1800    1300    2300    1800    500     1800    1300    300     300     1300    2300    1000    900     600     1400    700     
	152    1984 2000    1200    2000    1100    1800    2000    700     300     1100    1200    1800    600     800     900     2000    500     700     700     600     
	152    1985 2800    2800    1600    2800    1000    1600    1900    1400    2800    500     1000    1000    300     1600    400     800     1900    600     500     
	152    1986 3500    3500    1500    3200    1100    1500    2100    400     2800    1100    700     600     1100    1500    1400    1500    600     400     500     
	152    1987 1600    1600    1600    1600    1300    1600    1000    1600    700     1300    1000    700     300     1300    300     600     500     900     900     
	152    1988 2500    900     2500    900     900     2500    900     900     400     200     900     900     2500    400     700     600     900     700     500     
	152    1989 2000    800     2000    800     1900    2000    1200    600     800     700     500     1900    1200    2000    1300    800     400     1200    1100    
	152    1990 1800    900     1800    700     1600    1800    900     600     600     900     400     1600    900     1800    1500    600     900     600     600     
	152    1991 2700    2200    2300    2200    1600    1000    1400    1200    1000    1200    800     1100    200     700     1000    1400    1200    1100    1600    
	152    1992 1800    1300    1800    1300    1800    1700    1500    1200    600     500     900     1800    1200    1100    600     1100    400     400     1100    
	152    1993 1600    1000    1600    900     1600    700     1600    400     900     1000    800     800     700     500     700     500     1000    1500    200     
	152    1994 1700    1100    1100    1100    900     1100    1700    500     1100    500     900     500     800     1000    800     600     1700    800     400     
	152    1995 2700    1400    2700    300     1600    2700    1700    300     300     500     900     700     1300    1000    2300    1000    1700    1100    1600    
	152    1996 3000    3000    2000    3000    2000    1300    900     2200    800     1600    1900    1300    1000    1300    1000    900     800     400     1000    
	152    1997 2000    1800    2000    1800    1900    2000    1600    1800    300     800     1900    900     600     800     2000    1600    1100    500     600     
	152    1998 1600    1300    1600    1300    1600    1600    1000    800     1300    800     200     1600    400     400     1600    1000    200     700     300     
	152    1999 2000    600     2000    600     1200    1200    1400    300     400     600     800     700     1200    900     600     1400    1000    400     200     
	152    2000 1600    1100    1600    1100    1600    1100    500     1100    300     500     900     1500    700     1100    500     500     400     300     600     
	152    2001 1400    1100    1400    1100    1400    1000    1100    1100    300     500     500     1400    800     900     1000    200     1100    700     1300    
	152    2002 2300    1100    1200    1000    2300    800     1100    1000    600     1100    1200    700     600     600     800     1100    500     900     1300    
	152    2003 2900    2200    2900    2200    2000    2900    1400    600     2200    2000    1800    600     1200    700     2700    1100    1400    800     500     
	152    2004 1700    1000    1500    700     1400    1500    1200    300     700     1000    900     1400    600     600     900     1200    800     600     1500    
	152    2005 1600    800     1400    800     600     1100    1600    600     800     500     600     600     1100    900     600     800     1600    400     500     
	152    2006 1900    1500    1900    1500    1500    1900    1600    1100    600     1300    900     1500    1300    1900    500     1600    1100    600     900     
	152    2007 4500    1000    3500    1000    4500    900     1200    400     700     1000    3000    500     700     500     800     600     1200    400     1800    
	152    2008 1800    1800    1700    1800    1700    900     1000    400     1800    400     1700    1400    900     500     800     1000    700     600     1100    
	152    2009 1400    1000    1400    1000    1000    900     1400    800     600     800     900     800     900     500     700     1400    700     200     500     
	152    2010 2300    1000    2300    1000    2100    2300    900     600     1000    700     2100    1600    2100    700     400     500     800     900     700     
	152    2011 2600    1300    1600    700     1600    900     2600    700     700     1200    1600    900     300     600     300     800     600     2600    500     
	152    2012 3100    2400    1100    800     3100    800     1000    500     800     2400    700     600     500     700     800     1000    1000    600     200     
	152    2013 2300    1400    2300    800     2300    2300    1300    600     800     1400    900     700     1100    2300    1400    1100    500     800     500     
	152    2014 2300    1700    2300    500     1700    700     2300    500     500     1700    600     600     700     500     300     2300    700     600     600     
	152    2015 1700    1700    1200    1400    1700    1100    1100    400     1400    1700    1200    700     1100    500     900     600     700     400     400     
	152    2016 1800    1300    1200    600     1300    900     1100    600     400     1300    400     1200    900     700     700     900     1100    900     1000    
	152    2017 1300    1300    1300    1300    1100    1200    1000    1300    400     1000    1100    1100    1200    400     900     1000    900     300     300     
	152    2018 4200    1700    4200    1400    800     4200    2300    400     1400    500     800     800     1600    2600    600     1200    2300    1500    800     
	152    2019 2000    1100    2000    1100    2000    1600    700     600     900     700     2000    1600    1100    700     1400    600     500     700     500     
	152    2020 4500    1800    2700    700     4500    2100    1700    700     300     1800    2700    2000    700     900     1500    1700    800     800     400     
	152    2021 1700    1700    1300    1000    1300    1200    1200    300     1000    900     1300    500     1200    900     400     1200    400     400     1000    
	152    2022 3300    3300    2000    700     2900    2000    1100    700     400     2900    1400    1000    1000    2000    1500    500     1100    800     900     
	152    2023 3800    1100    3800    1100    1900    1900    900     400     1100    500     700     1900    1900    300     1200    900     700     200     400     
	152    2024 1100    700     1000    700     900     1000    1100    700     200     400     500     900     1000    600     700     900     700     900     700     
	152    2025 4300    3200    2700    1200    4200    1600    1200    1100    900     3100    1100    2100    1400    700     1600    1000    600     800     1300    
	152    2026 -999999 1100    -999999 1100    -999999 -999999 -999999 1100    600     900     1900    -999999 -999999 -999999 -999999 -999999 -999999 -999999 -999999 
	