EUROPEAN CLIMATE ASSESSMENT & DATASET (ECA&D), file created on: 17-05-2026
THESE DATA CAN BE USED FOR NON-COMMERCIAL RESEARCH AND EDUCATION PROVIDED THAT THE FOLLOWING SOURCE IS ACKNOWLEDGED: 

Klein Tank, A.M.G. and Coauthors, 2002. Daily dataset of 20th-century surface
air temperature and precipitation series for the European Climate Assessment.
Int. J. of Climatol., 22, 1441-1453.
Data and metadata available at http://www.ecad.eu

FILE FORMAT (MISSING VALUE CODE = -999999):

THIS FILE HOLDS DATA FOR STATION NETHERLANDS                              OOSTVOORNE                               (STAID:    544)
LATITUDE: dd:mm:ss +51:55:00
LONGITUDE: ddd:mm:ss +004:05:59
ELEVATION: m    2

DATA IS FOR INDEX Maximum no of consecutive dry days (RR < 1 mm) (CDD) with unit 0.01 No of days

01-06 SOUID: Source identifier
08-11 YEAR : YYYY
13-20 ANNUAL DATA VALUES
21-28 WINTER HALF YEAR DATA VALUES
29-36 SUMMER HALF YEAR DATA VALUES
37-44 WINTER (DJF) DATA VALUES
45-52 SPRING (MAM) DATA VALUES
53-60 SUMMER (JJA) DATA VALUES
61-68 AUTUMN (SON) DATA VALUES
69-76 JANUARY DATA VALUES
etc. 
157-164 DECEMBER DATA VALUES

544    1902 -999999 -999999 -999999 -999999 -999999 1100    1100    -999999 -999999 -999999 -999999 -999999 900     1100    500     700     600     1000    1300    
	544    1903 1500    1300    1500    1300    1000    1500    1000    1300    700     900     300     1000    1100    700     700     1000    500     700     2200    
	544    1904 2800    1100    2700    1100    800     2700    2400    1100    800     700     800     600     900     2200    500     1500    1900    1100    900     
	544    1905 1300    900     1200    900     1200    800     500     900     600     500     1200    1100    700     700     700     400     200     500     1300    
	544    1906 2300    600     1700    600     2300    1500    900     600     400     600     1700    500     1100    1000    900     800     900     500     500     
	544    1907 2500    1000    2500    1000    1100    2500    1800    1000    600     800     800     700     600     1200    1900    1800    900     500     800     
	544    1908 2400    1500    2000    1500    1000    2000    2400    900     1400    1000    600     700     1300    1300    600     1400    1400    1000    1400    
	544    1909 1900    1400    1800    1400    1100    1100    1800    1400    1300    900     1000    1000    900     1100    600     1800    400     800     900     
	544    1910 1700    1300    1600    1200    1700    1600    1500    800     400     1300    700     900     1600    1000    600     800     1500    400     500     
	544    1911 2000    1600    2000    1600    1800    1900    1200    1200    1000    1400    1600    1800    800     1400    1900    1200    800     500     400     
	544    1912 2200    900     2200    900     2200    1900    1700    900     500     700     2100    900     500     1900    400     1700    1100    600     700     
	544    1913 1700    1700    1700    1700    700     1700    1000    1300    1700    600     500     700     1100    900     1700    900     900     900     600     
	544    1914 1700    1500    1700    1500    1300    1700    1300    1500    1000    300     1300    900     1200    900     1700    1000    1000    800     300     
	544    1915 1700    1000    1700    700     1700    1300    1300    700     600     700     700     1100    1300    500     800     700     1300    400     200     
	544    1916 2800    1100    2800    700     1100    2800    1300    600     300     1100    800     600     900     1500    1300    1100    600     900     300     
	544    1917 1900    1700    1900    1700    1000    1000    1400    1200    1600    600     1000    900     1000    1000    800     1200    300     500     700     
	544    1918 2200    2200    1700    1300    1800    1200    1100    800     700     1800    700     800     900     700     700     300     1000    700     700     
	544    1919 2300    2000    2300    2000    2100    2200    1800    700     1500    900     1000    2100    700     400     1900    1800    800     800     700     
	544    1920 2900    1400    1100    1400    1100    1100    2900    800     1400    1100    400     1000    1100    500     800     1100    1600    1400    900     
	544    1921 3400    3400    2200    3300    1800    2200    2200    500     2800    900     700     1800    900     2200    600     1700    1500    2200    1000    
	544    1922 2100    1400    1600    1100    1400    1100    2100    400     1100    1000    1000    1400    1100    500     500     500     2100    600     500     
	544    1923 2500    1500    2500    800     1900    2500    700     800     700     1500    1200    400     1100    1400    1400    700     100     500     400     
	544    1924 2300    1700    1200    700     1700    1200    2300    700     700     1700    800     600     1000    1100    500     500     1100    2300    800     
	544    1925 2200    800     2200    700     900     2000    1400    700     400     500     900     600     2000    1200    700     300     1100    700     500     
	544    1926 1500    1500    1400    1000    1500    800     800     1000    600     1500    1000    1000    500     800     800     800     700     600     900     
	544    1927 1600    1400    1000    1400    1400    600     1000    400     1400    1400    900     700     500     500     600     400     1000    400     1600    
	544    1928 2100    1900    2100    1400    1000    2100    1000    300     1400    1000    600     900     600     2100    800     1000    400     400     700     
	544    1929 2000    1700    2000    1400    1600    2000    800     1400    1300    1200    900     1600    600     2000    900     800     600     500     400     
	544    1930 2700    2200    2700    1300    1500    2100    900     700     1300    1300    800     1000    2100    500     700     500     900     300     600     
	544    1931 1500    1100    1500    400     1200    1500    1200    400     400     1100    500     1100    1100    500     900     700     1200    1100    700     
	544    1932 2500    2500    2100    2500    1600    2100    900     1800    2100    1600    300     700     2100    500     1500    800     300     900     1800    
	544    1933 3300    1400    2300    1400    2300    1000    1100    1400    600     1100    2300    700     1000    800     1000    1100    700     700     2600    
	544    1934 3500    2400    3500    2400    1600    2000    600     700     2400    1100    600     1500    2000    1200    800     600     400     600     400     
	544    1935 1800    1600    1800    600     1800    1400    700     600     500     1600    600     1200    500     1400    1400    700     400     300     600     
	544    1936 1500    1100    1500    1100    1400    1400    1100    400     1100    1000    900     1000    800     500     1400    1100    900     1100    900     
	544    1937 1500    700     1500    500     1200    1500    1000    500     200     400     800     900     700     600     900     500     1000    700     400     
	544    1938 2300    2300    1800    1300    2300    1800    900     300     1300    2300    1300    1600    1800    800     900     900     700     900     600     
	544    1939 2400    1400    2400    1400    1400    1000    900     600     800     400     600     1400    1000    800     1000    900     300     300     1600    
	544    1940 1600    1000    1600    1000    1500    1600    1100    600     1000    500     700     1500    1100    400     1200    1100    700     200     500     
	544    1941 1900    1200    1900    1200    1700    1900    1500    1100    300     1100    1000    1700    1600    1300    200     1500    800     500     700     
	544    1942 3000    1800    3000    1500    3000    1700    900     1400    1500    1200    2100    900     1300    400     700     900     500     800     600     
	544    1943 3500    3500    1900    1200    2300    1900    1400    300     1200    2300    1400    1300    1000    1900    1100    700     900     500     1000    
	544    1944 2000    2000    2000    1800    1300    2000    600     500     1800    1000    1000    600     800     700     1800    400     600     300     800     
	544    1945 1400    1100    1200    600     1100    1200    1400    600     500     1100    800     1100    900     1200    1100    1000    900     1400    400     
	544    1946 1500    1400    1500    800     1500    1000    900     800     400     1400    1100    1300    400     1000    600     700     900     500     1300    
	544    1947 4300    1200    4300    1200    1100    2600    1700    1200    1100    400     1100    700     1000    1300    2600    1700    1300    600     800     
	544    1948 3100    3100    1700    1600    1500    1700    1300    100     1600    1500    900     1400    1700    1400    900     700     1300    900     1100    
	544    1949 2900    1300    2900    800     1100    2900    2100    500     600     1000    900     700     1700    1200    1300    600     1500    500     500     
	544    1950 2300    2300    1700    2300    1100    1300    900     2300    400     800     600     1100    1300    400     600     400     900     300     1300    
	544    1951 2500    1300    1500    700     1100    1100    2500    500     400     1000    1100    600     1100    900     700     600     2100    300     800     
	544    1952 1900    1400    1900    1100    1900    1100    600     400     1100    700     1900    800     800     800     1100    500     600     200     600     
	544    1953 3700    3700    1500    1000    2700    1400    1700    800     1000    2700    800     1300    700     800     1400    700     1500    1700    800     
	544    1954 2800    1700    2800    1700    2800    700     700     1100    600     1000    2700    1500    700     700     700     300     200     600     700     
	544    1955 1900    1600    1900    1200    1900    1400    800     900     1200    700     1900    700     700     1300    1100    800     800     600     400     
	544    1956 1600    1300    1600    1300    1300    900     1600    500     1300    1000    1300    1300    900     800     300     1600    900     800     1000    
	544    1957 2200    1100    2200    1100    1500    2200    1400    1100    400     700     1200    800     2000    400     700     300     1400    800     600     
	544    1958 2400    1400    1000    800     1400    1000    2000    600     300     1400    700     500     1000    800     300     1000    800     2000    400     
	544    1959 2800    2100    2800    2100    2800    1600    2000    500     2000    400     800     2800    1600    1600    1600    2000    900     800     1200    
	544    1960 1600    1300    1600    600     1600    1500    800     500     600     1300    1100    1100    1500    400     800     800     200     400     400     
	544    1961 1700    1700    1400    1200    1700    900     1300    500     1200    1700    800     1400    700     900     700     1300    700     1200    700     
	544    1962 2300    1400    2300    1300    1800    1900    2100    600     1300    1000    1400    700     1900    500     700     600     2100    700     700     
	544    1963 2400    2400    1600    1600    800     800     1600    1100    1600    800     600     800     700     700     200     1600    900     900     1500    
	544    1964 1700    1700    1600    1300    1200    1400    1000    1300    500     1200    800     1100    800     900     1200    900     700     900     500     
	544    1965 1400    1300    1000    700     1300    1000    1400    400     700     1300    500     800     800     300     900     700     1400    700     400     
	544    1966 1500    900     1500    900     900     800     1500    900     600     700     600     600     500     300     800     1500    700     400     200     
	544    1967 1700    900     1700    900     900     1700    1000    900     600     700     800     400     1700    900     1100    700     700     1000    400     
	544    1968 2200    1200    1700    800     1700    700     1600    700     800     500     1700    600     600     700     700     600     1300    1600    1500    
	544    1969 2200    1100    1700    1000    1100    1200    2200    900     700     1100    900     800     1100    1200    900     1600    1900    300     600     
	544    1970 3300    1400    3300    600     1200    2300    1400    600     400     700     400     1200    2300    600     1000    1400    1300    800     1200    
	544    1971 2000    1500    1700    1500    2000    1700    1500    1500    700     500     1500    600     900     1600    700     1300    1100    400     900     
	544    1972 3000    1400    2000    1300    1400    1300    3000    1000    900     1400    900     400     700     800     1300    1200    1800    400     1800    
	544    1973 3100    1700    2100    1700    1300    2100    1600    1300    700     1300    400     500     1600    900     2100    1600    900     600     400     
	544    1974 1700    700     1300    600     1700    1300    800     500     600     700     1100    900     800     400     1300    800     400     400     400     
	544    1975 1900    1100    1900    1000    1500    1600    1800    800     1000    200     700     1500    1000    700     1000    900     1800    700     1100    
	544    1976 2600    1500    2600    1500    2500    2600    700     500     1500    1100    2300    500     1500    1200    2600    500     700     400     400     
	544    1977 1900    600     1900    600     1100    1900    1100    400     600     500     600     1100    800     1300    600     900     1100    400     600     
	544    1978 2000    1100    2000    1100    1700    1200    1200    1100    700     500     900     1700    700     1000    1200    600     1200    900     700     
	544    1979 1400    800     1400    800     500     1100    1400    600     800     500     500     500     700     900     500     1400    1100    400     400     
	544    1980 3300    1400    3300    1400    3300    1400    1200    1400    700     700     1000    2800    700     1100    600     800     700     500     400     
	544    1981 1800    1200    1800    1200    1100    1800    700     500     1200    500     1000    700     700     1100    1800    700     400     500     400     
	544    1982 2100    1400    2100    1400    2100    1400    1400    1400    1400    900     2100    1200    700     1400    700     1300    800     700     800     
	544    1983 2300    1900    2300    1900    1300    2300    1700    500     1900    1300    400     600     2300    1700    1100    600     600     1400    500     
	544    1984 2600    1300    2600    1100    2300    2400    700     200     1100    1300    1900    600     800     1100    2400    400     700     700     600     
	544    1985 2000    2000    1300    2000    1300    1300    1900    400     2000    1000    1300    800     400     1300    500     900     1900    700     300     
	544    1986 2500    2500    1500    2500    1000    1500    1900    400     2500    1000    500     400     700     1500    600     1300    1000    400     500     
	544    1987 1600    1400    1600    1400    1200    1600    1200    1400    600     1200    900     700     300     1300    700     300     600     900     900     
	544    1988 2400    1100    2400    1100    1500    2400    700     800     1100    200     1100    1500    2400    600     900     600     700     700     500     
	544    1989 2200    800     2200    800     1900    2200    1100    600     600     700     500     1900    1300    2200    800     800     500     1100    900     
	544    1990 1900    900     1900    800     1900    1800    900     500     600     900     700     1900    1300    1800    1000    800     900     500     900     
	544    1991 2600    1900    2300    1900    1600    2300    1300    1200    1200    1200    1300    1600    400     700     1600    1300    1100    1100    1500    
	544    1992 2100    1300    2100    1300    2100    1300    800     1200    600     400     900     2100    1000    700     600     800     500     600     1200    
	544    1993 1800    1800    900     1800    1600    900     1500    500     1500    1600    800     500     700     300     800     300     1000    1500    500     
	544    1994 2000    1300    2000    1300    900     2000    1700    500     1300    800     900     700     1400    2000    800     600     1700    1300    400     
	544    1995 2900    1400    2900    500     1300    2900    1800    400     500     600     800     1200    1300    700     2500    400     1800    1200    1600    
	544    1996 2500    2200    2500    2200    2000    2000    900     2100    600     1600    1900    1200    2000    1200    700     900     400     300     1400    
	544    1997 2000    1800    1900    1800    1100    1900    1700    1800    300     800     1000    1100    700     1000    1900    1700    800     1000    700     
	544    1998 1700    1400    1700    1300    1700    1600    700     1000    1300    1400    300     1700    200     800     1600    700     500     700     300     
	544    1999 2300    700     2300    700     1300    1100    1200    300     400     600     900     900     900     900     1100    1200    1200    600     200     
	544    2000 1200    500     1200    500     1200    1000    800     500     400     500     600     900     700     1000    900     800     400     300     800     
	544    2001 1400    1300    1400    1300    1400    1200    600     1300    800     400     400     1400    1100    1100    500     300     600     600     1300    
	544    2002 2300    1100    1300    1000    2300    900     1300    900     500     1100    1200    700     700     700     900     1300    400     600     1000    
	544    2003 2900    2300    2900    2300    2000    2900    1400    600     2300    2000    1400    700     800     1200    2700    1000    1400    800     1000    
	544    2004 2200    800     2200    800     2200    1500    1100    300     700     800     1000    2200    1500    600     500     1100    600     700     1300    
	544    2005 1700    900     1700    800     900     1700    900     600     800     900     600     700     800     1700    700     800     900     400     700     
	544    2006 1500    1500    1500    1500    1500    1400    1500    1100    900     1300    800     1500    1100    1100    500     1500    1000    400     900     
	544    2007 4600    1100    3500    800     4600    1000    1000    400     600     1100    3000    500     700     900     1000    500     1000    400     1400    
	544    2008 1800    1800    1300    1800    1300    800     1000    600     1800    400     700     1300    600     300     800     1000    900     500     1200    
	544    2009 2000    1200    2000    900     1200    2000    1400    800     900     1200    900     800     1500    800     800     1400    700     400     500     
	544    2010 2100    1100    2100    1100    2100    1100    900     1100    800     900     2100    1200    1000    700     400     500     900     700     400     
	544    2011 2500    1800    1500    700     1700    600     2500    700     700     1700    1500    800     400     500     400     1200    600     2500    500     
	544    2012 1900    1400    1700    900     1900    1700    800     900     800     1400    700     1100    500     600     1700    800     600     400     300     
	544    2013 2300    1400    2300    900     2300    2300    1300    600     900     1400    1200    700     1100    2300    1300    1100    500     300     500     
	544    2014 2400    1500    2400    500     1500    2400    1900    500     400     1500    500     700     2100    900     200     1900    700     600     400     
	544    2015 2000    2000    2000    1600    2000    1200    1100    400     1600    2000    2000    600     800     400     900     600     700     400     400     
	544    2016 1600    1500    1400    400     1500    1400    1100    200     400     1500    800     600     500     1400    700     1000    1100    700     1000    
	544    2017 1500    1400    1500    1400    1300    1500    900     1400    400     1000    1300    900     1500    500     900     900     700     300     400     
	544    2018 4200    1500    4200    1400    1800    4200    1400    900     1400    500     900     1800    1600    2600    900     800     1400    1400    600     
	544    2019 2000    1700    2000    1700    2000    1700    1000    400     1700    1500    2000    1400    1200    600     1700    1000    500     600     500     
	544    2020 3300    1600    3300    700     3000    1200    1600    700     400     1600    1700    3000    900     600     1200    1600    400     600     400     
	544    2021 1500    1000    1500    600     1300    1200    1500    200     600     800     1300    700     1200    1100    700     1500    400     400     1000    
	544    2022 1900    1600    1900    700     1600    1900    700     700     400     1600    1500    1000    900     1900    1300    500     700     500     600     
	544    2023 3900    1100    3900    1100    2000    1900    1000    600     1100    400     700     2000    1900    1000    1200    900     700     500     500     
	544    2024 2000    900     2000    700     900     2000    1200    700     500     900     600     500     900     800     1400    1000    800     1000    700     
	544    2025 2700    1600    2700    1200    2700    2300    1100    1200    1000    1600    1100    2000    1100    700     2300    900     600     800     1100    
	544    2026 -999999 1100    -999999 600     -999999 -999999 -999999 600     300     1000    1400    -999999 -999999 -999999 -999999 -999999 -999999 -999999 -999999 
	