EUROPEAN CLIMATE ASSESSMENT & DATASET (ECA&D), file created on: 17-05-2026
THESE DATA CAN BE USED FOR NON-COMMERCIAL RESEARCH AND EDUCATION PROVIDED THAT THE FOLLOWING SOURCE IS ACKNOWLEDGED: 

Klein Tank, A.M.G. and Coauthors, 2002. Daily dataset of 20th-century surface
air temperature and precipitation series for the European Climate Assessment.
Int. J. of Climatol., 22, 1441-1453.
Data and metadata available at http://www.ecad.eu

FILE FORMAT (MISSING VALUE CODE = -999999):

THIS FILE HOLDS DATA FOR STATION NETHERLANDS                              ULRUM                                    (STAID:  20617)
LATITUDE: dd:mm:ss +53:23:20
LONGITUDE: ddd:mm:ss +006:18:20
ELEVATION: m   13

DATA IS FOR INDEX Maximum no of consecutive dry days (RR < 1 mm) (CDD) with unit 0.01 No of days

01-06 SOUID: Source identifier
08-11 YEAR : YYYY
13-20 ANNUAL DATA VALUES
21-28 WINTER HALF YEAR DATA VALUES
29-36 SUMMER HALF YEAR DATA VALUES
37-44 WINTER (DJF) DATA VALUES
45-52 SPRING (MAM) DATA VALUES
53-60 SUMMER (JJA) DATA VALUES
61-68 AUTUMN (SON) DATA VALUES
69-76 JANUARY DATA VALUES
etc. 
157-164 DECEMBER DATA VALUES

20617  1892 -999999 -999999 -999999 -999999 -999999 -999999 -999999 -999999 -999999 -999999 -999999 -999999 -999999 -999999 -999999 -999999 -999999 -999999 -999999 
	20617  1893 2900    -999999 2100    -999999 2900    2000    700     1000    500     1400    1400    1200    2000    900     900     400     400     700     600     
	20617  1894 3300    1900    1500    1400    3300    800     1500    1400    900     1900    1400    900     600     400     800     1500    700     1000    700     
	20617  1895 1800    1200    1700    1200    1200    900     1800    400     1200    800     1200    1000    800     800     900     1700    200     700     1200    
	20617  1896 1700    1300    1700    1300    1400    1000    800     700     1300    700     1000    1400    800     1000    400     400     200     800     600     
	20617  1897 2500    700     1700    700     1000    1500    2500    700     500     300     700     1000    1500    1300    600     800     1200    1300    1500    
	20617  1898 1700    1100    1700    1000    1200    1000    1700    1000    400     1100    1200    900     1000    500     800     1700    1000    900     600     
	20617  1899 3300    1600    3300    1300    1400    2800    1300    800     1300    1400    600     500     2800    1100    1400    200     1300    1000    500     
	20617  1900 1900    1600    1300    800     1900    800     700     500     600     1600    1300    900     600     800     700     700     300     600     1100    
	20617  1901 1800    1800    1600    1800    1600    1400    1500    1800    900     1100    1000    1600    1300    1300    1400    1000    1000    700     1000    
	20617  1902 2400    1500    1200    1500    1000    1200    2400    400     1500    700     1000    400     1200    1000    600     1200    1200    1500    1200    
	20617  1903 2300    1400    2300    1400    1400    1500    1000    1400    800     1100    600     1400    1000    500     300     900     500     800     2000    
	20617  1904 2700    1300    1700    1200    1400    1700    900     1000    300     1300    1400    800     900     1700    1000    900     500     700     1100    
	20617  1905 1900    1500    1900    1500    1900    1700    900     1400    600     700     600     1900    900     1700    1300    900     200     700     900     
	20617  1906 2300    800     1700    700     2300    1200    800     600     600     800     1700    700     1200    1100    600     700     700     500     900     
	20617  1907 -999999 1200    -999999 1000    -999999 -999999 2400    800     1000    1200    900     -999999 -999999 -999999 -999999 2300    400     1100    800     
	20617  1908 1800    1300    1800    1300    800     1800    1200    800     1100    800     400     500     1200    1200    800     800     1100    700     1500    
	20617  1909 2400    2400    1000    1200    1200    1000    600     1200    1200    1200    900     1000    700     700     1000    600     500     600     800     
	20617  1910 2500    1300    1200    800     2500    1200    1800    800     400     1300    1200    900     1200    1100    900     800     1700    400     300     
	20617  1911 2500    1200    2000    1200    2500    1500    900     1200    800     800     2000    1000    700     1200    1500    900     500     500     300     
	20617  1912 1800    1300    1800    1300    1600    1600    1800    1300    500     500     1600    700     500     1600    300     1800    1000    400     400     
	20617  1913 1800    1600    1800    1600    1400    1800    1100    1100    1600    400     1200    700     800     900     1800    1000    1100    400     600     
	20617  1914 3000    2100    3000    2100    2000    2100    1200    2100    1000    400     1700    800     1100    700     2100    900     1100    900     500     
	20617  1915 2100    900     2100    700     1400    1100    2100    500     700     900     1400    1000    1100    500     700     2100    1400    400     200     
	20617  1916 3000    1400    3000    1100    1400    3000    1400    1000    300     1400    1000    800     500     1600    1400    1100    1000    900     700     
	20617  1917 3700    3700    1500    3700    1500    900     1300    2100    1600    800     1000    1200    900     800     200     1100    600     500     600     
	20617  1918 1700    1700    1600    1200    1700    1200    1100    700     700     1700    800     900     900     900     700     200     1000    900     300     
	20617  1919 2200    1200    2200    1200    2200    900     1200    700     1200    800     1100    2200    800     600     900     1200    900     900     900     
	20617  1920 3400    1700    1900    1200    1700    1900    3400    600     1200    1700    300     700     1900    500     800     1000    3000    1400    700     
	20617  1921 3000    2000    2100    1300    1600    2100    2300    500     1300    1400    1200    1600    700     2100    700     1700    1900    2300    700     
	20617  1922 2100    2100    1500    2100    1700    1100    1400    2000    1400    1700    800     1300    1100    400     400     800     1400    1000    400     
	20617  1923 1700    1700    1400    1000    1700    1400    800     600     1000    1700    1100    1000    400     1100    1400    800     200     700     400     
	20617  1924 1800    1600    1100    1200    1800    1100    1500    700     1100    1600    1100    500     900     900     400     400     1000    1500    900     
	20617  1925 1500    700     1500    700     1200    1400    900     700     500     600     700     1200    1400    700     900     400     600     900     800     
	20617  1926 1000    900     1000    900     1000    900     800     600     900     700     900     600     600     800     900     600     600     500     900     
	20617  1927 1800    1100    1300    900     1200    1200    1000    800     900     1100    300     1000    600     1200    600     700     1000    700     1200    
	20617  1928 3300    3300    1700    1200    2100    1700    900     700     1200    2100    1200    800     600     1700    500     900     800     400     600     
	20617  1929 2700    2700    2000    1400    2200    2000    800     1300    1300    2200    1400    800     700     2000    700     800     600     500     700     
	20617  1930 2200    2200    1700    1300    1000    1700    800     1200    1300    900     700     500     1700    400     700     600     800     500     800     
	20617  1931 1400    1000    1400    1000    1200    1400    1100    600     700     1000    300     400     1000    400     500     400     600     1100    800     
	20617  1932 2500    2500    1700    2500    1900    1700    1300    1800    900     1900    1000    500     1700    500     1000    500     300     1300    2000    
	20617  1933 2300    2100    1600    2100    1600    1000    2300    2100    500     1100    1300    1600    1000    800     900     1600    700     500     1000    
	20617  1934 1800    1500    1800    1500    1000    1800    1700    800     1500    700     600     1000    1200    1300    1800    700     300     1700    800     
	20617  1935 1800    1600    1800    800     1800    1400    1100    800     400     1600    600     1200    400     1200    1400    500     500     1100    600     
	20617  1936 1600    1600    1600    1000    1600    1200    1000    500     1000    1600    800     1000    800     400     1200    600     500     1000    900     
	20617  1937 1400    1000    1400    1000    1100    1400    1300    900     200     500     700     700     700     900     1000    500     1100    700     400     
	20617  1938 2600    1700    2600    800     2600    1700    1000    300     800     1700    1200    1600    1200    900     1200    900     1000    1000    1200    
	20617  1939 2600    1600    2600    1600    1600    1600    900     800     800     600     600     1600    1000    600     1600    500     400     900     1500    
	20617  1940 2500    2000    2500    2000    2500    1100    800     2000    700     500     700     2200    1100    200     700     700     800     500     700     
	20617  1941 2200    1700    2200    1700    2200    1600    2000    1100    700     1100    800     1400    1200    1200    300     1200    800     700     600     
	20617  1942 3100    3000    3100    2100    3100    1900    1100    2100    1500    1500    2100    1000    1300    600     600     1100    300     600     800     
	20617  1943 1800    1800    1800    1400    1300    1800    1400    500     1400    1300    1100    1100    900     1800    400     1000    1400    700     1600    
	20617  1944 1900    1700    1900    1700    1300    1900    700     600     1700    1100    800     700     800     1300    1800    400     700     300     1000    
	20617  1945 2000    2000    1400    500     2000    1200    1500    500     300     2000    800     700     800     1200    700     1300    1500    1400    500     
	20617  1946 2000    1600    2000    1600    2000    800     1300    1600    600     900     1700    1900    500     800     300     600     1300    600     1300    
	20617  1947 4300    4300    3200    4300    1600    2500    1100    1600    2700    600     1100    1600    900     1600    2500    700     800     300     600     
	20617  1948 2100    2100    1500    1500    1500    900     900     400     1500    1000    1500    1300    500     900     400     700     900     900     1100    
	20617  1949 2400    1400    2400    1100    1600    2400    2300    600     1100    1400    900     700     2000    900     900     1300    1000    500     500     
	20617  1950 1400    1400    1400    1400    1000    800     900     1400    300     500     900     1000    800     400     600     200     900     400     1500    
	20617  1951 2200    1500    1400    1000    1100    1100    2200    900     700     1000    1100    700     1100    1100    700     700     2000    400     700     
	20617  1952 1500    1400    1500    600     1500    800     800     600     600     1400    1200    1500    700     800     500     400     800     600     600     
	20617  1953 2300    2000    1500    1100    1600    1100    1600    900     1100    1600    1000    1400    800     500     1000    700     1600    1500    800     
	20617  1954 1900    1900    1800    1900    1800    800     500     1200    700     1600    1700    1300    700     400     800     400     500     500     600     
	20617  1955 1800    1600    1800    1200    1200    1800    800     1200    1200    700     1200    800     800     1300    900     700     600     700     600     
	20617  1956 2000    1800    1500    1600    2000    800     1500    500     1100    1800    900     800     800     700     300     1500    900     900     500     
	20617  1957 1500    1200    1500    1200    1500    1000    1000    1200    300     700     1200    800     1000    300     600     500     1000    600     600     
	20617  1958 1700    1700    1200    1000    1700    1200    1200    900     400     1700    700     600     1000    1200    600     500     800     1200    400     
	20617  1959 3500    1500    3500    1500    2800    1600    2200    500     1400    600     400     2800    1100    1600    800     2000    1800    700     700     
	20617  1960 1900    1400    1900    600     1900    900     800     200     600     1400    700     1200    900     700     600     800     300     400     500     
	20617  1961 1800    1000    1300    1000    1200    700     1800    600     1000    900     1200    1000    700     500     700     1300    800     1800    1500    
	20617  1962 2200    1500    1800    1100    1500    1700    2200    500     1100    900     1000    500     1700    700     300     300     2200    400     1100    
	20617  1963 2300    2300    1800    1600    800     1000    1800    900     1600    700     600     800     1000    700     500     1800    900     500     1600    
	20617  1964 2100    2100    1100    2100    1800    1000    1000    2100    600     1800    1000    1100    800     1000    500     600     700     900     700     
	20617  1965 2000    1100    2000    1100    800     2000    1200    500     1100    600     500     600     700     600     1900    700     1200    600     200     
	20617  1966 1700    1200    1700    1200    900     1200    1500    1200    600     600     300     900     1100    900     800     1500    700     300     300     
	20617  1967 2200    1100    2200    1100    1000    2200    900     1100    1100    700     800     500     2200    700     1200    500     200     900     400     
	20617  1968 2000    1100    1700    800     1700    1000    1000    400     800     900     1700    600     1000    900     900     700     1000    800     1900    
	20617  1969 2200    1800    2200    700     1400    2200    2000    600     700     1400    900     600     1200    2000    700     1500    2000    700     700     
	20617  1970 2200    1100    2200    800     1600    2200    1300    800     400     700     300     1600    2200    400     900     1300    1000    700     1200    
	20617  1971 1900    900     1900    700     1500    1600    1900    700     700     700     1100    900     700     1500    1000    1900    1100    600     800     
	20617  1972 2200    1900    1000    1300    1900    1000    2200    1000    800     1900    600     700     600     1000    800     500     1800    300     1800    
	20617  1973 3900    2400    2400    2400    1000    2400    1200    2100    600     1000    1000    700     2400    1000    1100    1200    800     400     500     
	20617  1974 3400    1100    2300    1100    3400    1400    800     500     1100    1100    2300    700     800     500     1400    800     400     400     500     
	20617  1975 2100    1200    2100    1100    900     2100    1900    800     1100    600     900     500     1000    700     1400    500     1800    600     700     
	20617  1976 2200    1500    2200    1300    1500    2200    900     500     1000    1500    800     600     1400    1500    2200    900     600     500     300     
	20617  1977 1800    600     1800    500     1700    1500    1300    400     500     600     400     1700    900     1500    600     1200    1300    300     1200    
	20617  1978 2100    1100    1700    1100    1200    600     2100    1100    500     600     900     1200    500     500     600     500     1000    1100    900     
	20617  1979 1000    1000    1000    1000    600     600     1000    1000    600     300     600     500     500     600     400     1000    1000    700     400     
	20617  1980 2700    1500    2700    1400    2700    900     700     1300    1400    1400    800     2600    800     900     500     700     400     500     200     
	20617  1981 1500    1300    1500    1300    1500    1500    1100    1200    800     500     1000    1200    800     700     1500    1100    300     300     300     
	20617  1982 1900    1600    1900    1600    1000    1000    1800    1400    1600    1000    1000    1000    1000    900     400     1800    800     400     400     
	20617  1983 1800    1600    1800    1600    900     1800    1600    400     1600    900     300     200     1100    1600    1300    900     400     1300    600     
	20617  1984 2300    1200    2300    1100    1900    2300    1300    300     1100    1200    1900    600     600     900     2300    300     900     1300    500     
	20617  1985 2200    2200    1000    2200    1000    500     2200    900     2200    400     900     1000    500     400     400     900     2200    1300    300     
	20617  1986 3400    3400    1300    3100    1400    1000    1900    400     2800    1400    1200    800     700     900     700     1300    700     400     500     
	20617  1987 1300    1300    1000    1300    1200    1000    1200    1200    1100    1200    1000    800     400     700     400     400     500     900     600     
	20617  1988 1700    1000    1500    500     1600    1100    1700    500     300     200     1500    1500    1100    300     900     700     1700    800     500     
	20617  1989 1700    900     1700    900     1700    1200    1100    600     600     700     500     1700    1200    700     700     900     400     1100    800     
	20617  1990 1800    800     1800    800     1800    1700    1800    800     700     800     700     1800    1300    1700    800     600     1800    500     600     
	20617  1991 2300    2300    1800    2300    1600    1200    1000    1100    1200    1200    800     1600    300     600     1200    700     1000    700     1600    
	20617  1992 2000    1300    2000    1300    1900    1400    700     1200    700     400     900     1900    1200    800     500     700     400     700     1300    
	20617  1993 1800    1800    1300    1800    1400    1300    1800    500     1500    1400    1000    800     1200    900     400     600     1000    1600    200     
	20617  1994 1700    1000    1300    1000    800     1300    1700    500     1000    200     600     600     900     1300    1000    500     1700    1000    300     
	20617  1995 2800    1600    2500    500     1900    2500    2000    500     500     500     1400    700     1300    700     2100    200     2000    1100    1700    
	20617  1996 1600    1600    1400    1600    1600    1000    1200    1600    900     1600    1200    500     900     1000    800     1200    900     400     1200    
	20617  1997 3400    2500    2200    2500    2200    2200    1600    2200    400     700     2200    900     600     1100    2100    1600    800     1500    500     
	20617  1998 1600    1000    1600    800     1300    1600    700     700     800     1000    300     1300    200     500     1600    700     400     700     300     
	20617  1999 2600    900     2600    700     1100    1400    1400    400     300     900     600     700     900     1400    1200    1400    1000    300     200     
	20617  2000 1000    1000    800     1000    700     800     600     1000    300     500     700     700     800     800     600     600     400     300     600     
	20617  2001 1300    1300    1300    1300    1000    1300    700     1300    900     500     500     1000    1100    1200    700     400     700     300     1200    
	20617  2002 2300    1200    1300    1200    2300    800     1000    1000    500     1000    1300    900     700     700     800     1000    700     300     2000    
	20617  2003 2900    2300    2900    2300    2000    2900    1000    600     2300    2000    1500    700     800     700     2800    1000    1000    800     1000    
	20617  2004 1800    1500    1800    800     1800    1500    1000    300     700     1100    1800    1400    1300    600     900     900     1000    400     1300    
	20617  2005 1700    1000    1200    800     700     900     1700    400     800     600     600     700     800     900     500     1200    1700    300     700     
	20617  2006 1900    1400    1900    1300    1500    1200    1900    1000    1000    1400    600     1500    1200    800     300     1900    1000    400     800     
	20617  2007 2400    900     2200    700     2400    800     1600    200     500     700     2200    500     800     400     700     500     1500    400     1300    
	20617  2008 1600    1500    1600    1500    1500    600     1200    300     1500    300     900     1500    600     400     600     1200    700     600     1200    
	20617  2009 2200    1000    2200    1000    1700    1200    2200    800     600     800     1700    800     1000    400     900     2200    700     200     400     
	20617  2010 1500    1100    1500    1100    1500    1000    800     800     1100    500     1500    1000    1000    700     400     800     800     500     800     
	20617  2011 2700    2100    2700    900     2700    600     2000    700     800     2100    1900    800     500     600     400     400     1100    2000    500     
	20617  2012 2900    2400    1100    1000    2900    800     1000    1000    900     2400    600     1100    500     700     800     1000    600     600     300     
	20617  2013 2200    1400    2100    1400    2200    2100    1400    1400    500     1400    800     700     1100    2100    1400    1100    400     300     400     
	20617  2014 1300    1300    1300    700     1300    1300    800     700     500     1300    800     900     1300    600     400     700     700     700     600     
	20617  2015 1200    1000    1200    700     1200    1100    1000    400     700     1000    1200    800     1100    400     900     600     1000    300     300     
	20617  2016 1700    1200    1300    400     1200    1200    1300    300     400     1200    500     1100    1100    1200    800     1300    900     1000    700     
	20617  2017 1400    1300    1400    1300    1400    1200    1000    1300    1100    1200    1000    1400    1200    600     900     1000    1000    300     500     
	20617  2018 4800    1300    4800    1300    1500    4800    1600    400     1300    800     900     1500    1200    3100    800     500     1600    1500    500     
	20617  2019 1900    1100    1900    1000    1900    1500    1000    400     1000    600     1900    1600    1000    900     800     1000    500     700     700     
	20617  2020 2100    1300    2100    700     2100    900     1300    700     500     1300    2100    900     800     500     900     1300    800     800     400     
	20617  2021 1800    1400    1800    1000    1800    1300    1100    600     1000    900     1800    500     1300    900     400     1100    400     600     1000    
	20617  2022 3100    1900    3100    600     3100    1600    700     500     400     1500    2100    1000    500     900     1600    500     700     500     900     
	20617  2023 2900    1100    2900    1100    1000    1900    1100    600     1100    400     600     1000    1900    300     1100    1100    200     200     500     
	20617  2024 1400    1100    1400    600     1100    1400    1100    600     300     1100    500     1100    1400    600     500     600     500     900     800     
	20617  2025 2700    1200    2700    1200    2700    1600    1000    1200    1000    1000    1100    2100    1100    800     1600    800     600     400     1200    
	20617  2026 -999999 1100    -999999 1100    -999999 -999999 -999999 1100    300     800     1900    -999999 -999999 -999999 -999999 -999999 -999999 -999999 -999999 
	