EUROPEAN CLIMATE ASSESSMENT & DATASET (ECA&D), file created on: 17-05-2026
THESE DATA CAN BE USED FOR NON-COMMERCIAL RESEARCH AND EDUCATION PROVIDED THAT THE FOLLOWING SOURCE IS ACKNOWLEDGED: 

Klein Tank, A.M.G. and Coauthors, 2002. Daily dataset of 20th-century surface
air temperature and precipitation series for the European Climate Assessment.
Int. J. of Climatol., 22, 1441-1453.
Data and metadata available at http://www.ecad.eu

FILE FORMAT (MISSING VALUE CODE = -999999):

THIS FILE HOLDS DATA FOR STATION NETHERLANDS                              URK                                      (STAID:  20619)
LATITUDE: dd:mm:ss +52:40:00
LONGITUDE: ddd:mm:ss +005:36:00
ELEVATION: m -100

DATA IS FOR INDEX Maximum no of consecutive dry days (RR < 1 mm) (CDD) with unit 0.01 No of days

01-06 SOUID: Source identifier
08-11 YEAR : YYYY
13-20 ANNUAL DATA VALUES
21-28 WINTER HALF YEAR DATA VALUES
29-36 SUMMER HALF YEAR DATA VALUES
37-44 WINTER (DJF) DATA VALUES
45-52 SPRING (MAM) DATA VALUES
53-60 SUMMER (JJA) DATA VALUES
61-68 AUTUMN (SON) DATA VALUES
69-76 JANUARY DATA VALUES
etc. 
157-164 DECEMBER DATA VALUES

20619  1932 -999999 -999999 -999999 -999999 -999999 -999999 -999999 -999999 -999999 -999999 -999999 -999999 -999999 -999999 -999999 -999999 300     1000    900     
	20619  1933 2400    1300    1200    1300    1100    1000    1200    1300    900     1100    1100    900     800     700     900     1100    700     700     1700    
	20619  1934 3300    2000    3300    2000    1500    1800    1000    800     2000    600     600     1500    1800    1200    1500    700     400     1000    500     
	20619  1935 2700    1600    2700    700     2000    2700    400     600     700     1600    700     1300    600     1100    2600    300     400     400     800     
	20619  1936 2400    2400    1600    1100    2400    1200    700     400     1100    2400    800     900     800     300     1200    400     600     700     900     
	20619  1937 1800    600     1800    500     1000    1800    1300    500     200     400     600     700     800     800     1200    500     1000    700     500     
	20619  1938 1700    1300    1700    1300    1400    1700    1200    300     1300    1300    1400    700     1700    700     600     900     1200    1200    1200    
	20619  1939 2400    1300    2400    1300    1400    1000    1000    500     800     300     600     1400    1000    600     1000    1000    400     500     1500    
	20619  1940 1400    1400    1300    1400    900     1100    900     1300    900     400     800     900     1100    400     700     900     800     500     600     
	20619  1941 1800    1100    1800    1100    1300    1800    1400    1100    500     1100    1100    1300    1600    900     500     1400    800     700     500     
	20619  1942 3100    1900    3100    1600    3100    1200    1300    1400    1600    1100    2100    1000    1200    400     500     1300    300     600     800     
	20619  1943 3600    3600    1700    1300    2300    1700    1800    500     1300    2300    1200    1100    900     1700    600     1200    1600    700     1500    
	20619  1944 2000    1900    2000    1900    1200    2000    900     600     1900    900     900     800     1000    700     1800    900     800     300     1200    
	20619  1945 2000    2000    1400    500     2000    900     1400    500     300     2000    1400    1100    700     900     500     800     1100    1400    600     
	20619  1946 1900    1500    1900    1500    1900    900     1400    1500    400     1100    1700    1200    600     900     600     700     1400    700     1300    
	20619  1947 2300    800     2300    600     1100    2300    1100    600     600     400     1100    900     900     1300    2300    700     900     400     600     
	20619  1948 2200    2200    1400    1500    1400    1400    1300    200     1500    1000    1400    1100    1000    1400    900     800     1300    1100    1100    
	20619  1949 2200    1500    2200    1500    1400    2200    2100    700     800     1300    800     600     1900    1400    600     1100    1000    500     600     
	20619  1950 1600    1300    1600    1300    900     1300    1000    1300    400     800     800     900     1300    400     500     500     1000    300     1500    
	20619  1951 2200    1400    1600    1300    1100    1100    2200    1000    400     1000    1100    500     1100    700     400     700     2000    300     800     
	20619  1952 1400    1000    1400    800     1400    1000    1000    600     800     1000    1100    1400    800     800     900     1000    800     300     700     
	20619  1953 3800    3800    1500    1100    2700    1500    1600    800     1100    2700    1200    700     1500    600     800     600     900     1600    800     
	20619  1954 1800    1800    1300    1800    1600    700     600     1100    700     1600    1300    1300    500     500     700     300     300     600     600     
	20619  1955 2200    1500    2200    1100    1200    1800    1000    1100    1100    800     1200    800     800     800     1800    1000    800     1000    500     
	20619  1956 1800    1000    1800    800     1300    1000    1800    500     800     1000    900     800     1000    400     400     1800    800     1000    600     
	20619  1957 1200    1200    1100    1200    900     1100    1000    1200    400     500     900     800     1100    300     700     400     1000    600     700     
	20619  1958 2900    1300    1000    600     1300    1000    2200    600     200     1300    700     500     1000    800     300     500     1000    2200    700     
	20619  1959 2600    2100    2200    2100    1300    1800    2600    500     2000    400     1300    1000    1700    1800    1200    2000    1700    700     700     
	20619  1960 1800    1200    1800    500     1800    700     900     400     500     1200    900     1100    700     500     700     900     200     400     400     
	