EUROPEAN CLIMATE ASSESSMENT & DATASET (ECA&D), file created on: 17-05-2026
THESE DATA CAN BE USED FOR NON-COMMERCIAL RESEARCH AND EDUCATION PROVIDED THAT THE FOLLOWING SOURCE IS ACKNOWLEDGED: 

Klein Tank, A.M.G. and Coauthors, 2002. Daily dataset of 20th-century surface
air temperature and precipitation series for the European Climate Assessment.
Int. J. of Climatol., 22, 1441-1453.
Data and metadata available at http://www.ecad.eu

FILE FORMAT (MISSING VALUE CODE = -999999):

THIS FILE HOLDS DATA FOR STATION NETHERLANDS                              VELDHOVEN                                (STAID:  20622)
LATITUDE: dd:mm:ss +51:24:51
LONGITUDE: ddd:mm:ss +005:24:59
ELEVATION: m -100

DATA IS FOR INDEX Maximum no of consecutive dry days (RR < 1 mm) (CDD) with unit 0.01 No of days

01-06 SOUID: Source identifier
08-11 YEAR : YYYY
13-20 ANNUAL DATA VALUES
21-28 WINTER HALF YEAR DATA VALUES
29-36 SUMMER HALF YEAR DATA VALUES
37-44 WINTER (DJF) DATA VALUES
45-52 SPRING (MAM) DATA VALUES
53-60 SUMMER (JJA) DATA VALUES
61-68 AUTUMN (SON) DATA VALUES
69-76 JANUARY DATA VALUES
etc. 
157-164 DECEMBER DATA VALUES

20622  1929 -999999 -999999 -999999 -999999 -999999 -999999 900     -999999 -999999 -999999 -999999 -999999 -999999 -999999 900     800     700     700     600     
	20622  1930 2100    2100    1700    1200    1000    1700    500     500     1200    900     800     400     1700    600     700     500     500     400     800     
	20622  1931 1900    1100    1900    1100    1000    1900    1200    600     900     1000    800     800     1300    600     600     800     1200    800     1300    
	20622  1932 2100    2100    1200    1500    1900    1200    2100    1300    1500    1900    400     600     1200    600     700     500     400     2100    2800    
	20622  1933 3200    1800    1200    1800    1100    1200    1200    1800    800     1100    1100    1000    800     600     1200    1200    700     600     1100    
	20622  1934 2400    2400    1600    2400    1500    1500    1300    700     2400    800     700     1500    1400    1200    1500    800     400     1300    400     
	20622  1935 1600    1500    1600    600     1500    1600    800     600     500     1500    400     1300    500     1200    1300    600     800     600     400     
	20622  1936 2000    2000    1400    1200    2000    1200    1100    500     1200    2000    800     800     800     200     1200    400     1100    1100    900     
	20622  1937 1800    900     1800    800     1000    1800    1300    600     200     400     400     1000    700     800     1200    700     1000    1100    800     
	20622  1938 2400    2400    1700    900     2400    1700    900     400     900     2400    900     1500    1700    1300    600     800     700     900     800     
	20622  1939 2500    1300    2500    1300    1400    1200    700     600     700     700     600     1400    1100    500     1200    700     400     400     1700    
	20622  1940 1900    800     1900    800     1900    1400    1300    700     700     400     500     1900    1100    200     1300    700     1300    400     600     
	20622  1941 2500    1300    1900    1300    1200    1900    2500    1200    600     1200    900     1200    1000    1500    200     1500    800     2500    600     
	20622  1942 3200    1900    3200    1800    3200    1400    1100    1800    1600    1000    2300    900     1200    400     1400    1100    600     1000    700     
	20622  1943 3000    3000    1200    1200    1800    1200    1800    400     1200    1800    700     1100    900     700     600     800     1600    500     1000    
	20622  1944 -999999 1900    -999999 1900    1000    -999999 -999999 600     1900    1000    600     700     700     -999999 -999999 -999999 -999999 -999999 -999999 
	20622  1945 -999999 -999999 -999999 -999999 -999999 -999999 -999999 -999999 -999999 -999999 -999999 -999999 -999999 -999999 -999999 1200    1300    -999999 -999999 
	20622  1946 -999999 -999999 1700    -999999 1700    900     1500    2600    400     1400    1100    1100    600     900     600     700     1500    600     -999999 
	20622  1947 -999999 -999999 1700    -999999 1200    1300    1000    -999999 -999999 1200    1000    700     800     700     1300    600     800     600     -999999 
	