EUROPEAN CLIMATE ASSESSMENT & DATASET (ECA&D), file created on: 17-05-2026
THESE DATA CAN BE USED FOR NON-COMMERCIAL RESEARCH AND EDUCATION PROVIDED THAT THE FOLLOWING SOURCE IS ACKNOWLEDGED: 

Klein Tank, A.M.G. and Coauthors, 2002. Daily dataset of 20th-century surface
air temperature and precipitation series for the European Climate Assessment.
Int. J. of Climatol., 22, 1441-1453.
Data and metadata available at http://www.ecad.eu

FILE FORMAT (MISSING VALUE CODE = -999999):

THIS FILE HOLDS DATA FOR STATION NETHERLANDS                              NIEUWENDIJK (NB)                         (STAID:   2482)
LATITUDE: dd:mm:ss +51:46:00
LONGITUDE: ddd:mm:ss +004:55:59
ELEVATION: m    0

DATA IS FOR INDEX Maximum no of consecutive dry days (RR < 1 mm) (CDD) with unit 0.01 No of days

01-06 SOUID: Source identifier
08-11 YEAR : YYYY
13-20 ANNUAL DATA VALUES
21-28 WINTER HALF YEAR DATA VALUES
29-36 SUMMER HALF YEAR DATA VALUES
37-44 WINTER (DJF) DATA VALUES
45-52 SPRING (MAM) DATA VALUES
53-60 SUMMER (JJA) DATA VALUES
61-68 AUTUMN (SON) DATA VALUES
69-76 JANUARY DATA VALUES
etc. 
157-164 DECEMBER DATA VALUES

2482   1877 -999999 -999999 -999999 -999999 -999999 -999999 -999999 -999999 -999999 -999999 -999999 -999999 -999999 -999999 -999999 -999999 -999999 -999999 -999999 
	2482   1878 5500    -999999 1200    -999999 2400    1000    1100    300     2700    2400    1200    400     1000    1000    500     1000    1100    700     1100    
	2482   1879 3600    2100    1000    2100    1400    800     1100    1700    1000    1400    600     400     700     800     400     700     1100    800     2800    
	2482   1880 3300    2700    3300    1700    3300    1700    900     1200    600     2700    1700    2700    400     400     1700    800     500     600     500     
	2482   1881 -999999 1200    1600    1000    1900    1600    -999999 900     1000    1000    1400    1100    800     1600    700     500     -999999 -999999 1000    
	2482   1882 -999999 -999999 -999999 -999999 -999999 -999999 -999999 2100    -999999 -999999 -999999 -999999 -999999 -999999 -999999 -999999 -999999 -999999 -999999 
	2482   1883 -999999 -999999 -999999 -999999 -999999 -999999 -999999 -999999 -999999 -999999 -999999 -999999 -999999 -999999 1000    -999999 -999999 -999999 -999999 
	2482   1884 -999999 -999999 -999999 -999999 -999999 -999999 -999999 -999999 -999999 -999999 -999999 -999999 -999999 -999999 -999999 -999999 -999999 -999999 -999999 
	2482   1885 -999999 -999999 -999999 -999999 -999999 -999999 -999999 -999999 -999999 -999999 -999999 -999999 -999999 -999999 -999999 -999999 -999999 -999999 -999999 
	2482   1886 -999999 -999999 -999999 -999999 -999999 -999999 -999999 -999999 -999999 -999999 -999999 -999999 -999999 -999999 -999999 -999999 -999999 -999999 -999999 
	2482   1887 -999999 -999999 -999999 -999999 -999999 -999999 -999999 -999999 -999999 -999999 -999999 -999999 -999999 -999999 -999999 -999999 -999999 -999999 -999999 
	2482   1888 -999999 -999999 -999999 -999999 -999999 -999999 -999999 -999999 -999999 -999999 -999999 -999999 -999999 -999999 -999999 -999999 -999999 -999999 -999999 
	2482   1889 -999999 -999999 -999999 -999999 -999999 -999999 -999999 -999999 -999999 -999999 -999999 -999999 -999999 -999999 -999999 -999999 -999999 -999999 -999999 
	2482   1890 -999999 -999999 -999999 -999999 -999999 -999999 -999999 -999999 -999999 -999999 -999999 -999999 -999999 -999999 -999999 -999999 -999999 -999999 -999999 
	2482   1891 -999999 -999999 1000    -999999 -999999 600     1500    -999999 -999999 -999999 1000    700     600     500     400     900     500     700     1000    
	2482   1892 -999999 -999999 -999999 -999999 -999999 -999999 -999999 -999999 -999999 -999999 -999999 -999999 -999999 -999999 -999999 -999999 -999999 -999999 -999999 
	2482   1893 -999999 -999999 -999999 -999999 -999999 -999999 -999999 -999999 -999999 -999999 -999999 -999999 -999999 -999999 -999999 -999999 -999999 -999999 -999999 
	2482   1894 -999999 -999999 -999999 -999999 -999999 -999999 -999999 -999999 -999999 -999999 -999999 -999999 -999999 -999999 -999999 -999999 -999999 -999999 -999999 
	2482   1895 -999999 -999999 -999999 -999999 -999999 -999999 -999999 -999999 -999999 -999999 -999999 -999999 -999999 -999999 -999999 -999999 -999999 -999999 -999999 
	2482   1896 -999999 -999999 -999999 -999999 -999999 -999999 -999999 -999999 -999999 -999999 -999999 -999999 -999999 -999999 -999999 -999999 -999999 -999999 -999999 
	2482   1897 -999999 -999999 -999999 -999999 -999999 -999999 -999999 -999999 -999999 -999999 -999999 -999999 -999999 -999999 -999999 -999999 -999999 -999999 -999999 
	2482   1898 -999999 -999999 -999999 -999999 -999999 -999999 -999999 -999999 -999999 -999999 -999999 -999999 -999999 -999999 -999999 -999999 -999999 -999999 -999999 
	2482   1899 -999999 -999999 -999999 -999999 -999999 -999999 -999999 -999999 -999999 -999999 -999999 -999999 -999999 -999999 -999999 -999999 -999999 -999999 -999999 
	2482   1900 -999999 -999999 -999999 -999999 -999999 -999999 -999999 -999999 -999999 -999999 -999999 -999999 -999999 -999999 -999999 -999999 -999999 -999999 -999999 
	2482   1901 -999999 -999999 -999999 -999999 -999999 -999999 -999999 -999999 -999999 -999999 -999999 -999999 -999999 -999999 -999999 -999999 -999999 -999999 -999999 
	2482   1902 -999999 -999999 -999999 -999999 -999999 -999999 -999999 -999999 -999999 -999999 -999999 -999999 -999999 -999999 -999999 -999999 -999999 -999999 -999999 
	2482   1903 -999999 -999999 -999999 -999999 -999999 -999999 -999999 -999999 -999999 -999999 -999999 -999999 -999999 -999999 -999999 -999999 -999999 -999999 -999999 
	2482   1904 -999999 -999999 -999999 -999999 -999999 -999999 -999999 -999999 -999999 -999999 -999999 -999999 -999999 -999999 -999999 -999999 -999999 -999999 -999999 
	2482   1905 -999999 -999999 -999999 -999999 -999999 -999999 -999999 -999999 -999999 -999999 -999999 -999999 -999999 -999999 -999999 -999999 -999999 -999999 -999999 
	2482   1906 -999999 -999999 -999999 -999999 -999999 -999999 -999999 -999999 -999999 -999999 -999999 -999999 -999999 -999999 -999999 -999999 -999999 -999999 -999999 
	2482   1907 -999999 -999999 -999999 -999999 -999999 -999999 -999999 -999999 -999999 -999999 -999999 -999999 -999999 -999999 -999999 -999999 -999999 -999999 -999999 
	2482   1908 -999999 -999999 -999999 -999999 -999999 -999999 -999999 -999999 -999999 -999999 -999999 -999999 -999999 -999999 -999999 -999999 -999999 -999999 -999999 
	2482   1909 -999999 -999999 -999999 -999999 -999999 -999999 -999999 -999999 -999999 -999999 -999999 -999999 -999999 -999999 -999999 -999999 -999999 -999999 -999999 
	2482   1910 -999999 -999999 -999999 -999999 -999999 -999999 -999999 -999999 -999999 -999999 -999999 -999999 -999999 -999999 -999999 -999999 -999999 -999999 -999999 
	2482   1911 -999999 -999999 -999999 -999999 -999999 -999999 -999999 -999999 -999999 -999999 -999999 -999999 -999999 -999999 -999999 -999999 -999999 -999999 -999999 
	2482   1912 -999999 -999999 -999999 -999999 -999999 -999999 -999999 -999999 -999999 -999999 -999999 -999999 -999999 -999999 -999999 -999999 -999999 -999999 -999999 
	2482   1913 -999999 -999999 -999999 -999999 -999999 -999999 -999999 -999999 -999999 -999999 -999999 -999999 -999999 -999999 -999999 -999999 -999999 -999999 -999999 
	2482   1914 -999999 -999999 -999999 -999999 -999999 -999999 -999999 -999999 -999999 -999999 -999999 -999999 -999999 -999999 -999999 -999999 -999999 -999999 -999999 
	2482   1915 -999999 -999999 -999999 -999999 -999999 -999999 -999999 -999999 -999999 -999999 -999999 -999999 -999999 -999999 -999999 -999999 -999999 -999999 -999999 
	2482   1916 -999999 -999999 -999999 -999999 -999999 -999999 -999999 -999999 -999999 -999999 -999999 -999999 -999999 -999999 -999999 -999999 -999999 -999999 -999999 
	2482   1917 -999999 -999999 -999999 -999999 -999999 -999999 -999999 -999999 -999999 -999999 -999999 -999999 -999999 -999999 -999999 -999999 -999999 -999999 -999999 
	2482   1918 -999999 -999999 -999999 -999999 -999999 -999999 -999999 -999999 -999999 -999999 -999999 -999999 -999999 -999999 -999999 -999999 -999999 -999999 -999999 
	2482   1919 -999999 -999999 -999999 -999999 -999999 -999999 -999999 -999999 -999999 -999999 -999999 -999999 -999999 -999999 -999999 -999999 -999999 -999999 -999999 
	2482   1920 -999999 -999999 -999999 -999999 -999999 -999999 -999999 -999999 -999999 -999999 -999999 -999999 -999999 -999999 -999999 -999999 -999999 -999999 -999999 
	2482   1921 -999999 -999999 -999999 -999999 -999999 -999999 -999999 -999999 -999999 -999999 -999999 -999999 -999999 -999999 -999999 -999999 -999999 -999999 -999999 
	2482   1922 -999999 -999999 -999999 -999999 -999999 -999999 -999999 -999999 -999999 -999999 -999999 -999999 -999999 -999999 -999999 -999999 -999999 -999999 -999999 
	2482   1923 -999999 -999999 -999999 -999999 -999999 -999999 -999999 -999999 -999999 -999999 -999999 -999999 -999999 -999999 -999999 -999999 -999999 -999999 -999999 
	2482   1924 -999999 -999999 -999999 -999999 -999999 -999999 -999999 -999999 -999999 -999999 -999999 -999999 -999999 -999999 -999999 -999999 -999999 -999999 -999999 
	2482   1925 -999999 -999999 -999999 -999999 -999999 -999999 -999999 -999999 -999999 -999999 -999999 -999999 -999999 -999999 -999999 -999999 -999999 -999999 -999999 
	2482   1926 -999999 -999999 -999999 -999999 -999999 -999999 -999999 -999999 -999999 -999999 -999999 -999999 -999999 -999999 -999999 -999999 -999999 -999999 -999999 
	2482   1927 -999999 -999999 -999999 -999999 -999999 -999999 -999999 -999999 -999999 -999999 -999999 -999999 -999999 -999999 -999999 -999999 -999999 -999999 -999999 
	2482   1928 -999999 -999999 -999999 -999999 -999999 -999999 -999999 -999999 -999999 -999999 -999999 -999999 -999999 -999999 -999999 -999999 -999999 -999999 -999999 
	2482   1929 -999999 -999999 -999999 -999999 -999999 -999999 -999999 -999999 -999999 -999999 -999999 -999999 -999999 -999999 -999999 -999999 -999999 -999999 -999999 
	2482   1930 -999999 -999999 -999999 -999999 -999999 -999999 -999999 -999999 -999999 -999999 -999999 -999999 -999999 -999999 -999999 -999999 -999999 -999999 -999999 
	2482   1931 -999999 -999999 -999999 -999999 -999999 -999999 -999999 -999999 -999999 -999999 -999999 -999999 -999999 -999999 -999999 -999999 -999999 -999999 -999999 
	2482   1932 -999999 -999999 -999999 -999999 -999999 -999999 -999999 -999999 -999999 -999999 -999999 -999999 -999999 -999999 -999999 -999999 -999999 -999999 -999999 
	2482   1933 -999999 -999999 -999999 -999999 -999999 -999999 -999999 -999999 -999999 -999999 -999999 -999999 -999999 -999999 -999999 -999999 -999999 -999999 -999999 
	2482   1934 -999999 -999999 -999999 -999999 -999999 -999999 -999999 -999999 -999999 -999999 -999999 -999999 -999999 -999999 -999999 -999999 -999999 -999999 -999999 
	2482   1935 -999999 -999999 -999999 -999999 -999999 -999999 -999999 -999999 -999999 -999999 -999999 -999999 -999999 -999999 -999999 -999999 -999999 -999999 -999999 
	2482   1936 -999999 -999999 -999999 -999999 -999999 -999999 -999999 -999999 -999999 -999999 -999999 -999999 -999999 -999999 -999999 -999999 -999999 -999999 -999999 
	2482   1937 -999999 -999999 -999999 -999999 -999999 -999999 -999999 -999999 -999999 -999999 -999999 -999999 -999999 -999999 -999999 -999999 -999999 -999999 -999999 
	2482   1938 -999999 -999999 -999999 -999999 -999999 -999999 -999999 -999999 -999999 -999999 -999999 -999999 -999999 -999999 -999999 -999999 -999999 -999999 -999999 
	2482   1939 -999999 -999999 -999999 -999999 -999999 -999999 -999999 -999999 -999999 -999999 -999999 -999999 -999999 -999999 -999999 -999999 -999999 -999999 -999999 
	2482   1940 -999999 -999999 -999999 -999999 -999999 -999999 -999999 -999999 -999999 -999999 -999999 -999999 -999999 -999999 -999999 -999999 -999999 -999999 -999999 
	2482   1941 -999999 -999999 -999999 -999999 -999999 -999999 -999999 -999999 -999999 -999999 -999999 -999999 -999999 -999999 -999999 -999999 -999999 -999999 -999999 
	2482   1942 -999999 -999999 -999999 -999999 -999999 -999999 -999999 -999999 -999999 -999999 -999999 -999999 -999999 -999999 -999999 -999999 -999999 -999999 -999999 
	2482   1943 -999999 -999999 -999999 -999999 -999999 -999999 -999999 -999999 -999999 -999999 -999999 -999999 -999999 -999999 -999999 -999999 -999999 -999999 -999999 
	2482   1944 -999999 -999999 -999999 -999999 -999999 -999999 -999999 -999999 -999999 -999999 -999999 -999999 -999999 -999999 -999999 -999999 -999999 -999999 -999999 
	2482   1945 -999999 -999999 -999999 -999999 -999999 -999999 -999999 -999999 -999999 -999999 -999999 -999999 -999999 -999999 -999999 -999999 -999999 -999999 -999999 
	2482   1946 -999999 -999999 -999999 -999999 -999999 -999999 -999999 -999999 -999999 -999999 -999999 -999999 -999999 -999999 -999999 -999999 -999999 -999999 -999999 
	2482   1947 -999999 -999999 -999999 -999999 -999999 -999999 -999999 -999999 -999999 -999999 -999999 -999999 -999999 -999999 -999999 -999999 -999999 -999999 -999999 
	2482   1948 -999999 -999999 -999999 -999999 -999999 -999999 -999999 -999999 -999999 -999999 -999999 -999999 -999999 -999999 -999999 -999999 -999999 -999999 -999999 
	2482   1949 -999999 -999999 -999999 -999999 -999999 -999999 -999999 -999999 -999999 -999999 -999999 -999999 -999999 -999999 -999999 -999999 -999999 -999999 -999999 
	2482   1950 -999999 -999999 -999999 -999999 -999999 -999999 -999999 -999999 -999999 -999999 -999999 -999999 -999999 -999999 -999999 -999999 -999999 -999999 -999999 
	2482   1951 1700    -999999 1300    -999999 1000    900     1700    900     300     900     1000    600     800     700     500     700     1400    300     900     
	2482   1952 1500    1500    1400    1200    1400    1100    1000    600     1200    800     1400    1400    800     1000    1100    1000    600     700     800     
	2482   1953 3400    3400    1500    1400    2700    1400    1600    1400    700     2700    1100    1300    900     400     1400    700     1600    1100    800     
	2482   1954 1800    1800    1800    1800    1800    700     700     1100    700     1500    1400    1500    500     600     700     300     700     600     600     
	2482   1955 1900    1600    1900    1200    1900    1000    900     900     1200    800     1900    700     900     700     1000    800     700     900     500     
	2482   1956 2000    1200    2000    800     2000    800     1400    500     800     1200    1200    800     800     400     400     1400    900     900     500     
	2482   1957 1400    1300    1000    1300    1400    900     1100    1300    400     600     1000    800     700     500     700     300     1000    1100    600     
	2482   1958 2700    1300    1100    800     1300    800     2300    600     300     1300    500     400     800     800     600     1100    1000    2300    400     
	2482   1959 2200    2100    2200    2100    1300    1600    2000    600     2000    400     800     1300    1600    1500    1600    2000    1000    800     800     
	2482   1960 1700    1100    1700    600     1700    1300    800     600     500     1100    600     1700    1300    400     700     800     300     300     600     
	2482   1961 1500    1500    1300    1200    1500    700     1300    500     1200    1500    500     900     700     600     700     1300    900     600     1500    
	2482   1962 2200    1800    1700    1100    1400    1400    2200    600     1100    1300    900     500     1400    400     700     500     2200    400     700     
	2482   1963 2200    2000    2100    1200    900     1200    1400    1100    1200    800     600     900     1200    800     300     1400    1000    900     1300    
	2482   1964 1800    1800    1600    1300    1200    1200    1000    1300    600     1200    800     500     800     900     1200    800     600     1000    1000    
	2482   1965 1500    1500    1400    1100    1300    1400    1400    400     1100    1300    500     900     800     600     600     1100    1400    1300    300     
	2482   1966 1600    900     1600    900     1100    1000    1500    900     600     500     400     1100    1000    400     800     1500    800     300     200     
	2482   1967 1400    1000    1400    1000    900     1300    1100    1000    800     700     800     300     1300    800     1200    900     400     1100    400     
	2482   1968 1700    1200    1700    800     1700    1000    1600    400     800     700     1700    600     600     800     1000    600     1000    1600    1500    
	2482   1969 2000    1100    1900    900     1100    1900    2000    900     700     1100    1000    700     1100    1900    900     1600    2000    300     600     
	2482   1970 2500    1300    2500    600     700     2300    1400    600     400     500     300     700     2300    600     800     1400    1200    900     1000    
	2482   1971 2300    1000    2300    1000    1900    2100    2200    1000    800     500     1500    800     900     2000    300     2200    1100    600     900     
	2482   1972 2300    1500    1900    1200    1500    1100    2300    900     900     1500    900     400     500     900     1100    800     1900    500     2100    
	2482   1973 4000    2300    1900    2300    2000    1900    1500    1900    500     2000    400     400     1700    400     1900    1500    900     700     600     
	2482   1974 1700    700     1400    700     1700    1400    300     500     600     700     1300    900     1400    600     1000    300     200     300     600     
	2482   1975 2100    1100    1900    1100    1800    1000    1800    600     1100    200     900     1800    1000    600     900     400     1800    700     2100    
	2482   1976 2600    1500    2600    1500    1100    2600    700     500     1500    1100    800     800     1700    1600    1700    500     700     400     600     
	2482   1977 2100    800     2100    600     1100    1700    2100    400     400     800     700     1100    800     1600    600     2100    1100    500     600     
	2482   1978 1900    1000    1900    1000    1600    1000    1500    500     1000    500     800     1600    700     1000    1000    500     1500    900     800     
	2482   1979 1400    1000    1400    700     500     1400    1400    600     700     500     400     500     700     800     700     1400    1300    600     400     
	2482   1980 1400    1400    1300    1400    1300    1300    800     1400    800     1200    800     1300    1300    800     700     800     400     500     400     
	2482   1981 2600    1200    2500    1200    2600    1700    700     500     1200    400     2500    400     400     600     1700    700     200     500     600     
	2482   1982 1600    1400    1600    1400    1600    1100    1500    1400    1300    600     1600    900     400     1100    400     1500    800     600     900     
	2482   1983 2000    1700    1800    1700    1300    1800    2000    400     1700    1300    500     200     1300    1800    1100    600     700     1400    700     
	2482   1984 2500    1300    2500    1100    1400    2400    800     500     1100    1300    1400    500     800     1500    2400    200     800     700     600     
	2482   1985 2000    2000    1300    2000    1100    1300    1900    500     2000    800     1100    900     400     1300    400     900     1900    600     500     
	2482   1986 3500    3500    1600    3200    1100    1600    2900    400     2800    1100    600     700     1500    1600    1300    1500    1400    400     400     
	2482   1987 1600    1300    1600    1300    1200    1600    1000    1300    700     1200    900     700     300     1300    600     600     500     900     900     
	2482   1988 2400    900     2400    900     1300    2400    1100    900     600     200     1300    900     2400    300     700     600     1100    800     600     
	2482   1989 1800    1300    1800    1300    1700    1800    1500    1000    800     700     500     1700    1800    1300    1300    1100    700     1200    800     
	2482   1990 1600    900     1600    600     1600    1100    1100    500     600     900     500     1600    900     1100    900     600     1100    600     800     
	2482   1991 2600    2200    2300    2200    1600    1600    1400    1200    1000    1100    900     1500    400     600     1000    1400    700     1100    1500    
	2482   1992 1600    1300    1600    1300    1500    1100    1600    1200    600     500     1000    1500    900     600     600     1600    500     400     1100    
	2482   1993 1600    1600    1600    900     1600    800     1600    500     900     1600    800     800     700     400     600     500     1000    1500    300     
	2482   1994 1600    1100    1400    1100    900     1400    1600    500     1100    400     900     700     900     1000    800     600     1600    800     400     
	2482   1995 2700    1500    2700    400     1000    2700    1500    300     300     500     800     900     1300    1000    2300    500     1500    1100    1600    
	2482   1996 3100    3100    2000    3100    2000    1200    900     2100    1000    1600    1900    1200    1200    1100    700     900     700     600     1400    
	2482   1997 2000    1800    2000    1800    1900    2000    2000    1800    300     1200    1900    1000    600     600     2000    1600    1700    800     700     
	2482   1998 1700    1300    1700    1300    1700    1600    700     1200    1300    1200    300     1700    500     600     1600    600     500     700     300     
	2482   1999 2600    700     2600    600     1200    1400    1400    600     400     700     800     900     600     1400    1200    1400    1000    300     200     
	2482   2000 1700    1100    1700    1100    1000    1700    700     1100    300     500     900     600     800     800     1700    700     400     300     800     
	2482   2001 1800    900     1800    900     1400    1800    1000    900     400     400     400     1400    1300    900     700     300     1000    800     1100    
	2482   2002 2400    1100    1300    900     2400    800     1000    900     600     1100    1300    600     700     600     800     1000    500     600     600     
	2482   2003 2900    2100    2900    2100    2000    2900    1600    800     2100    2000    1800    700     1300    1100    2700    1100    1600    800     1000    
	2482   2004 1700    1000    1400    1000    1400    800     1400    400     700     1000    1200    1400    600     500     300     1200    1400    300     1500    
	2482   2005 1700    1300    1400    800     900     1100    1700    600     800     500     500     900     1100    900     600     1100    1700    700     500     
	2482   2006 1500    1500    1500    1500    1300    1300    1500    1100    500     1300    900     1300    1300    1100    500     1500    800     600     900     
	2482   2007 4500    1000    3500    1000    4500    1000    1000    300     800     1000    3000    500     700     700     1000    600     1000    500     1800    
	2482   2008 1800    1800    1500    1800    1500    900     1000    500     1800    300     700     1400    800     400     900     1000    700     700     1200    
	2482   2009 2000    1300    2000    1000    1000    2000    1400    800     900     800     900     700     1500    500     800     1400    900     400     600     
	2482   2010 2100    1100    2100    1100    2100    1200    1200    1100    1100    600     2100    800     1100    800     400     500     1200    800     500     
	2482   2011 2800    1300    1700    700     1700    700     2800    600     700     1200    1700    800     300     400     400     1300    600     2800    300     
	2482   2012 2600    2400    1700    900     2600    1700    1000    500     900     2400    400     1000    500     700     1700    800     1000    600     300     
	2482   2013 2200    1200    2200    800     2000    2200    1300    500     800     1200    1000    1000    1100    2200    700     1100    400     800     500     
	2482   2014 2400    1700    2400    500     1700    1500    2300    500     500     1700    1100    500     1500    700     500     2300    400     600     400     
	2482   2015 2000    2000    1400    1400    2000    1400    1100    400     1400    2000    1200    800     1100    600     800     600     700     400     800     
	2482   2016 1800    1300    1500    500     1500    1000    1200    500     400     1300    500     1500    900     700     1000    1000    1200    900     1000    
	2482   2017 1400    1300    1400    1300    1200    1400    900     1300    800     700     1200    900     1400    500     900     700     900     400     300     
	2482   2018 4400    1500    4400    1400    800     4400    1500    500     1400    500     700     800     2900    1500    600     1300    1400    1500    600     
	2482   2019 2000    1700    2000    1700    2000    1600    1000    500     1700    1400    2000    1600    1100    500     1000    1000    500     700     500     
	2482   2020 4700    2000    2700    1000    4700    1600    1700    1000    400     2000    2700    1300    700     900     1000    1700    600     800     400     
	2482   2021 -999999 -999999 1800    -999999 1600    1200    1300    -999999 1000    900     1600    500     1200    800     900     1300    600     700     1100    
	2482   2022 3300    3300    2000    1000    2900    1900    800     1000    500     2900    1700    1500    900     1900    1500    400     800     800     900     
	2482   2023 3800    1100    3800    1100    1900    1900    900     600     1100    500     700     1900    1900    900     1200    900     700     300     600     
	2482   2024 1200    -999999 1200    -999999 900     800     1200    700     -999999 400     500     900     700     600     700     1200    800     1000    700     
	2482   2025 2900    1500    2900    1200    2900    1600    1200    1200    900     1500    1100    2300    1600    700     1600    1000    600     800     1300    
	2482   2026 -999999 -999999 -999999 1300    -999999 -999999 -999999 1300    400     -999999 -999999 -999999 -999999 -999999 -999999 -999999 -999999 -999999 -999999 
	