EUROPEAN CLIMATE ASSESSMENT & DATASET (ECA&D), file created on: 17-05-2026
THESE DATA CAN BE USED FOR NON-COMMERCIAL RESEARCH AND EDUCATION PROVIDED THAT THE FOLLOWING SOURCE IS ACKNOWLEDGED: 

Klein Tank, A.M.G. and Coauthors, 2002. Daily dataset of 20th-century surface
air temperature and precipitation series for the European Climate Assessment.
Int. J. of Climatol., 22, 1441-1453.
Data and metadata available at http://www.ecad.eu

FILE FORMAT (MISSING VALUE CODE = -999999):

THIS FILE HOLDS DATA FOR STATION NETHERLANDS                              HOENDERLOO                               (STAID:  20539)
LATITUDE: dd:mm:ss +52:06:00
LONGITUDE: ddd:mm:ss +005:54:00
ELEVATION: m -100

DATA IS FOR INDEX Maximum no of consecutive dry days (RR < 1 mm) (CDD) with unit 0.01 No of days

01-06 SOUID: Source identifier
08-11 YEAR : YYYY
13-20 ANNUAL DATA VALUES
21-28 WINTER HALF YEAR DATA VALUES
29-36 SUMMER HALF YEAR DATA VALUES
37-44 WINTER (DJF) DATA VALUES
45-52 SPRING (MAM) DATA VALUES
53-60 SUMMER (JJA) DATA VALUES
61-68 AUTUMN (SON) DATA VALUES
69-76 JANUARY DATA VALUES
etc. 
157-164 DECEMBER DATA VALUES

20539  1903 -999999 -999999 1500    -999999 900     1500    700     -999999 -999999 900     300     700     1100    400     400     700     500     500     2200    
	20539  1904 2800    1200    2000    1200    1000    2000    1600    900     800     1000    800     600     700     2000    500     1600    500     900     1100    
	20539  1905 1300    800     1300    800     1100    1300    800     600     600     500     1100    900     1300    400     600     800     300     600     800     
	20539  1906 1800    600     1700    500     1800    1200    1100    500     500     600     1700    500     1200    400     600     1000    900     500     900     
	20539  1907 1600    1100    1600    1100    1300    1600    1600    800     1000    800     700     500     800     1600    400     1600    400     1100    700     
	20539  1908 2300    1200    1500    1200    1100    1500    2300    900     1100    1100    500     600     1200    900     600     1300    2100    800     1300    
	20539  1909 1800    1100    1100    1100    1100    800     700     900     1100    800     1100    1100    800     600     600     700     700     600     1000    
	20539  1910 1900    1300    900     800     1900    700     1400    800     400     1300    600     900     500     700     600     900     1400    500     500     
	20539  1911 1900    1200    1900    1200    1500    1900    1200    1200    800     500     1500    800     500     900     1900    1200    500     500     400     
	20539  1912 2400    800     2400    800     2400    1700    1700    800     500     600     1900    600     600     1700    300     1700    1200    300     700     
	20539  1913 2000    1700    1700    1700    1000    1700    2000    1300    1700    300     500     1000    600     500     1700    1600    800     400     700     
	20539  1914 1800    1600    1800    1600    1300    1800    1200    1600    1000    400     1300    900     800     800     1800    1000    700     900     500     
	20539  1915 2100    700     2100    700     1300    1200    1300    700     600     700     700     1300    1200    500     700     900     1300    500     300     
	20539  1916 2700    800     2700    700     1200    2700    1100    700     400     800     800     600     700     1400    1300    1000    600     1000    500     
	20539  1917 3000    3000    1500    3000    1500    1200    1100    1400    1600    1300    700     1200    700     700     400     1000    700     800     600     
	20539  1918 1800    1800    1000    1200    1400    1000    700     700     600     1400    1000    900     500     700     700     400     700     700     300     
	20539  1919 2200    2000    2200    2000    2100    2200    1200    800     1500    800     900     2100    1400    600     1900    1200    900     400     800     
	20539  1920 3700    1200    1200    1100    1200    1200    3700    600     1100    1200    400     500     1200    400     800     800     2800    1400    1600    
	20539  1921 3500    1600    3500    900     1400    3500    1900    300     900     1400    1200    700     900     2600    700     1700    1500    1700    500     
	20539  1922 2100    1600    2100    1100    1600    900     1400    1100    1100    1600    700     1200    900     600     700     300     1400    900     500     
	20539  1923 1900    1200    1900    800     1300    1900    900     400     800     1200    800     500     500     1400    1300    900     300     800     400     
	20539  1924 1600    1600    1100    1000    1600    1100    1400    700     700     1600    700     500     1000    1000    400     600     1000    1400    1200    
	20539  1925 1600    1000    1600    1000    1200    1600    1500    1000    400     600     600     1200    1100    1600    900     500     1200    800     400     
	20539  1926 1500    700     1500    500     1000    1000    800     500     400     700     600     400     600     400     1000    800     600     300     700     
	20539  1927 1900    1400    1500    1000    1400    800     1300    700     1000    1400    600     1100    800     400     600     900     1300    600     1300    
	20539  1928 1700    1700    1600    1200    1500    1600    1100    400     1200    1000    800     900     500     1600    400     1100    400     800     500     
	20539  1929 1900    1600    1900    1200    1600    1900    800     1200    800     1600    900     1500    800     1900    700     800     600     500     400     
	20539  1930 1300    1100    1300    1100    1000    1000    500     600     1100    600     400     500     1000    500     800     500     500     300     600     
	20539  1931 2100    1000    2100    600     1100    2100    1200    500     600     1000    300     700     1600    500     600     600     600     1200    800     
	20539  1932 2600    2000    800     1600    2000    800     1000    1500    700     2000    800     600     800     500     800     400     300     1000    2600    
	20539  1933 1900    1300    1400    1200    1400    1200    1100    800     1200    1100    1400    1000    1000    1200    1000    1100    600     600     1300    
	20539  1934 2400    2400    1400    2400    1500    1400    700     700     2400    900     600     800     1100    1200    1400    700     400     700     300     
	20539  1935 1800    1500    1800    500     1800    1300    700     500     300     1500    500     1300    400     700     1100    400     500     700     700     
	20539  1936 1900    1900    1100    1100    1900    1000    1000    300     1100    1900    800     700     1000    300     1000    400     900     1000    900     
	20539  1937 1500    600     1500    600     700     1500    1100    600     200     400     400     600     600     1000    900     400     1000    600     500     
	20539  1938 2100    1500    2100    1500    1500    2100    1400    200     1500    1500    900     1400    2100    1300    600     1400    1100    1300    1200    
	20539  1939 2400    1100    2400    1100    1400    1000    1700    400     700     300     600     1400    1000    700     900     1100    600     300     1400    
	20539  1940 1700    1000    1700    800     1700    1200    1300    700     500     700     500     1700    1200    200     700     900     1300    400     600     
	20539  1941 1600    1100    1600    1100    1600    1200    1400    1100    700     1100    900     1600    1200    800     200     1400    800     500     500     
	20539  1942 1400    1400    1200    1400    1300    1100    900     1400    1000    1300    1200    600     1100    500     700     700     600     800     700     
	20539  1943 3200    3200    1300    1300    1900    1000    1300    400     1300    1900    600     1100    500     800     400     1200    1300    700     1000    
	20539  1944 1900    1800    1900    1800    1300    1900    900     300     1800    1100    500     700     800     700     1900    600     900     200     1000    
	20539  1945 -999999 -999999 -999999 -999999 -999999 1200    900     -999999 -999999 -999999 -999999 -999999 800     1200    400     900     800     700     500     
	20539  1946 1400    1100    1400    800     1400    700     1400    800     200     1100    700     1200    300     700     500     700     1400    800     1300    
	20539  1947 -999999 700     -999999 600     1100    1800    -999999 500     600     700     1100    600     700     1100    1800    -999999 -999999 -999999 -999999 
	20539  1948 -999999 -999999 1000    -999999 -999999 900     900     -999999 -999999 -999999 -999999 800     900     700     600     500     700     900     1100    
	20539  1949 1700    1700    1700    1700    1500    1700    1600    1000    800     1400    800     600     1300    1100    1200    800     900     500     600     
	20539  1950 1600    1200    1600    500     900     1300    1500    500     400     800     800     900     1300    400     700     400     1400    300     900     
	20539  1951 1800    1400    1400    1300    1000    1100    1800    1000    400     1000    1000    500     1100    600     800     800     1600    400     700     
	20539  1952 2500    1700    2500    1700    2500    1000    1200    500     1700    1500    2300    1800    500     1000    600     1200    800     600     1000    
	20539  1953 1600    1600    1200    900     1600    1000    1500    800     700     1600    1200    900     1000    600     1000    600     1300    1100    800     
	20539  1954 1800    1800    1600    1700    1800    700     600     1100    600     1800    1400    1200    700     400     700     400     500     600     600     
	20539  1955 -999999 1500    -999999 1100    1200    -999999 -999999 900     1100    700     1200    800     -999999 -999999 -999999 -999999 -999999 -999999 -999999 
	