EUROPEAN CLIMATE ASSESSMENT & DATASET (ECA&D), file created on: 17-05-2026
THESE DATA CAN BE USED FOR NON-COMMERCIAL RESEARCH AND EDUCATION PROVIDED THAT THE FOLLOWING SOURCE IS ACKNOWLEDGED: 

Klein Tank, A.M.G. and Coauthors, 2002. Daily dataset of 20th-century surface
air temperature and precipitation series for the European Climate Assessment.
Int. J. of Climatol., 22, 1441-1453.
Data and metadata available at http://www.ecad.eu

FILE FORMAT (MISSING VALUE CODE = -999999):

THIS FILE HOLDS DATA FOR STATION NETHERLANDS                              KLUNDERT                                 (STAID:    580)
LATITUDE: dd:mm:ss +51:40:00
LONGITUDE: ddd:mm:ss +004:31:59
ELEVATION: m    0

DATA IS FOR INDEX Maximum no of consecutive dry days (RR < 1 mm) (CDD) with unit 0.01 No of days

01-06 SOUID: Source identifier
08-11 YEAR : YYYY
13-20 ANNUAL DATA VALUES
21-28 WINTER HALF YEAR DATA VALUES
29-36 SUMMER HALF YEAR DATA VALUES
37-44 WINTER (DJF) DATA VALUES
45-52 SPRING (MAM) DATA VALUES
53-60 SUMMER (JJA) DATA VALUES
61-68 AUTUMN (SON) DATA VALUES
69-76 JANUARY DATA VALUES
etc. 
157-164 DECEMBER DATA VALUES

580    1888 -999999 -999999 1300    -999999 1300    900     1300    -999999 1100    300     600     1300    400     300     900     1300    1300    900     1300    
	580    1889 1400    1300    1300    1100    800     1300    1400    1000    700     800     700     800     1300    600     500     1100    400     1400    900     
	580    1890 2700    2700    1300    2700    1300    700     1300    400     2600    800     600     900     700     700     600     1300    700     600     1500    
	580    1891 3100    3100    1100    2500    800     1100    1300    700     2500    700     800     500     1100    500     500     1000    600     800     1100    
	580    1892 1800    1100    1500    1100    1800    1100    800     600     800     700     1500    1000    600     900     1100    500     800     700     1700    
	580    1893 4400    1300    3100    900     4400    1800    1100    700     400     1300    3000    1400    1800    300     1200    600     800     1100    800     
	580    1894 2800    2000    1500    1400    2800    1500    1000    1400    600     2000    800     800     1000    500     400     1000    400     1000    600     
	580    1895 1900    1100    1800    1100    1200    1100    1900    700     1100    800     1000    1200    1100    800     800     1800    500     600     500     
	580    1896 1800    1600    1700    1600    1700    1400    1500    1000    1600    600     1000    1700    600     1400    400     500     300     1500    700     
	580    1897 3300    1200    1200    1200    600     1200    3300    1200    700     600     500     500     700     1200    600     800     2000    1300    1300    
	580    1898 1800    900     1800    900     1000    1300    1700    900     400     500     1000    500     700     800     1300    1700    1000    600     600     
	580    1899 3100    3100    2100    1300    1800    2100    1900    800     1300    1800    400     500     1700    1100    1400    300     1200    1900    1900    
	580    1900 1500    1500    1500    1300    1400    1000    1500    500     1200    1400    1300    1300    600     1000    500     1500    400     500     600     
	580    1901 1900    1000    1900    1000    1900    1000    1700    1000    600     1000    1000    1900    1000    1000    900     1300    700     1000    600     
	580    1902 1200    1200    800     1200    700     800     1100    1000    1200    700     700     500     800     700     300     600     800     1100    1200    
	580    1903 1500    1100    1500    1100    1000    1500    1000    1100    700     900     300     1000    1100    800     500     1000    400     800     2200    
	580    1904 2800    1200    2400    1200    1100    2400    1900    1000    800     1100    800     1000    600     1900    500     1600    1400    1100    1100    
	580    1905 1400    1200    1200    1200    1200    700     1000    1200    700     500     1200    1100    600     700     600     700     500     1000    1400    
	580    1906 1900    1000    1700    1000    1900    1100    1200    400     600     500     1700    600     1100    1100    700     1200    900     500     900     
	580    1907 2200    1600    2200    1600    1100    1600    2200    1600    1000    900     700     600     400     1600    500     2200    400     1100    800     
	580    1908 3100    1300    1900    1300    800     1900    3100    900     1000    800     700     700     1200    1300    700     1800    2100    1000    1700    
	580    1909 2300    1300    1700    1300    1200    1700    1100    1300    1100    1100    1000    1200    1700    600     1100    700     500     900     800     
	580    1910 1900    1300    1500    900     1900    700     1500    800     400     1300    600     1000    700     700     700     1500    900     400     500     
	580    1911 2900    2900    2400    2900    1500    2400    1200    1900    1000    700     1500    1500    700     2400    1900    1200    700     500     300     
	580    1912 1800    900     1800    900     1700    1800    1600    900     500     300     1100    900     500     1800    300     1600    1200    400     500     
	580    1913 1600    1300    1600    1300    800     1600    1000    1000    900     300     500     800     500     500     1600    800     900     900     600     
	580    1914 1500    1500    1400    1500    1000    1300    1300    1500    1000    600     900     1000    1100    600     1300    1000    700     1000    400     
	580    1915 2000    700     2000    700     1300    1300    1900    700     300     600     700     1300    1300    700     900     1900    800     600     200     
	580    1916 2700    1200    2700    700     1200    2700    1400    400     300     1200    800     600     800     1400    1300    1200    500     900     400     
	580    1917 2000    1700    2000    1700    2000    1000    1400    1200    1600    1000    1300    800     500     1000    600     1100    300     800     1400    
	580    1918 2100    2100    1500    1400    1800    1200    600     900     600     1800    700     900     800     700     1000    200     500     600     400     
	580    1919 2400    900     2400    900     2100    1700    1800    700     800     900     1000    2100    1300    500     1700    1800    900     400     800     
	580    1920 4400    1100    1100    1100    1100    1100    4400    700     1100    1100    400     400     800     400     1100    800     3100    1400    2100    
	580    1921 3000    1700    2000    1700    1600    2000    2300    500     1200    1400    1200    1600    900     2000    500     1700    900     2300    700     
	580    1922 2000    1100    2000    1100    1500    800     2000    400     1100    1000    900     1500    800     500     700     500     2000    600     800     
	580    1923 1900    1500    1900    800     1700    1900    1000    800     800     1500    1200    500     500     1400    1300    1000    300     600     400     
	580    1924 1700    1700    1200    700     1700    1200    1700    700     600     1700    1000    700     1000    1000    600     600     800     1700    1000    
	580    1925 1500    800     1500    800     900     1100    1400    800     300     600     900     800     1100    1000    900     600     1100    800     300     
	580    1926 1600    900     1600    900     1100    1600    800     800     900     800     700     500     1300    1200    600     800     600     400     900     
	580    1927 1900    1400    1600    1400    1600    600     1100    600     1400    1200    700     1100    400     500     600     500     1100    600     1300    
	580    1928 1900    1900    1700    1300    1300    1700    1400    1000    1300    1300    700     700     800     1700    400     1400    300     700     500     
	580    1929 3500    3500    2000    1400    2100    2000    800     1300    1400    2100    1200    1600    500     2000    800     800     700     700     500     
	580    1930 2400    2400    1300    1200    1400    900     500     1000    1200    1200    800     700     900     600     800     500     500     400     700     
	580    1931 2200    2000    1500    600     2200    1500    1400    400     600     2000    500     1200    1100    400     600     600     1200    1400    800     
	580    1932 2200    2200    1900    2200    1600    1900    900     1500    1300    1600    400     600     1900    500     700     700     300     900     1100    
	580    1933 2200    1000    2200    1000    2200    1400    1200    900     800     1000    2200    600     1000    1100    1400    1100    700     700     1200    
	580    1934 2200    2200    1600    2200    1700    1500    1600    700     2200    1100    600     1500    1400    1200    800     800     1100    1600    500     
	580    1935 2000    1500    2000    700     1500    2000    900     700     500     1500    500     1300    500     1600    1100    900     400     600     600     
	580    1936 1600    1600    1400    1100    1600    1200    1400    600     1100    1600    800     900     700     600     1200    600     1100    1100    900     
	580    1937 2000    600     2000    600     1200    1500    1100    600     300     400     800     1100    900     500     1200    400     1100    700     400     
	580    1938 2200    2200    1800    1000    2200    1800    1200    500     1000    2200    1300    1600    1800    900     900     1200    800     900     1200    
	580    1939 2400    1300    2400    1300    1400    1000    1300    600     700     300     600     1400    1000    400     900     1000    300     300     1700    
	580    1940 2500    1100    2500    700     2500    1200    900     600     500     900     700     2500    1100    600     1000    900     700     600     600     
	580    1941 2800    1200    2800    1200    2800    1000    1500    1100    800     1000    1100    1700    1000    1000    200     1500    800     700     600     
	580    1942 3000    1300    3000    1300    3000    1400    900     1300    800     1200    2100    900     1400    400     700     900     500     800     600     
	580    1943 3700    3700    1600    1200    2500    1600    1400    500     1200    2500    1000    1300    900     1000    600     700     1400    500     900     
	580    1944 1900    1800    1900    1800    1100    1900    900     500     1800    900     700     800     700     700     1800    700     900     300     1000    
	580    1945 1800    1800    1200    700     1800    1200    1600    700     400     1800    800     900     800     1200    700     900     1600    1300    700     
	580    1946 1900    1500    1900    1500    1900    900     1300    1500    500     1500    1100    1200    300     900     700     600     1300    600     1200    
	580    1947 3200    1800    3200    1800    1100    2600    800     1700    1100    400     1100    700     1000    1100    2600    700     700     400     1300    
	580    1948 3100    3100    1500    1600    1500    1500    900     300     1600    1500    800     1300    900     1400    900     600     600     900     1000    
	580    1949 3200    1500    3200    1500    1400    3200    1600    1500    800     1300    800     500     1700    1500    1400    800     800     500     700     
	580    1950 1700    1200    1700    1100    1200    1300    1000    1100    400     800     800     1200    1300    600     600     400     1000    300     1300    
	580    1951 2200    1300    1500    700     1000    1100    2200    400     400     1000    1000    400     1100    700     600     700     2000    300     1300    
	580    1952 1700    1100    1700    1100    1700    1000    700     500     1100    700     1100    1700    800     1000    1000    700     600     300     800     
	580    1953 3400    3400    1400    2000    2700    1400    2500    2000    700     2700    1100    1000    700     800     1400    700     2500    1100    900     
	580    1954 2600    1600    2600    1600    2600    800     700     1000    700     1500    2600    1700    600     400     500     300     700     600     600     
	580    1955 1900    1700    1900    1200    1900    1000    1100    900     1200    800     1900    400     900     900     1000    800     700     1100    500     
	580    1956 1400    1300    1400    1300    1200    800     1400    500     1300    900     700     800     800     400     500     1400    900     1000    1100    
	580    1957 1500    800     1500    600     900     1500    800     600     400     600     500     800     1500    500     700     300     700     800     600     
	580    1958 2900    1400    1100    800     1300    1000    2200    500     400     1300    500     400     1000    800     600     900     900     2200    700     
	580    1959 3700    2100    3700    2100    1800    1800    2600    600     2000    500     800     1800    1500    1800    1700    2000    1700    800     500     
	580    1960 1400    900     1400    800     1400    1400    700     200     800     900     700     1100    1400    400     700     700     300     400     600     
	580    1961 1700    1700    1400    1200    1700    800     1400    600     1200    1700    700     1400    700     800     700     1400    800     900     700     
	580    1962 2100    1400    1900    1300    1900    1400    2100    600     1300    1300    1400    500     1400    500     600     900     2100    600     700     
	580    1963 2200    2100    1700    1300    1000    800     1700    1100    1300    800     800     800     700     800     300     1700    900     500     1700    
	580    1964 1800    1800    1400    1300    1200    1200    1000    1300    700     1200    800     1000    800     900     1100    800     700     900     500     
	580    1965 1500    1500    1400    1200    1300    1400    1500    300     1200    1300    600     1300    800     600     600     1100    1500    700     300     
	580    1966 1600    1100    1600    1100    1600    1300    1400    1100    600     600     400     1600    900     300     1300    1400    800     300     200     
	580    1967 1400    1100    1400    1100    900     1300    1200    1100    900     800     800     400     1300    800     1200    900     700     1200    400     
	580    1968 6600    1200    6600    800     1600    6000    1100    500     800     500     1600    600     3000    3000    900     700     1100    1100    1400    
	580    1969 3100    1100    3100    900     1100    3100    2100    900     700     1100    1000    300     1500    2000    1100    1600    1900    300     600     
	580    1970 1400    1300    1400    600     1000    1300    1400    600     300     1000    300     700     1300    500     800     1400    1200    700     1200    
	580    1971 2300    1000    2300    1000    1200    2200    2200    700     800     500     900     800     900     2100    800     2200    1100    400     900     
	580    1972 2300    1800    1900    1700    1500    1200    2300    900     1700    1500    900     700     700     800     1200    700     1900    500     2100    
	580    1973 3500    1800    1700    1800    1800    1700    1500    1400    400     1800    400     400     1700    400     1200    1500    900     900     600     
	580    1974 1500    1100    1500    700     1300    1500    400     500     600     1100    1300    700     1500    700     800     400     200     400     600     
	580    1975 1900    1100    1600    1100    1500    1000    1900    600     1100    300     900     1500    1000    600     900     600     1900    600     1100    
	580    1976 2600    1600    2600    1600    1100    2600    700     500     1600    1100    900     800     1700    1200    2600    500     700     500     400     
	580    1977 2000    700     2000    600     1100    1700    2000    400     600     400     600     1100    800     1600    1100    2000    1400    500     600     
	580    1978 1500    1500    1300    1400    1300    1100    1100    1000    1400    500     900     1200    700     900     1100    900     1100    900     800     
	580    1979 1400    800     1400    800     700     1100    1400    600     800     500     700     500     700     600     600     1400    1100    700     500     
	580    1980 2100    1400    2100    1400    2100    800     800     1400    800     1200    1000    2100    600     800     800     800     400     500     500     
	580    1981 1900    1600    1800    1600    1900    1300    900     400     1600    700     1800    400     400     1300    1100    800     300     500     700     
	580    1982 1900    1500    1900    1500    1600    1200    1900    1400    1500    900     1600    800     400     1200    500     1900    800     600     900     
	580    1983 2700    1700    1900    1700    1300    1900    2700    400     1700    1300    400     300     1900    1700    1300    600     1300    1400    800     
	580    1984 2200    1200    2200    1100    2100    2000    700     500     1100    1200    1900    500     700     1000    2000    200     700     700     500     
	580    1985 2000    2000    1300    2000    1100    500     1900    400     2000    600     1100    1000    400     500     400     900     1900    700     500     
	580    1986 3100    3100    1400    3100    1100    1400    2300    400     2700    1100    600     400     700     1400    1300    1300    1000    400     500     
	580    1987 1800    1300    1800    1300    1300    1800    1300    1300    700     1300    900     700     500     1300    500     400     500     1000    1400    
	580    1988 2500    900     2500    900     1400    2500    700     900     700     300     1000    1400    2500    300     900     600     600     700     500     
	580    1989 1800    1300    1800    1300    1800    1400    1200    1000    800     700     500     1800    1300    1400    1300    900     400     1200    1000    
	580    1990 1800    900     1800    700     1600    1800    1100    500     600     900     600     1600    900     1800    900     400     1100    500     600     
	580    1991 2600    1700    2300    1700    1500    1600    1400    1000    700     1100    800     1500    300     600     1000    1400    1100    1100    1500    
	580    1992 1400    1400    1300    1400    1100    1300    800     1200    600     400     900     1100    900     700     600     800     700     400     1100    
	580    1993 1800    1700    1500    1700    1600    900     1800    500     1500    1600    800     700     700     400     800     600     1000    1400    300     
	580    1994 1500    1200    1300    1200    900     1300    1500    500     1200    400     900     500     900     1300    800     600     1500    800     400     
	580    1995 2800    1500    2800    400     1600    2800    1500    300     300     600     800     1500    1300    1000    2400    1000    1500    1100    1600    
	580    1996 1600    1600    1300    1600    1600    1200    1000    1200    800     1600    1200    1000    900     1200    1000    1000    600     400     1400    
	580    1997 2000    1800    2000    1800    1900    2000    2000    1800    300     1200    1900    1000    600     600     2000    1600    1700    800     700     
	580    1998 1800    1800    1700    1800    1700    1600    700     1200    1800    1200    200     1700    300     700     1600    700     200     700     300     
	580    1999 2500    700     2500    700     1000    1200    1400    600     400     700     600     700     900     900     1100    1400    1000    400     200     
	580    2000 1700    1400    1700    1400    1700    1700    700     1400    300     500     900     900     700     800     1700    700     500     300     800     
	580    2001 1400    900     1400    900     1400    900     1000    900     800     500     400     1400    900     500     800     200     1000    800     1100    
	580    2002 1900    1100    1000    1000    1900    800     1000    900     500     1100    1000    800     700     800     800     1000    500     300     700     
	580    2003 2200    2000    2200    2000    2200    1900    1300    900     2000    2000    2200    700     1300    1200    1700    900     1300    800     1000    
	580    2004 2200    1000    2200    1000    2200    1100    1500    300     700     500     900     2200    700     600     500     1000    1300    400     1500    
	580    2005 1600    1200    1500    800     800     1500    1600    600     800     500     400     800     1500    900     600     900     1600    600     700     
	580    2006 1700    1700    1600    1700    1400    1600    1400    1100    600     1300    900     1400    1200    1600    400     1400    700     600     1000    
	580    2007 4500    1200    3500    1200    4500    800     1000    500     700     1000    3000    500     600     400     800     600     1000    600     1400    
	580    2008 1800    1800    1500    1800    1500    1100    1000    500     1800    300     700     1400    1100    500     900     1000    700     600     1100    
	580    2009 1900    900     1900    900     1000    1900    1800    800     400     800     800     800     1500    500     800     1600    700     400     700     
	580    2010 2100    1100    2100    1100    2100    2100    1200    1100    600     600     2100    1400    2000    800     400     500     1200    800     600     
	580    2011 2500    1800    1600    800     1700    700     2500    700     700     1700    1600    800     300     500     400     1200    600     2500    500     
	580    2012 2600    2400    1700    800     2600    1700    1000    600     800     2400    300     1100    500     800     1700    1000    500     600     400     
	580    2013 2000    1200    2000    800     2000    2000    1300    500     800     1200    900     700     1100    2000    800     1100    500     800     500     
	580    2014 1900    1500    1900    500     1500    1500    1900    500     500     1500    900     500     1500    500     500     1900    500     800     400     
	580    2015 2000    2000    1400    1600    2000    1400    1100    400     1600    2000    1300    800     1100    600     900     700     700     400     700     
	580    2016 1400    1100    1400    600     1100    1400    1300    600     400     1100    700     600     900     1400    800     1300    1100    900     1000    
	580    2017 1500    1000    1500    800     1300    1500    900     800     400     1000    1300    900     1500    400     900     800     900     500     400     
	580    2018 4500    1500    4500    1400    2100    4500    1400    500     1400    400     900     2100    2200    2300    600     800     1400    1200    600     
	580    2019 1600    1600    1600    1600    1500    1600    1000    600     1600    1400    1500    1400    1100    500     1200    1000    500     700     500     
	580    2020 3500    1800    2200    700     3500    900     1800    700     400     1800    1700    2200    600     900     700     1800    900     600     400     
	580    2021 -999999 -999999 1600    -999999 1600    1200    1200    -999999 1000    900     1600    500     1200    800     700     1200    600     700     1000    
	580    2022 3300    3300    3200    700     3200    1900    800     700     400     2900    2200    1000    900     1900    1300    400     700     800     900     
	580    2023 3800    1100    3800    1100    1900    1900    1000    600     1100    500     700     1900    1900    400     1200    900     700     300     300     
	580    2024 1000    -999999 1000    -999999 600     800     1000    700     -999999 400     600     600     800     600     700     1000    700     700     700     
	580    2025 2900    1200    2900    1100    2900    2300    1200    1100    900     1200    1100    2300    1700    700     2300    1000    900     800     1200    
	580    2026 -999999 -999999 -999999 1000    -999999 -999999 -999999 1000    300     -999999 -999999 -999999 -999999 -999999 -999999 -999999 -999999 -999999 -999999 
	