EUROPEAN CLIMATE ASSESSMENT & DATASET (ECA&D), file created on: 17-05-2026
THESE DATA CAN BE USED FOR NON-COMMERCIAL RESEARCH AND EDUCATION PROVIDED THAT THE FOLLOWING SOURCE IS ACKNOWLEDGED: 

Klein Tank, A.M.G. and Coauthors, 2002. Daily dataset of 20th-century surface
air temperature and precipitation series for the European Climate Assessment.
Int. J. of Climatol., 22, 1441-1453.
Data and metadata available at http://www.ecad.eu

FILE FORMAT (MISSING VALUE CODE = -999999):

THIS FILE HOLDS DATA FOR STATION NETHERLANDS                              VILSTEREN                                (STAID:   2539)
LATITUDE: dd:mm:ss +52:31:59
LONGITUDE: ddd:mm:ss +006:21:00
ELEVATION: m    4

DATA IS FOR INDEX Maximum no of consecutive dry days (RR < 1 mm) (CDD) with unit 0.01 No of days

01-06 SOUID: Source identifier
08-11 YEAR : YYYY
13-20 ANNUAL DATA VALUES
21-28 WINTER HALF YEAR DATA VALUES
29-36 SUMMER HALF YEAR DATA VALUES
37-44 WINTER (DJF) DATA VALUES
45-52 SPRING (MAM) DATA VALUES
53-60 SUMMER (JJA) DATA VALUES
61-68 AUTUMN (SON) DATA VALUES
69-76 JANUARY DATA VALUES
etc. 
157-164 DECEMBER DATA VALUES

2539   1950 -999999 -999999 -999999 -999999 -999999 -999999 -999999 -999999 -999999 -999999 -999999 -999999 -999999 -999999 -999999 -999999 -999999 -999999 -999999 
	2539   1951 2200    -999999 1400    -999999 1000    1200    2200    1200    300     900     1000    800     1000    1200    700     700     1900    500     600     
	2539   1952 2000    900     2000    800     2000    1100    1000    800     800     900     1100    2000    800     1000    1100    1000    800     500     800     
	2539   1953 2500    1600    1400    1100    1600    1100    1800    800     700     1600    1200    1300    1100    800     1000    700     1800    1700    800     
	2539   1954 2900    1800    2900    1800    2900    800     700     1100    700     1600    1100    1800    500     400     800     400     400     700     500     
	2539   1955 1500    1500    1400    1100    1200    1400    800     900     1100    800     1200    800     900     1300    600     800     800     600     500     
	2539   1956 1500    1200    1500    1200    1500    800     1300    500     800     1200    1500    800     800     400     700     1300    900     1000    600     
	2539   1957 1500    1200    1500    1200    1500    1100    600     1200    400     500     1200    800     1100    300     800     500     500     600     600     
	2539   1958 2400    1300    1100    600     1300    1100    1700    500     300     1300    700     600     1000    1100    600     500     800     1700    700     
	2539   1959 2700    2700    2400    2700    2400    2400    2700    700     2000    700     1000    2400    1100    2400    700     2000    1800    700     800     
	2539   1960 1800    1400    1800    900     1800    900     900     600     900     1400    600     1200    900     300     400     900     500     400     500     
	2539   1961 1700    1000    1000    1000    900     700     1700    700     1000    900     500     900     700     500     700     600     1300    1700    600     
	2539   1962 2200    1600    1000    1100    1400    800     2100    500     1100    1400    1000    500     800     500     300     400     2100    1500    700     
	2539   1963 2300    2300    1300    1500    900     700     1100    1000    1500    800     500     900     400     700     300     1100    900     500     1600    
	2539   1964 2400    2400    1000    1400    1800    1000    1000    1400    600     1800    700     700     500     1000    500     700     700     900     700     
	2539   1965 1400    900     1200    900     900     1200    1400    500     900     700     500     600     700     300     1200    900     1400    1300    300     
	2539   1966 1600    1100    1600    1100    700     1000    1600    1100    800     600     300     700     1000    200     800     1500    800     800     300     
	2539   1967 1800    1600    1800    1600    800     1800    1400    800     1600    700     800     500     1800    700     1100    800     500     1400    400     
	2539   1968 2000    1300    1700    1300    1700    700     1000    400     1300    700     1700    500     600     500     700     1000    1000    800     1900    
	2539   1969 2000    1600    2000    1000    1200    2000    2000    1000    700     1200    900     600     1000    2000    600     1500    2000    500     900     
	2539   1970 2200    1200    2200    800     1300    2200    1200    800     400     800     500     1300    2200    400     900     1200    1100    800     600     
	2539   1971 2100    700     2100    700     1100    1800    2100    700     600     500     1100    900     600     1600    400     2100    1200    600     800     
	2539   1972 2200    1500    1700    1400    1500    1200    2200    1000    800     1500    900     700     300     900     1200    800     1800    600     2100    
	2539   1973 4000    2300    2500    2300    900     2500    1400    1900    600     900     800     500     2500    1000    2100    1400    900     700     500     
	2539   1974 3300    1100    2200    1100    3300    1000    800     400     1100    1100    2200    700     700     400     1000    800     500     400     500     
	2539   1975 2100    1100    2100    1100    1200    2100    1500    700     1100    300     900     1200    1000    700     1400    600     1500    800     700     
	2539   1976 2200    1300    2200    1300    2200    2200    1000    500     1000    1100    2200    800     1700    1200    1000    1000    800     700     300     
	2539   1977 2000    800     2000    600     1800    1500    1800    500     300     800     600     1800    1000    1500    500     1700    1800    500     500     
	2539   1978 1500    1100    1200    1100    1100    1000    1500    1100    900     200     1100    700     1000    800     800     500     1500    900     700     
	2539   1979 1100    800     1000    800     1000    900     1100    800     800     400     1000    800     900     600     700     1000    1100    700     600     
	2539   1980 2100    1500    2100    1400    2100    800     700     1400    1400    700     800     2100    500     800     700     700     600     500     500     
	2539   1981 2200    1200    2200    1200    1100    1700    1100    700     1200    500     1100    800     600     700     1700    1100    200     400     700     
	2539   1982 1900    1400    1900    1400    1600    1100    1900    1400    1400    1000    1600    1000    600     1100    500     1900    800     400     500     
	2539   1983 1800    1700    1600    1700    1300    1600    1800    400     1700    1300    400     200     800     1600    1000    800     600     1400    700     
	2539   1984 2800    1700    2800    1200    1400    2600    1900    300     1200    1300    1400    1000    700     800     2600    200     700     1600    500     
	2539   1985 2300    2300    1400    2300    1000    600     2200    800     2200    500     1000    900     500     600     400     800     2200    900     500     
	2539   1986 2400    2400    1700    2400    1000    1700    2100    400     2100    1000    700     1000    1300    1200    1400    1500    700     600     300     
	2539   1987 1900    1600    1900    1600    1200    1900    1000    1600    700     1200    1000    700     500     1400    400     600     800     900     900     
	2539   1988 1500    1100    1500    1100    1500    1200    1000    1100    500     100     1400    1500    1100    300     900     500     1000    800     500     
	2539   1989 2100    2000    2100    2000    1900    1300    1100    1700    600     700     400     1900    1200    1300    900     900     400     1100    800     
	2539   1990 2000    1200    1700    1200    1600    1700    2000    1000    600     900     600     1600    800     1700    900     600     2000    600     800     
	2539   1991 2600    2100    2500    2100    1200    1600    1300    1100    1000    1200    700     900     200     1600    1200    1300    1200    1000    1600    
	2539   1992 3000    700     3000    700     1900    3000    1400    700     700     500     1100    1900    1900    1100    800     1000    400     300     1100    
	2539   1993 1800    1800    1100    1800    1000    1100    1700    400     1500    1000    800     800     1100    600     900     500     1100    1600    200     
	2539   1994 1600    1200    1100    1200    900     1100    1600    600     1200    400     900     700     500     1100    800     500     1600    900     400     
	2539   1995 2700    1600    2700    500     1200    2700    2000    500     500     500     800     600     1300    1000    2300    1300    2000    800     1700    
	2539   1996 3300    3300    1300    3300    1500    1300    1000    2400    900     1500    1200    600     800     1300    700     1000    800     500     1100    
	2539   1997 2000    1800    2000    1800    1900    2000    1600    1800    300     900     1900    1000    600     800     2000    1600    1000    1200    700     
	2539   1998 1600    1000    1600    1000    1600    1600    1000    1000    800     1000    400     1600    200     600     1600    800     200     1000    300     
	2539   1999 1800    700     1800    300     1200    1200    1300    300     300     700     800     700     600     900     500     1300    1000    500     200     
	2539   2000 1500    1100    1500    1100    900     1500    500     1100    300     600     900     800     600     800     1500    500     400     400     600     
	2539   2001 1500    1500    1000    1500    1000    900     700     1500    300     600     400     1000    800     700     900     200     700     400     1300    
	2539   2002 2300    1100    1300    1100    2300    700     1100    1000    500     1000    1300    800     400     500     700     1100    500     600     1300    
	2539   2003 2200    2000    2200    2000    2000    2200    1300    500     2000    2000    1400    700     1000    1200    2100    1100    1000    1300    1000    
	2539   2004 1500    1500    1500    1000    1400    1500    1300    400     1000    1100    1200    1400    700     600     900     900     1300    300     1400    
	2539   2005 1700    1300    1400    600     700     1100    1700    600     600     600     600     700     1100    900     600     1200    1700    600     700     
	2539   2006 2500    1400    2500    1400    1300    2400    1300    1000    900     1300    700     1300    2400    1100    500     1300    700     600     900     
	2539   2007 4700    1200    3500    800     4700    800     1300    400     700     1200    3000    500     800     400     800     600     1300    800     1500    
	2539   2008 1400    1400    1200    1400    1200    800     1000    300     1400    200     900     1200    700     300     800     1000    600     400     1200    
	2539   2009 1700    1000    1700    1000    1700    1100    1300    800     200     900     1700    800     900     300     700     1300    500     200     600     
	2539   2010 2100    600     2100    600     2100    1000    1400    600     600     500     2100    1700    1000    700     400     400     1200    1400    700     
	2539   2011 2000    1600    1600    700     1600    600     2000    700     700     1600    1600    800     300     600     300     1200    600     2000    500     
	2539   2012 1900    1600    1000    1600    1900    900     1400    500     1100    1400    500     700     600     700     800     1000    1400    700     200     
	2539   2013 2100    1200    2100    500     1200    2100    1300    500     400     1200    800     600     1100    2100    800     1100    500     400     400     
	2539   2014 1700    1700    1600    1000    1700    1000    1500    500     500     1700    500     700     900     1000    700     1500    400     600     600     
	2539   2015 1400    1000    1200    900     1200    800     1400    400     900     1000    1200    900     700     400     800     600     1000    400     400     
	2539   2016 1900    1100    1900    500     1900    800     1500    500     400     1100    600     1900    700     400     800     1300    1500    1000    1000    
	2539   2017 2200    1300    1200    1300    2200    1200    1000    1300    400     1100    1100    800     1200    400     900     1000    800     400     500     
	2539   2018 2800    1700    2800    1400    900     2800    2000    400     1400    500     900     800     800     2000    600     600     2000    700     500     
	2539   2019 2100    1000    2100    1000    2100    1600    700     500     1000    700     2100    900     1100    1000    700     600     500     700     700     
	2539   2020 2800    1600    2700    700     2800    900     1300    700     400     1600    2700    2100    900     500     400     1300    800     800     400     
	2539   2021 -999999 -999999 1600    -999999 1500    1300    1600    -999999 1000    700     1500    400     1300    800     400     1600    600     700     800     
	2539   2022 3100    1900    3100    700     3100    1600    900     700     400     1500    2100    1000    1000    1300    1600    500     700     800     900     
	2539   2023 3900    1100    3900    1100    2000    1900    900     600     1100    500     800     2000    1900    300     1200    900     700     300     500     
	2539   2024 1200    -999999 1200    -999999 1100    1000    1200    600     -999999 900     500     1100    800     400     700     1200    600     900     1000    
	2539   2025 2800    2200    2800    1100    2800    2500    700     1100    1000    2100    1100    2200    800     800     2500    500     700     600     1300    
	2539   2026 -999999 -999999 -999999 1300    -999999 -999999 -999999 1300    500     -999999 -999999 -999999 -999999 -999999 -999999 -999999 -999999 -999999 -999999 
	