EUROPEAN CLIMATE ASSESSMENT & DATASET (ECA&D), file created on: 17-05-2026
THESE DATA CAN BE USED FOR NON-COMMERCIAL RESEARCH AND EDUCATION PROVIDED THAT THE FOLLOWING SOURCE IS ACKNOWLEDGED: 

Klein Tank, A.M.G. and Coauthors, 2002. Daily dataset of 20th-century surface
air temperature and precipitation series for the European Climate Assessment.
Int. J. of Climatol., 22, 1441-1453.
Data and metadata available at http://www.ecad.eu

FILE FORMAT (MISSING VALUE CODE = -999999):

THIS FILE HOLDS DATA FOR STATION NETHERLANDS                              PHILIPPINE                               (STAID:    571)
LATITUDE: dd:mm:ss +51:16:59
LONGITUDE: ddd:mm:ss +003:45:00
ELEVATION: m    2

DATA IS FOR INDEX Maximum no of consecutive dry days (RR < 1 mm) (CDD) with unit 0.01 No of days

01-06 SOUID: Source identifier
08-11 YEAR : YYYY
13-20 ANNUAL DATA VALUES
21-28 WINTER HALF YEAR DATA VALUES
29-36 SUMMER HALF YEAR DATA VALUES
37-44 WINTER (DJF) DATA VALUES
45-52 SPRING (MAM) DATA VALUES
53-60 SUMMER (JJA) DATA VALUES
61-68 AUTUMN (SON) DATA VALUES
69-76 JANUARY DATA VALUES
etc. 
157-164 DECEMBER DATA VALUES

571    1904 -999999 -999999 -999999 -999999 -999999 -999999 -999999 -999999 -999999 -999999 -999999 -999999 -999999 -999999 -999999 -999999 -999999 -999999 -999999 
	571    1905 1000    -999999 1000    -999999 1000    600     700     1000    700     600     800     1000    600     600     500     700     300     500     800     
	571    1906 2800    1000    1800    500     2800    1100    1000    400     500     1000    1800    500     1000    1100    700     900     900     500     600     
	571    1907 2500    1100    2500    1000    1400    600     2500    1000    900     1100    400     1000    400     600     500     2500    400     1200    900     
	571    1908 2400    1500    1800    1500    1100    1800    2400    900     700     1000    1100    500     800     1200    700     800     1300    1100    1600    
	571    1909 2300    1500    1600    1200    1300    1600    1100    900     1200    800     1000    1300    1600    600     1300    700     400     1000    800     
	571    1910 1600    1200    1500    1200    1600    900     1500    1000    500     1200    400     900     800     900     600     1500    1500    400     500     
	571    1911 3300    2500    3300    2500    1500    3300    1300    1800    700     1100    1500    1500    1400    2800    1000    1300    700     400     300     
	571    1912 2300    700     2300    700     2300    600     1800    700     500     400     1100    1200    600     600     300     1800    1100    400     700     
	571    1913 2600    1900    2600    1900    900     1700    1300    1100    1900    300     600     900     600     700     1700    900     900     1300    1300    
	571    1914 1600    1500    1600    1500    1300    1400    1100    1500    1100    400     1300    900     600     600     1400    1100    900     700     500     
	571    1915 1800    1000    1800    900     1000    1800    1800    900     300     1000    700     800     1800    800     700     1800    1300    600     300     
	571    1916 2700    1100    2700    700     1100    2700    1200    500     400     1100    700     600     800     1300    1400    900     700     1000    500     
	571    1917 1800    1700    1800    1700    1800    1000    1200    1100    1700    700     1000    800     800     600     1000    1000    200     1000    900     
	571    1918 1400    1200    1400    1200    900     1100    800     600     600     800     700     900     900     800     1100    400     800     600     700     
	571    1919 2300    1000    2300    1000    1900    1700    1300    700     1000    800     1000    1900    1500    600     1700    1300    900     500     600     
	571    1920 2900    1100    1100    1000    1100    1100    2900    700     1000    1100    300     500     800     400     1100    800     1500    1400    1600    
	571    1921 3500    1400    1600    1100    1600    1100    3500    400     1100    900     1300    1600    900     1100    500     1600    1900    2200    1000    
	571    1922 2000    1200    1300    1000    1300    1200    2000    400     1000    900     500     1300    800     700     1200    700     2000    600     500     
	571    1923 1900    1500    1900    1000    1500    1900    1500    1000    400     1500    1300    800     600     1500    1400    1500    300     600     400     
	571    1924 1700    1600    1100    700     1600    1100    1700    700     700     1600    800     300     900     1100    500     400     1000    1700    1000    
	571    1925 2400    800     2400    800     700     2100    1400    800     600     600     600     700     2100    800     800     300     1200    1000    900     
	571    1926 1700    1600    1700    800     1600    1500    1700    600     800     1600    800     800     1100    700     700     1700    700     300     1000    
	571    1927 1900    1100    1900    1100    1900    500     1000    400     1100    500     900     1500    500     400     500     500     1000    500     900     
	571    1928 3300    3300    1500    1200    2100    1100    1300    300     1200    2100    900     800     700     1100    700     1300    600     700     400     
	571    1929 2600    2600    2500    1300    2200    2000    700     1300    700     2200    1200    2200    600     2000    800     700     700     700     400     
	571    1930 2200    2200    1500    1100    1400    1500    1000    700     1100    1100    800     800     1500    500     800     600     1000    400     800     
	571    1931 1500    1100    1500    500     1100    1500    1200    500     500     1100    900     1100    1000    500     600     700     1200    800     900     
	571    1932 2700    2200    1600    2200    1600    1600    1000    2000    1500    1600    400     700     1600    600     700     500     400     1000    2700    
	571    1933 3600    2500    2500    2500    3600    1200    1200    700     800     1100    2500    1000    1100    800     1100    1200    800     600     2700    
	571    1934 2200    2200    1500    2200    1600    1500    1700    700     2200    1000    700     700     1300    1300    700     800     600     1700    500     
	571    1935 2200    2100    2200    700     2100    2200    900     700     600     2100    500     1400    400     1400    1200    900     500     500     600     
	571    1936 2600    1600    2600    900     2400    2100    1100    600     900     1600    700     2100    700     200     2100    600     500     1100    800     
	571    1937 2000    600     2000    500     1000    1500    1000    500     100     600     600     1000    1000    900     1300    700     1000    600     400     
	571    1938 2300    2300    1800    1000    2300    1800    1200    400     1000    2300    1500    1500    1800    900     800     600     700     1200    900     
	571    1939 2500    1300    2500    1300    1400    1100    800     500     800     400     500     1400    1100    700     900     800     300     300     1500    
	571    1940 2400    1300    2400    700     2400    1200    1200    700     400     1200    500     2400    1200    600     700     800     1200    700     600     
	571    1941 3000    1400    3000    1400    2400    3000    1500    1400    800     1400    1000    1400    1900    1100    200     1500    800     500     700     
	571    1942 3000    1200    3000    1100    3000    1100    1000    1000    1100    1200    2000    1000    1100    500     700     1000    400     800     600     
	571    1943 3700    3700    1700    1100    2600    1700    1600    500     1100    2600    1000    1200    900     900     900     900     1600    600     1000    
	571    1944 2600    2000    2600    1700    2600    2000    800     500     1700    1000    900     1700    700     900     1900    600     800     200     800     
	571    1945 1800    1800    1600    1400    1800    1300    1400    600     1400    1800    1600    900     800     1300    700     800     1400    1400    400     
	571    1946 1400    1400    1300    900     1400    1000    1300    900     500     1400    1100    1200    500     900     800     600     1300    700     1300    
	571    1947 3000    1800    3000    1800    1100    2500    1000    1600    600     300     1100    1000    700     1100    2500    600     800     400     600     
	571    1948 3000    3000    1500    1500    1500    1300    1000    300     1500    1500    700     1500    800     1300    900     600     600     1000    800     
	571    1949 2300    2300    2200    2300    1100    2200    1400    1600    700     1000    800     500     1600    1200    1000    600     900     500     700     
	571    1950 1700    1300    1700    1300    1200    1400    1000    1300    400     900     1200    1100    1400    400     500     400     1000    300     1300    
	571    1951 8200    6900    1600    5900    1200    1100    2500    3100    2800    1000    1200    500     1100    700     600     800     2000    300     1500    
	571    1952 1500    1500    1500    1200    1500    1100    900     500     1200    700     1500    1000    800     1000    1100    900     800     500     600     
	571    1953 4100    4100    1200    1600    2500    1200    2300    1500    1600    2500    800     1100    1000    900     900     900     2300    1100    800     
	571    1954 1800    1600    1800    1600    1800    700     900     1000    600     1000    1500    1800    600     700     400     400     900     800     700     
	571    1955 2000    2000    1900    1600    1900    1600    900     1000    1600    1600    1900    300     900     1600    1100    900     800     500     400     
	571    1956 2000    1600    2000    1300    2000    700     1600    500     1300    1600    1200    1600    300     700     400     1600    900     800     3100    
	571    1957 9600    6700    1400    6200    1400    1400    1000    3100    2800    700     1000    800     700     900     400     300     600     1000    600     
	571    1958 2500    1400    1500    600     1400    1500    2100    500     200     1400    1000    400     1500    500     500     800     800     2100    500     
	571    1959 2800    2800    2800    2800    2800    1700    2000    800     2000    300     800     2800    1200    1700    700     2000    900     800     900     
	571    1960 1500    1200    1500    1200    1500    1300    800     200     1100    1100    1000    1100    1300    400     500     800     200     400     500     
	571    1961 1700    1700    1400    1200    1700    900     1200    500     1200    1700    700     1400    700     800     900     1200    900     900     1500    
	571    1962 2100    1400    1600    1300    1600    1400    2100    600     1300    500     1200    500     1400    400     500     1100    2100    700     700     
	571    1963 2600    2000    1400    1200    800     800     1300    1100    1200    800     600     800     600     800     500     1300    900     900     1700    
	571    1964 1600    1600    1600    1400    1200    1600    1000    1400    700     1200    800     600     600     1000    1200    800     700     900     500     
	571    1965 1500    1500    1400    1000    1400    1200    1400    300     1000    1300    600     1400    800     300     1200    700     1400    700     400     
	571    1966 1500    1200    1500    1200    900     1300    1500    1200    500     500     600     900     900     200     1300    1500    800     400     200     
	571    1967 1700    1200    1700    1200    900     1700    1100    1200    800     700     800     400     1700    700     1200    700     1000    1100    400     
	571    1968 1900    1300    1600    800     1600    900     1900    500     800     600     1600    1100    600     800     900     600     1500    1900    1000    
	571    1969 2200    1100    2200    900     1100    1200    2100    900     700     1100    1000    700     1100    1200    900     2100    1900    300     600     
	571    1970 1600    1300    1600    600     1000    1300    1400    400     400     500     400     1000    1300    500     900     1400    1200    800     1200    
	571    1971 2200    1000    2200    1000    1700    2200    1500    1000    800     500     1700    700     1100    2100    1100    1300    1100    400     900     
	571    1972 3000    1500    1600    1000    1500    1000    3000    600     800     1500    800     500     700     1000    900     1200    1800    900     2100    
	571    1973 3400    2500    2600    1700    2500    2500    1200    1300    700     2500    400     400     1700    500     2500    1200    1000    1000    400     
	571    1974 2100    1100    1800    800     2100    1800    400     400     600     1100    1100    1200    800     700     1800    400     200     400     700     
	571    1975 1900    1100    1600    1000    1500    1000    1900    800     1000    300     900     1500    1000    600     800     500     1900    800     1100    
	571    1976 2600    1300    2600    1300    1700    2600    700     700     1000    700     1200    800     1700    1600    2600    500     700     400     1000    
	571    1977 1500    700     1500    700     1000    900     1500    700     300     500     500     1000    700     700     600     1500    1400    500     900     
	571    1978 2000    1400    1800    1400    1600    1500    2000    1100    1400    900     900     1600    700     900     1500    1300    1500    1100    700     
	571    1979 1400    700     1400    700     1000    1200    1400    700     700     500     1000    400     700     900     500     1400    1100    700     400     
	571    1980 2500    1200    2500    1200    2500    800     1200    1200    800     1200    1100    2500    700     800     800     1200    500     900     700     
	571    1981 1800    1600    1800    1600    700     1400    900     500     1600    400     700     400     800     1400    1100    700     200     900     500     
	571    1982 1700    1400    1700    1400    1600    1100    1400    1200    1400    900     1600    800     900     1100    400     1300    800     700     1000    
	571    1983 2800    1600    2000    1600    1300    2000    2800    400     1600    1300    500     500     2000    1700    1400    900     1400    1400    800     
	571    1984 2300    1200    2300    1100    2300    2000    900     500     1100    1200    1900    400     700     1000    2000    400     700     900     600     
	571    1985 2100    2000    2100    2000    1200    2100    1900    700     2000    800     1200    1100    400     1700    600     900     1900    600     400     
	571    1986 2500    2500    1500    2500    1400    1400    2400    400     2500    1400    600     500     1100    1400    600     1500    900     600     700     
	571    1987 1800    1500    1800    1500    1200    1800    900     1500    300     1200    1000    700     500     1300    800     900     500     900     1000    
	571    1988 3000    1100    3000    1100    1500    2900    1400    200     1100    200     1400    1000    2900    300     900     900     700     700     400     
	571    1989 2000    1300    2000    1300    2000    1800    1200    1000    800     800     500     2000    1800    1300    1300    700     400     1200    1000    
	571    1990 3800    900     3800    700     1600    3800    900     500     600     900     900     1600    600     2200    1600    500     900     500     700     
	571    1991 2400    1900    2300    1900    1600    1100    1400    1000    900     1300    800     1600    200     1100    1000    1400    800     900     1500    
	571    1992 1700    1300    1700    1300    1100    1700    700     1200    1300    500     900     1100    1200    1100    600     700     500     400     1100    
	571    1993 1800    1800    1600    1800    1600    1600    1800    500     1500    1600    800     600     1200    400     800     400     1000    1500    300     
	571    1994 1600    1000    1400    1000    900     1400    1600    500     1000    400     800     500     1400    1000    600     600     1600    800     400     
	571    1995 3800    1300    3800    400     1000    3800    1200    400     300     500     800     900     1300    1500    2300    500     1200    700     1700    
	571    1996 2300    2300    1300    2300    1900    1200    900     2100    500     1600    1300    1000    1000    1200    700     900     600     400     1400    
	571    1997 2300    1900    1900    1900    1900    1900    2300    1700    300     1200    1900    1000    400     1000    1900    1800    1700    500     700     
	571    1998 1700    1400    1700    1300    1700    1600    900     1000    1300    1400    300     1700    300     1000    1600    900     300     600     400     
	571    1999 1100    900     1100    700     1000    1100    1000    300     400     900     400     1000    900     900     600     700     1000    500     200     
	571    2000 1600    900     1600    700     900     1600    800     700     400     900     600     700     1600    700     900     800     400     300     900     
	571    2001 1400    800     1400    800     1400    1000    700     800     800     500     300     1400    800     900     800     200     600     700     1200    
	571    2002 2400    1100    1300    1000    2400    700     900     900     400     1100    1300    600     500     700     700     900     400     600     800     
	571    2003 2900    2200    2900    2200    2200    2900    1200    1100    2200    2000    2200    600     1300    1200    2700    1000    1200    800     1000    
	571    2004 1800    1000    1300    1000    1200    1000    1200    300     500     900     1000    1200    700     600     400     1200    700     600     1600    
	571    2005 1500    1000    1500    700     1100    1200    1500    600     600     1000    600     1100    1200    900     600     900     1500    600     700     
	571    2006 1700    1700    1500    1700    1300    1400    1500    1100    600     1300    700     800     1100    900     500     1500    700     600     1000    
	571    2007 3700    900     3500    900     3700    800     1000    500     600     800     3000    500     600     400     800     500     1000    400     1400    
	571    2008 1800    1800    1200    1800    1200    1100    1000    500     1800    400     900     1200    1100    500     700     1000    700     400     1100    
	571    2009 2000    1000    1600    900     1600    1500    2000    800     400     1000    900     1200    1000    800     1500    1600    600     400     900     
	571    2010 2100    1300    2100    1000    2100    1200    1100    1000    600     1300    2100    800     1100    1000    400     600     1100    800     1100    
	571    2011 2200    1800    1200    1500    1700    500     2200    600     900     1700    1000    1100    500     400     400     1200    600     2200    500     
	571    2012 1900    1400    1100    1100    1900    900     900     500     1100    1400    500     1100    300     600     900     900     400     400     300     
	571    2013 2000    900     2000    900     1600    2000    1300    600     900     800     900     600     1100    2000    700     1100    500     400     700     
	571    2014 1900    1700    1900    500     1700    1600    1900    500     400     1700    900     600     1600    500     500     1900    400     600     400     
	571    2015 2000    2000    1300    600     2000    1200    1000    400     600     2000    1300    400     800     400     900     600     700     300     500     
	571    2016 1700    1700    1500    600     1700    1500    1200    500     600     1700    700     1000    500     1500    800     1200    1000    700     900     
	571    2017 1900    1200    1900    1200    1300    1900    800     1200    1100    1000    1300    1200    1900    500     900     700     800     700     300     
	571    2018 5700    1000    5700    900     1300    5600    1400    400     900     500     1300    1100    3000    2600    700     700     1400    600     600     
	571    2019 1700    1700    1600    1700    1600    1600    1000    400     1700    1400    1600    1400    1100    1200    900     1000    500     700     500     
	571    2020 3300    1100    3300    700     3000    900     1900    700     400     1100    1700    3000    600     800     900     1900    800     700     600     
	571    2021 1700    1700    1600    1000    1600    1200    1200    500     1000    900     1600    700     1200    1200    500     1200    400     600     1100    
	571    2022 3900    3300    3900    1000    3900    2600    800     1000    400     2900    2400    1500    900     1800    1500    400     800     800     700     
	571    2023 3200    1700    3200    1700    1600    1600    1800    600     1700    300     600     1600    1600    600     1200    900     1000    300     300     
	571    2024 1400    1400    1100    1400    700     1100    1200    1400    200     400     500     700     700     500     1100    1000    700     1000    600     
	571    2025 3000    2800    3000    1200    3000    1800    1400    1200    900     2700    1100    2300    1000    1300    1800    1000    1400    800     1100    
	571    2026 -999999 1000    -999999 1000    -999999 -999999 -999999 1000    300     800     1700    -999999 -999999 -999999 -999999 -999999 -999999 -999999 -999999 
	