EUROPEAN CLIMATE ASSESSMENT & DATASET (ECA&D), file created on: 17-05-2026
THESE DATA CAN BE USED FOR NON-COMMERCIAL RESEARCH AND EDUCATION PROVIDED THAT THE FOLLOWING SOURCE IS ACKNOWLEDGED: 

Klein Tank, A.M.G. and Coauthors, 2002. Daily dataset of 20th-century surface
air temperature and precipitation series for the European Climate Assessment.
Int. J. of Climatol., 22, 1441-1453.
Data and metadata available at http://www.ecad.eu

FILE FORMAT (MISSING VALUE CODE = -999999):

THIS FILE HOLDS DATA FOR STATION NETHERLANDS                              MARKEN (OUD)                             (STAID:  20560)
LATITUDE: dd:mm:ss +52:27:33
LONGITUDE: ddd:mm:ss +005:06:00
ELEVATION: m    8

DATA IS FOR INDEX Maximum no of consecutive dry days (RR < 1 mm) (CDD) with unit 0.01 No of days

01-06 SOUID: Source identifier
08-11 YEAR : YYYY
13-20 ANNUAL DATA VALUES
21-28 WINTER HALF YEAR DATA VALUES
29-36 SUMMER HALF YEAR DATA VALUES
37-44 WINTER (DJF) DATA VALUES
45-52 SPRING (MAM) DATA VALUES
53-60 SUMMER (JJA) DATA VALUES
61-68 AUTUMN (SON) DATA VALUES
69-76 JANUARY DATA VALUES
etc. 
157-164 DECEMBER DATA VALUES

20560  1931 -999999 -999999 -999999 -999999 -999999 -999999 -999999 -999999 -999999 -999999 -999999 -999999 -999999 -999999 -999999 -999999 -999999 -999999 -999999 
	20560  1932 2400    -999999 2000    -999999 1900    1900    1000    1700    1200    1900    700     600     1900    600     1700    600     300     1000    1300    
	20560  1933 3200    2000    1500    2000    1100    1500    1100    2000    700     1100    900     900     1100    800     1500    1100    600     800     2600    
	20560  1934 2000    2000    1900    2000    1600    1400    1000    800     2000    1000    700     1500    1200    1100    800     700     400     1000    700     
	20560  1935 1800    1500    1800    500     1800    1500    800     500     400     1500    600     1200    400     1000    1100    800     400     300     600     
	20560  1936 1900    1900    1500    900     1900    1200    800     300     900     1900    800     1000    700     400     1200    400     600     800     900     
	20560  1937 2000    600     2000    600     1300    1800    1100    600     200     400     800     1300    800     800     1200    300     1100    1000    400     
	20560  1938 1700    1300    1700    1300    1500    1700    1200    300     1300    1300    1500    1400    1700    800     700     500     1200    800     1000    
	20560  1939 2400    1400    2400    1400    1400    1500    600     600     800     600     800     1400    1000    500     1500    600     300     200     1700    
	20560  1940 2100    1000    2100    700     2100    1100    1100    600     500     800     700     2100    1100    400     700     900     1100    500     600     
	20560  1941 2700    1100    2700    1100    2700    1100    1500    1000    400     800     1000    1700    1100    1100    200     1500    800     1300    800     
	20560  1942 3000    1900    3000    1600    3000    1200    900     1400    1600    1100    2100    900     1200    400     600     900     200     700     500     
	20560  1943 3100    3100    2100    1300    1800    2100    1400    800     1300    1800    1400    1300    1100    2100    600     1300    1400    500     1000    
	20560  1944 1900    1500    1900    1500    1400    1900    1100    500     1500    1100    1000    700     800     1200    1800    600     1100    200     1200    
	20560  1945 2000    2000    1100    800     2000    800     1400    800     500     2000    800     1100    800     800     400     1000    1100    1400    700     
	20560  1946 2200    1200    2200    1100    2200    2000    1400    1100    400     1200    1100    1500    600     1400    400     600     1400    700     1300    
	20560  1947 3300    3300    3200    3300    1100    2500    1100    1000    2700    700     1100    600     1000    1400    2500    700     900     500     600     
	20560  1948 3000    3000    1400    1500    1500    1400    1200    200     1500    1500    1300    1300    1100    1400    900     800     1200    900     1100    
	20560  1949 2300    1600    2300    1600    1400    2300    800     1000    600     1300    800     900     2000    1000    1200    700     800     500     600     
	20560  1950 1700    1400    1700    1400    900     1300    1000    1400    400     800     300     900     1300    400     500     300     1000    400     1300    
	20560  1951 2700    1600    1600    600     1500    1100    2700    500     600     1000    1500    600     1100    1000    400     1000    2000    400     600     
	20560  1952 1800    1000    1800    1000    1800    1100    1000    500     1000    1000    1100    1800    800     800     1100    1000    800     300     800     
	20560  1953 3800    3800    1500    1100    2700    1000    2800    800     1100    2700    1200    1300    500     600     1000    600     2200    1000    900     
	20560  1954 1800    1800    1700    1800    1700    700     600     1100    700     1600    1600    1400    500     400     700     300     300     600     700     
	20560  1955 2200    1500    2200    1100    1200    1800    800     900     1100    800     1200    800     800     1300    1800    800     700     800     500     
	20560  1956 1800    1400    1800    1400    1400    1000    1800    500     1400    1200    1300    1200    1000    400     300     1800    800     900     1000    
	20560  1957 1400    1300    1100    1300    1300    1000    1200    1300    400     600     900     800     700     300     700     400     1200    1100    600     
	20560  1958 1600    1300    1000    600     1300    1000    1600    500     200     1300    600     400     1000    900     400     900     700     1600    400     
	20560  1959 3000    2100    3000    2100    1500    1800    2600    600     2000    700     800     1500    1700    1800    1000    2000    1700    700     500     
	20560  1960 1400    1100    1400    600     1400    900     1000    200     600     1100    1000    1100    900     400     700     1000    300     400     400     
	20560  1961 1800    1800    1300    1100    1800    700     1300    600     1100    1800    500     1000    700     600     700     1300    700     900     700     
	20560  1962 2200    1400    2100    1300    1400    1700    2200    500     1300    1100    900     500     1700    800     400     400     2200    1100    700     
	20560  1963 2400    2400    1800    1600    900     900     1800    1100    1600    800     600     900     600     700     300     1800    900     500     1700    
	20560  1964 1800    1800    1200    1400    1200    1200    1000    1400    600     1200    800     800     800     900     600     700     600     900     500     
	20560  1965 1400    1400    900     900     1300    900     1400    700     600     1300    400     600     700     300     600     900     1400    600     300     
	20560  1966 1600    1200    1600    1200    1100    1000    1500    1200    500     600     300     1100    1000    300     800     1500    900     300     300     
	20560  1967 1100    1000    1100    1000    800     1100    800     1000    800     700     800     300     1100    700     1100    800     500     800     400     
	20560  1968 1900    1200    1900    800     1900    800     1400    500     800     700     1900    500     800     800     700     600     1000    1400    1400    
	20560  1969 3200    1400    3200    900     1400    3200    2500    900     400     1400    900     700     1100    2100    1100    2500    2000    300     600     
	20560  1970 3100    1200    3100    700     1600    2600    1300    700     300     800     300     1600    2600    400     1100    1300    1100    800     2100    
	20560  1971 2300    1000    2300    1000    2200    1200    2200    900     700     700     1500    800     900     1100    500     2200    1200    600     900     
	20560  1972 3000    1500    1900    1400    1500    1100    3000    1000    800     1500    700     500     400     1000    1100    1200    1800    300     1800    
	20560  1973 2400    2100    2400    900     2100    2400    1400    900     600     2100    600     600     2400    400     2100    1400    900     700     500     
	20560  1974 3900    1100    2800    900     3900    1500    500     500     900     1100    2800    700     1500    500     1400    500     500     400     500     
	20560  1975 2100    1100    2100    1100    1700    2100    2000    700     1100    600     900     1700    1000    700     1400    900     1800    600     1100    
	20560  1976 2500    1600    2500    1600    2500    2500    1100    500     1600    1100    2300    800     1400    1200    2500    800     1100    500     400     
	20560  1977 1900    800     1900    600     1500    1500    1900    400     600     800     500     1500    1000    1500    500     1900    1100    500     600     
	20560  1978 2100    700     2100    700     1500    1000    1000    700     700     500     1500    1500    600     900     800     600     1000    900     800     
	20560  1979 1200    800     900     800     600     900     1200    700     800     400     500     600     700     700     700     900     1200    400     400     
	20560  1980 2200    1600    2200    1400    2200    900     800     1400    1400    1100    1100    2200    500     900     500     500     500     500     500     
	20560  1981 2900    1100    2700    1100    2900    1800    1000    600     1100    400     2700    300     500     700     1800    1000    300     600     600     
	20560  1982 1900    1800    1900    1800    1100    1900    1400    1800    1400    1000    1100    1100    1000    1600    300     1300    800     600     800     
	20560  1983 2300    2100    2300    2100    1300    2300    1900    500     2100    1300    300     200     1100    2300    1700    900     600     1300    900     
	20560  1984 2700    1300    2700    1100    2100    2600    1200    400     1100    1300    1900    600     800     1500    2600    300     700     800     600     
	20560  1985 2300    2300    1300    2300    900     1300    1900    400     2200    500     900     500     300     1300    500     900     1900    600     500     
	20560  1986 3400    3400    1500    3100    1400    1500    2100    400     2800    1400    1300    800     1100    1500    600     1500    700     500     500     
	20560  1987 1400    1300    1400    1200    1300    1400    900     1200    1100    1300    1000    700     200     1400    400     500     500     900     900     
	20560  1988 2000    800     2000    600     1300    2000    800     500     600     300     1200    1300    2000    400     900     600     800     700     500     
	20560  1989 2000    900     2000    900     1600    2000    1500    600     600     700     500     1600    1700    2000    1400    1100    400     1200    1100    
	20560  1990 1900    700     1900    700     1900    1700    1100    500     700     600     600     1900    1100    1700    800     600     1100    500     600     
	20560  1991 4300    4300    2600    4300    1500    1200    1400    3100    1000    1200    900     1500    300     600     1200    1400    900     900     1600    
	20560  1992 1800    1300    1800    1300    1800    1500    800     1200    700     500     900     1800    1200    800     800     800     700     600     1100    
	20560  1993 1800    1800    1600    1800    1600    1500    1600    500     1500    1000    800     800     1200    300     600     400     1000    1500    300     
	20560  1994 1700    1200    1000    1200    1000    1000    1700    600     1200    800     600     700     800     1000    800     600     1700    800     400     
	20560  1995 2700    1700    2700    400     1500    2700    2200    300     300     500     900     600     1300    800     2300    300     2200    1100    1100    
	20560  1996 3300    3300    2200    3300    2200    1700    1000    2400    900     1600    2000    600     1700    1300    800     1000    800     400     1400    
	20560  1997 2000    1800    1900    1800    1900    1900    1600    1800    400     900     1900    1100    700     1000    1900    1600    1000    500     500     
	20560  1998 1700    1300    1700    1300    1700    1600    700     800     1300    1200    300     1700    200     600     1600    700     200     700     300     
	20560  1999 2000    600     2000    600     1300    1500    1400    300     300     500     900     800     900     900     600     1400    1000    500     300     
	20560  2000 1200    1200    900     1200    900     800     500     1200    300     800     900     700     700     800     600     500     400     300     600     
	20560  2001 1400    1100    1400    1100    1400    900     700     1100    700     500     500     1400    900     700     700     200     700     700     1300    
	20560  2002 2300    1100    1300    1100    2300    800     1000    1000    500     1000    1300    700     600     700     800     1000    500     300     1200    
	20560  2003 2300    2300    2300    2300    2000    2300    1300    600     2300    2000    1600    700     1200    1200    2100    900     1300    1100    1000    
	20560  2004 1800    1000    1800    1000    1800    1500    1100    300     500     1000    1800    1400    700     600     900     1100    800     500     1500    
	20560  2005 1300    800     1300    800     700     1100    1000    500     600     700     600     600     1100    900     700     1000    1000    600     700     
	20560  2006 2100    1500    2100    1500    1500    1400    2100    1100    900     1300    700     1500    1200    1100    500     2100    500     400     1200    
	20560  2007 4500    1000    3500    900     4500    1300    1200    400     600     1000    3000    500     700     200     1100    500     1200    800     1400    
	20560  2008 1600    1500    1600    1500    1600    900     1000    300     1500    300     900     1500    900     400     900     1000    600     600     1200    
	20560  2009 2400    1000    2400    1000    1300    900     2400    800     600     800     1300    400     500     500     900     2400    500     200     600     
	20560  2010 2100    1200    2100    1200    2100    900     800     900     1200    900     2100    1600    900     700     400     500     800     800     1400    
	20560  2011 2500    1300    1500    800     1500    900     2500    700     700     1200    1500    800     300     600     300     900     600     2500    500     
	20560  2012 1500    1300    1200    800     1500    1200    900     500     800     1300    200     600     600     700     700     800     900     600     200     
	20560  2013 2400    1300    2400    700     2100    2400    1300    600     700     1300    1200    700     1100    2400    700     1100    400     800     400     
	20560  2014 1900    1700    1900    500     1700    800     1900    400     500     1700    800     800     800     800     300     1900    700     1000    600     
	20560  2015 1600    1600    1300    1600    1500    1100    1400    400     1600    1500    1300    600     1100    400     800     600     1000    400     400     
	20560  2016 1500    1100    1500    400     1500    1100    1300    200     400     1100    400     1500    1100    1000    700     1300    1100    900     700     
	20560  2017 2100    1400    1200    1400    2100    1200    800     1400    1100    1000    1100    800     1200    500     900     800     700     300     300     
	20560  2018 3500    1700    3500    1400    900     3500    1800    400     1400    600     900     800     1200    2700    600     600     1800    1500    800     
	20560  2019 2000    1400    2000    1300    2000    1600    600     600     900     1400    2000    1600    1100    1000    1200    600     500     600     700     
	20560  2020 4500    1800    2700    400     4500    1000    1300    300     400     1800    2700    1100    600     500     1000    1300    800     700     400     
	20560  2021 -999999 -999999 2100    -999999 1500    1600    1000    -999999 1000    900     1500    500     1600    800     500     1000    400     600     300     
	20560  2022 3300    3300    3100    700     3100    1400    700     700     400     2900    2100    1000    900     1300    1400    500     700     500     1000    
	20560  2023 3900    1100    3900    1100    2000    1900    900     600     1100    500     700     2000    1900    300     1100    900     700     200     500     
	20560  2024 1300    -999999 1300    -999999 800     1300    1100    600     -999999 500     600     800     900     600     700     1100    500     900     800     
	20560  2025 4300    3200    2200    1200    4200    2200    1100    1100    1200    3100    1100    2100    1200    700     2200    900     1000    700     1100    
	20560  2026 -999999 -999999 -999999 1100    -999999 -999999 -999999 1100    300     -999999 -999999 -999999 -999999 -999999 -999999 -999999 -999999 -999999 -999999 
	