EUROPEAN CLIMATE ASSESSMENT & DATASET (ECA&D), file created on: 17-05-2026
THESE DATA CAN BE USED FOR NON-COMMERCIAL RESEARCH AND EDUCATION PROVIDED THAT THE FOLLOWING SOURCE IS ACKNOWLEDGED: 

Klein Tank, A.M.G. and Coauthors, 2002. Daily dataset of 20th-century surface
air temperature and precipitation series for the European Climate Assessment.
Int. J. of Climatol., 22, 1441-1453.
Data and metadata available at http://www.ecad.eu

FILE FORMAT (MISSING VALUE CODE = -999999):

THIS FILE HOLDS DATA FOR STATION NETHERLANDS                              TEXEL (WESTERMIENT)                      (STAID:  20616)
LATITUDE: dd:mm:ss +53:39:33
LONGITUDE: ddd:mm:ss +004:45:55
ELEVATION: m    1

DATA IS FOR INDEX Maximum no of consecutive dry days (RR < 1 mm) (CDD) with unit 0.01 No of days

01-06 SOUID: Source identifier
08-11 YEAR : YYYY
13-20 ANNUAL DATA VALUES
21-28 WINTER HALF YEAR DATA VALUES
29-36 SUMMER HALF YEAR DATA VALUES
37-44 WINTER (DJF) DATA VALUES
45-52 SPRING (MAM) DATA VALUES
53-60 SUMMER (JJA) DATA VALUES
61-68 AUTUMN (SON) DATA VALUES
69-76 JANUARY DATA VALUES
etc. 
157-164 DECEMBER DATA VALUES

20616  1906 -999999 -999999 -999999 -999999 -999999 1300    1000    -999999 -999999 -999999 -999999 900     1300    1200    500     900     300     600     600     
	20616  1907 2300    1200    2300    1000    1700    1200    2300    1000    700     1200    700     600     400     1200    600     2300    400     1100    800     
	20616  1908 2000    1300    2000    1300    800     2000    1500    900     1100    700     500     800     1400    1400    600     900     1000    1200    1200    
	20616  1909 1800    1300    1300    1300    1000    1300    700     1300    1100    300     1000    1000    700     500     1300    700     400     500     600     
	20616  1910 1700    1400    1000    600     1700    1000    700     500     400     1400    700     900     1000    800     500     700     700     400     400     
	20616  1911 2400    1200    2400    1200    1700    1400    600     1100    600     700     1100    1700    700     1400    900     500     600     400     300     
	20616  1912 -999999 1100    -999999 1100    2100    -999999 -999999 1100    700     500     2000    900     200     -999999 -999999 -999999 -999999 -999999 -999999 
	20616  1913 -999999 -999999 1700    -999999 -999999 1700    1100    -999999 -999999 -999999 800     700     700     800     1700    1000    600     700     800     
	20616  1914 -999999 1900    -999999 1900    1100    -999999 -999999 1900    600     500     1100    800     1200    1400    -999999 -999999 -999999 600     400     
	20616  1915 2600    -999999 1400    800     1400    1100    2600    500     800     700     1300    1000    1100    900     700     900     2600    600     300     
	20616  1916 -999999 1100    2900    1100    1400    2900    -999999 1000    200     800     1000    1000    400     1400    1500    1100    -999999 -999999 300     
	20616  1917 -999999 -999999 -999999 1500    -999999 -999999 1300    1400    1200    1700    -999999 -999999 -999999 -999999 -999999 1000    200     500     500     
	20616  1918 1800    1800    1700    1800    1600    1700    900     1200    700     1100    500     1600    700     600     1700    200     700     900     300     
	20616  1919 -999999 -999999 -999999 -999999 -999999 -999999 -999999 -999999 -999999 -999999 -999999 -999999 -999999 -999999 -999999 -999999 -999999 -999999 -999999 
	20616  1920 4300    -999999 1300    -999999 1100    1300    4300    -999999 1500    1100    300     800     1300    500     900     1300    3000    1400    1800    
	20616  1921 3400    2300    1800    2000    1800    1100    2200    400     2000    800     1200    1800    1000    1100    700     1700    1600    2200    1200    
	20616  1922 -999999 1600    3200    1500    1600    2000    -999999 1400    900     1600    1000    1300    2000    600     500     600     -999999 -999999 -999999 
	20616  1923 2000    -999999 2000    -999999 1500    2000    900     600     1200    1500    900     800     600     1400    1300    900     100     400     500     
	20616  1924 1500    1400    1400    700     1500    1400    1400    700     400     1400    900     400     1200    1100    600     300     800     1400    900     
	20616  1925 1700    700     1700    700     1400    1600    1100    700     400     400     1000    1400    1600    1000    800     800     700     700     600     
	20616  1926 3000    2200    1200    800     3000    1200    800     700     800     2200    800     400     1000    1200    600     700     700     700     800     
	20616  1927 1800    1400    1600    1400    1500    800     1100    300     1400    900     800     1100    300     800     700     900     1100    600     1200    
	20616  1928 1800    1800    1800    1200    1600    1800    1100    300     1200    700     1300    800     600     1800    400     1100    800     400     400     
	20616  1929 2200    2200    2000    2200    1900    1400    800     1600    2200    1600    1000    1900    600     1400    700     800     600     300     400     
	20616  1930 2100    2100    1400    1300    1400    1200    1100    800     1300    800     900     1100    1200    500     800     500     1100    500     800     
	20616  1931 1200    1200    1100    400     1200    1100    700     400     300     1200    400     500     600     500     900     700     600     600     500     
	20616  1932 2700    2300    2700    2300    1700    2700    900     1600    1800    1700    500     700     2700    400     1700    400     300     900     1300    
	20616  1933 2000    1300    2000    1300    1300    1100    1200    1000    1000    1200    900     900     800     1100    800     1200    700     600     1200    
	20616  1934 2100    2100    2000    2100    1600    1400    1200    700     2100    1000    800     1500    1100    1200    700     800     400     1200    700     
	20616  1935 2000    1100    2000    500     1800    2000    600     500     400     1100    600     1200    400     1600    900     600     400     400     600     
	20616  1936 2800    2800    1500    1100    2800    1200    1100    500     1100    2800    1000    900     800     400     1200    1100    500     1000    400     
	20616  1937 1500    600     1500    600     1300    1500    800     600     400     400     500     1300    900     600     1200    500     800     700     400     
	20616  1938 2300    2300    1500    1300    2300    1200    1400    500     1300    2300    1400    700     1200    700     1000    700     600     1400    900     
	20616  1939 2500    1300    2500    1300    1600    2500    700     500     800     400     600     1600    900     700     2500    600     500     700     1500    
	20616  1940 1500    1100    1500    1100    1500    1100    800     800     900     800     800     1200    1100    400     700     800     700     500     600     
	20616  1941 2400    1500    1700    1500    1400    1700    2400    1000    500     1400    1100    1200    1000    1200    300     1600    800     600     500     
	20616  1942 3000    1400    3000    1400    3000    1200    800     1400    1200    1300    2000    1000    1200    500     600     800     300     600     500     
	20616  1943 3100    3100    2000    1300    1800    2000    1400    400     1300    1800    1100    1100    700     1800    1200    700     1000    500     1100    
	20616  1944 2100    1300    2100    1300    1700    2100    500     600     1300    1100    1400    800     700     1500    2000    500     400     300     700     
	20616  1945 1300    900     1100    500     900     1100    1300    500     500     900     800     800     500     1100    700     1000    1100    1300    500     
	20616  1946 1700    1400    1700    1400    1700    1000    1400    1400    400     1200    1700    1500    500     1000    700     700     1400    700     1100    
	20616  1947 2600    1800    2600    1800    1300    2400    1700    1700    600     600     1100    1300    1000    1600    2400    600     1600    600     600     
	20616  1948 3000    3000    1500    1500    1500    1500    1400    200     1500    1500    600     1100    900     1400    500     700     700     1400    1100    
	20616  1949 2300    1200    2300    1000    1200    2300    1400    600     1000    1200    900     600     2000    1100    1300    1200    800     600     600     
	20616  1950 -999999 1400    -999999 1400    900     -999999 -999999 1400    400     800     800     900     1200    -999999 -999999 -999999 -999999 -999999 -999999 
	