EUROPEAN CLIMATE ASSESSMENT & DATASET (ECA&D), file created on: 17-05-2026
THESE DATA CAN BE USED FOR NON-COMMERCIAL RESEARCH AND EDUCATION PROVIDED THAT THE FOLLOWING SOURCE IS ACKNOWLEDGED: 

Klein Tank, A.M.G. and Coauthors, 2002. Daily dataset of 20th-century surface
air temperature and precipitation series for the European Climate Assessment.
Int. J. of Climatol., 22, 1441-1453.
Data and metadata available at http://www.ecad.eu

FILE FORMAT (MISSING VALUE CODE = -999999):

THIS FILE HOLDS DATA FOR STATION NETHERLANDS                              STEENBERGEN (NB)                         (STAID:   2522)
LATITUDE: dd:mm:ss +51:34:59
LONGITUDE: ddd:mm:ss +004:19:59
ELEVATION: m    1

DATA IS FOR INDEX Maximum no of consecutive dry days (RR < 1 mm) (CDD) with unit 0.01 No of days

01-06 SOUID: Source identifier
08-11 YEAR : YYYY
13-20 ANNUAL DATA VALUES
21-28 WINTER HALF YEAR DATA VALUES
29-36 SUMMER HALF YEAR DATA VALUES
37-44 WINTER (DJF) DATA VALUES
45-52 SPRING (MAM) DATA VALUES
53-60 SUMMER (JJA) DATA VALUES
61-68 AUTUMN (SON) DATA VALUES
69-76 JANUARY DATA VALUES
etc. 
157-164 DECEMBER DATA VALUES

2522   1950 -999999 -999999 -999999 -999999 -999999 -999999 -999999 -999999 -999999 -999999 -999999 -999999 -999999 -999999 -999999 -999999 -999999 -999999 -999999 
	2522   1951 4500    -999999 1500    -999999 2900    1000    4000    3000    500     2900    1000    600     1000    600     600     700     1900    2900    800     
	2522   1952 2700    900     2700    900     2700    1000    700     400     900     700     1300    2700    800     800     900     700     600     700     700     
	2522   1953 2300    1700    1400    800     1700    1400    2300    800     700     1700    1100    1000    700     700     1400    700     2300    1100    900     
	2522   1954 2600    1700    2600    1700    2600    800     700     1000    700     1100    2600    1700    700     700     500     300     700     500     600     
	2522   1955 2100    1500    2100    1200    1900    1700    1100    800     1200    900     1900    400     800     1300    1700    800     800     1100    500     
	2522   1956 1900    1600    1400    1300    1900    800     1400    500     1300    1600    700     800     800     700     400     1400    900     800     1100    
	2522   1957 1500    1100    1400    1100    1500    1400    1000    1100    400     600     1100    800     1400    500     500     300     700     1000    600     
	2522   1958 2000    1300    1100    600     1300    1000    2000    500     400     1300    500     400     1000    800     600     1000    800     2000    700     
	2522   1959 2200    2100    2200    2100    1800    1800    2000    500     2000    300     800     1800    1600    1800    1700    2000    900     800     700     
	2522   1960 1400    1100    1400    900     1400    1200    900     200     900     1100    600     1100    1200    400     800     900     300     300     400     
	2522   1961 1700    1700    1300    1200    1700    900     1300    500     1200    1700    500     800     700     900     700     1300    800     900     700     
	2522   1962 2100    1900    1900    1200    1900    1400    2100    600     1200    1000    1400    500     1400    500     500     900     2100    600     700     
	2522   1963 2600    2100    1300    1400    900     800     1300    1100    1300    800     800     800     700     800     400     1300    900     900     1700    
	2522   1964 1700    1700    1500    1300    1200    1400    1000    1300    500     1200    800     600     800     900     1200    800     700     900     600     
	2522   1965 2600    2600    1400    1300    1400    1000    1500    400     1300    1300    600     1400    800     300     600     600     1500    700     400     
	2522   1966 1500    1200    1500    1200    1300    900     1400    1200    600     400     600     1300    900     400     800     1400    800     400     200     
	2522   1967 1400    1200    1400    1000    1100    1300    1200    1000    900     1100    800     400     1300    700     1200    900     700     1200    400     
	2522   1968 1900    1200    1600    800     1600    800     1900    500     800     700     1600    600     600     800     800     700     1500    1900    1500    
	2522   1969 2200    1100    2200    900     1100    2200    2100    900     700     1100    1000    800     1100    2100    600     1600    1900    300     600     
	2522   1970 2500    1300    2500    600     900     1600    1300    600     600     500     200     900     1600    500     800     1300    1200    600     1300    
	2522   1971 2200    1000    2200    1000    2000    2200    1500    1000    800     600     1500    800     1100    2100    400     1300    1100    400     900     
	2522   1972 3000    1500    1900    800     1500    1100    3000    700     800     1500    700     700     700     900     1100    1200    1800    400     2100    
	2522   1973 3400    1800    1700    1800    1800    1700    1400    1300    600     1800    400     400     1700    400     1000    1400    900     1000    600     
	2522   1974 2100    1100    1500    700     2100    1500    500     500     600     1100    1100    900     1500    500     700     500     200     400     700     
	2522   1975 1900    1100    1600    1100    1500    1000    1900    600     1100    200     1100    1500    1000    600     900     600     1900    800     700     
	2522   1976 2200    1500    2200    1500    1900    2200    700     600     1500    1100    1700    800     1700    1200    1700    500     700     400     400     
	2522   1977 1900    700     1900    600     1000    1900    1400    400     500     400     700     1000    800     1600    1100    1300    1400    400     600     
	2522   1978 2200    1500    2200    1500    1700    1200    1200    1000    1500    500     900     1700    700     1000    1200    1100    1200    900     600     
	2522   1979 1400    700     1400    700     900     1100    1400    600     700     500     900     500     700     600     500     1400    1100    700     400     
	2522   1980 2400    1400    2400    1400    2400    800     1200    1400    800     1200    1000    2400    700     800     600     900     500     500     700     
	2522   1981 1900    1600    1800    1600    1900    1700    700     500     1600    300     1800    400     700     600     1700    700     300     500     700     
	2522   1982 1900    1500    1900    1500    1600    1200    1900    1000    1500    900     1600    1000    400     1200    500     1900    800     900     900     
	2522   1983 2600    1600    1500    1600    1300    1500    2600    400     1600    1300    300     300     1400    1500    1300    600     1200    1400    700     
	2522   1984 2200    1300    2200    1100    2100    2000    700     500     1100    1300    1900    400     800     1000    2000    200     700     700     600     
	2522   1985 2000    2000    1500    2000    1200    1500    1800    400     2000    700     1200    1100    400     1300    400     800     1800    700     400     
	2522   1986 3000    2500    1300    2500    1400    1300    3000    400     2500    1400    600     400     1100    1300    700     1300    1700    400     300     
	2522   1987 1800    1700    1800    1700    1300    1800    1300    1700    700     1300    900     700     500     1300    700     500     500     1000    1400    
	2522   1988 2500    1000    2500    1000    1100    2500    800     1000    700     300     1100    900     2500    300     900     600     800     800     500     
	2522   1989 2000    1700    2000    1700    1900    2000    1200    1400    800     700     500     1900    1300    2000    1000    800     400     1200    1100    
	2522   1990 1800    900     1800    900     1600    1800    900     600     600     900     500     1600    1000    1800    1500    900     900     500     800     
	2522   1991 2400    1900    2300    1900    1500    1100    1400    1000    900     1000    1000    1500    300     500     1000    1400    900     900     1500    
	2522   1992 1400    1400    1300    1400    1300    1000    700     1200    600     500     1100    1300    800     700     300     700     500     400     1100    
	2522   1993 1800    1800    1500    1800    1500    900     1600    500     1500    1000    800     1000    900     400     800     400     1000    1400    300     
	2522   1994 1700    1200    1300    1200    900     1300    1700    500     1200    800     900     500     1000    1300    500     600     1700    800     400     
	2522   1995 2800    1300    2800    400     900     2800    1200    400     200     500     800     800     1300    1000    2400    1000    1200    1200    1600    
	2522   1996 2200    2200    1200    2200    1600    1200    900     2100    500     1600    1200    1200    1000    1200    700     900     600     400     1400    
	2522   1997 3000    1900    1900    1900    1900    1900    2200    1800    300     1100    1900    1000    600     1000    1900    1700    1700    800     700     
	2522   1998 1600    1400    1600    1300    1600    1600    900     1200    1300    1400    200     1600    600     800     1600    900     200     700     300     
	2522   1999 1900    900     1900    700     1200    900     1300    300     400     900     800     800     900     800     600     1300    1000    400     200     
	2522   2000 1500    800     1500    800     1300    1500    800     800     300     500     700     600     800     700     1500    800     400     300     600     
	2522   2001 1300    1000    1300    1000    1300    800     1000    1000    800     500     400     1300    800     400     800     300     1000    400     1300    
	2522   2002 2300    1000    1300    1000    2300    700     1000    900     400     1000    1300    800     500     700     700     1000    700     600     900     
	2522   2003 2200    2100    2200    2100    2200    1900    1400    900     2100    2000    2200    700     800     1200    1700    1100    1400    800     1000    
	2522   2004 2200    1200    2200    1200    2200    1100    1000    300     1200    1100    1000    2200    800     600     500     1000    1000    400     1500    
	2522   2005 1600    1000    1200    700     1200    900     1600    600     600     500     700     1200    800     900     600     1000    1600    500     600     
	2522   2006 1700    1700    1600    1700    1300    1600    1400    1100    600     1300    900     1300    1100    1600    500     1400    600     600     1000    
	2522   2007 4500    1000    3500    900     4500    900     1000    400     600     1000    3000    500     700     400     900     600     1000    400     1400    
	2522   2008 1800    1800    1500    1800    1500    900     1000    500     1800    300     700     1400    600     500     900     1000    700     700     1100    
	2522   2009 2000    1000    2000    900     1000    2000    2000    800     300     1000    900     800     1500    500     800     1600    700     400     600     
	2522   2010 2100    1100    2100    1100    2100    1300    900     1100    600     600     2100    900     1100    700     300     600     900     800     600     
	2522   2011 2500    1800    1600    700     1700    700     2500    600     700     1700    1600    700     400     600     400     800     600     2500    500     
	2522   2012 2600    2400    1100    800     2600    1000    1000    600     800     2400    500     1100    500     700     1000    1000    500     600     400     
	2522   2013 2000    900     2000    900     1600    2000    1300    700     900     800     900     700     1100    2000    900     1100    500     800     500     
	2522   2014 2000    1500    2000    500     1500    1600    1900    500     400     1500    800     500     1600    500     200     1900    500     600     400     
	2522   2015 2000    2000    1500    1400    2000    1500    1000    400     1400    2000    1300    900     1100    700     900     600     700     300     800     
	2522   2016 1900    1300    1400    400     1300    1400    1300    400     400     1300    700     700     900     1400    800     1300    1100    1000    1000    
	2522   2017 1700    1000    1700    800     1300    1500    1000    700     800     1000    1300    1300    1500    500     900     800     1000    400     300     
	2522   2018 2800    1500    2800    1400    1900    2800    1400    400     1400    400     1300    1900    1500    1500    600     800     1400    1200    800     
	2522   2019 2000    1700    2000    1700    2000    1600    1000    400     1700    1400    2000    900     1100    500     700     1000    500     400     500     
	2522   2020 3600    1900    3300    1000    3600    1000    1900    1000    500     1900    1700    3000    600     800     1000    1900    700     600     400     
	2522   2021 -999999 -999999 1600    -999999 1600    1300    1200    -999999 1000    900     1600    600     1200    1300    700     1200    600     700     1000    
	2522   2022 3300    3300    2200    700     2900    1800    1100    700     400     2900    1500    1700    900     1300    1300    400     1100    800     900     
	2522   2023 3800    1100    3800    1100    1900    1900    900     600     1100    500     700     1900    1900    400     1200    900     700     300     200     
	2522   2024 1000    -999999 900     -999999 800     700     1000    700     -999999 400     400     800     700     600     700     900     700     800     700     
	2522   2025 3000    1900    2900    1200    3000    2300    1400    1200    900     1900    1100    2300    1400    700     2300    1000    1400    700     1300    
	2522   2026 -999999 -999999 -999999 600     -999999 -999999 -999999 600     300     -999999 -999999 -999999 -999999 -999999 -999999 -999999 -999999 -999999 -999999 
	