EUROPEAN CLIMATE ASSESSMENT & DATASET (ECA&D), file created on: 17-05-2026
THESE DATA CAN BE USED FOR NON-COMMERCIAL RESEARCH AND EDUCATION PROVIDED THAT THE FOLLOWING SOURCE IS ACKNOWLEDGED: 

Klein Tank, A.M.G. and Coauthors, 2002. Daily dataset of 20th-century surface
air temperature and precipitation series for the European Climate Assessment.
Int. J. of Climatol., 22, 1441-1453.
Data and metadata available at http://www.ecad.eu

FILE FORMAT (MISSING VALUE CODE = -999999):

THIS FILE HOLDS DATA FOR STATION NETHERLANDS                              KRABBENDIJKE                             (STAID:   2457)
LATITUDE: dd:mm:ss +51:25:59
LONGITUDE: ddd:mm:ss +004:05:59
ELEVATION: m    1

DATA IS FOR INDEX Maximum no of consecutive dry days (RR < 1 mm) (CDD) with unit 0.01 No of days

01-06 SOUID: Source identifier
08-11 YEAR : YYYY
13-20 ANNUAL DATA VALUES
21-28 WINTER HALF YEAR DATA VALUES
29-36 SUMMER HALF YEAR DATA VALUES
37-44 WINTER (DJF) DATA VALUES
45-52 SPRING (MAM) DATA VALUES
53-60 SUMMER (JJA) DATA VALUES
61-68 AUTUMN (SON) DATA VALUES
69-76 JANUARY DATA VALUES
etc. 
157-164 DECEMBER DATA VALUES

2457   1904 -999999 -999999 -999999 -999999 -999999 -999999 -999999 -999999 -999999 -999999 -999999 -999999 -999999 -999999 -999999 -999999 -999999 1100    1500    
	2457   1905 1900    -999999 1000    1400    1000    1000    700     1100    700     600     600     1000    600     800     500     700     600     400     1900    
	2457   1906 2100    900     1700    900     2100    1200    1000    300     400     600     1700    500     1200    1100    700     1000    1000    500     800     
	2457   1907 2300    1600    2300    1600    1700    1100    2300    1600    1100    1200    500     800     400     1100    600     2300    600     1100    1200    
	2457   1908 1900    1700    1700    1700    1300    1700    1900    700     1000    1100    1300    400     800     1300    500     1000    900     1000    1700    
	2457   1909 2300    2300    1300    1200    1200    1300    1100    900     1200    1100    1000    1200    500     600     1300    900     600     900     800     
	2457   1910 1600    1300    1100    900     1600    1000    1400    900     400     1300    400     1100    1000    700     600     700     1400    700     500     
	2457   1911 3200    3000    3200    3000    1600    3200    1200    1900    1100    600     1600    1500    1000    2800    1100    1200    700     400     400     
	2457   1912 1700    700     1700    700     1400    1000    1700    700     500     700     1200    700     300     1000    300     1700    1200    600     700     
	2457   1913 2400    2400    1900    2400    900     1400    900     800     2400    400     500     900     600     800     1100    800     900     600     1300    
	2457   1914 1800    1500    1800    1500    1300    1800    1000    1500    1000    500     1300    800     700     500     1800    1000    600     600     400     
	2457   1915 2000    1000    2000    700     1300    1400    1800    700     400     1000    700     1300    1400    700     700     1800    1300    500     200     
	2457   1916 2600    800     2600    600     900     2600    1200    400     300     500     800     600     700     1300    1300    1000    700     900     600     
	2457   1917 2900    2900    1800    2900    1800    1000    1200    1300    1600    500     1100    800     700     600     1000    1100    200     1000    1400    
	2457   1918 2200    2200    1500    1200    1800    1200    800     700     600     1800    700     900     800     700     900     300     800     600     400     
	2457   1919 2200    900     2200    900     2000    1700    1300    700     900     600     1000    2000    1500    600     1700    1300    1000    600     300     
	2457   1920 2200    1200    1300    1000    1200    1100    2200    700     1000    1200    300     500     600     400     1100    1300    900     1300    1300    
	2457   1921 2900    1400    2000    1200    1600    2000    2200    500     1200    900     1200    1600    900     2000    600     1200    1500    2200    700     
	2457   1922 2200    1300    1300    1000    1300    800     2200    400     1000    900     500     1300    800     300     400     600     2200    800     500     
	2457   1923 1900    1000    1900    1000    900     1900    900     1000    800     700     800     700     500     1400    1400    900     300     600     400     
	2457   1924 1700    1600    1100    700     1600    1100    1700    700     700     1600    700     400     1000    1100    500     400     1000    1700    1000    
	2457   1925 1500    700     1500    700     900     1100    1500    700     400     500     900     700     1100    800     900     400     1200    1000    900     
	2457   1926 1600    1600    1500    800     1600    1500    900     600     800     1600    700     800     1200    1200    600     900     600     400     900     
	2457   1927 1900    900     1600    900     1600    600     1900    400     800     500     800     1100    500     400     600     400     1900    600     900     
	2457   1928 3000    3000    1500    1300    1700    1100    1300    200     1300    1700    600     900     800     1100    800     1300    600     700     400     
	2457   1929 2600    2600    2000    1500    2100    2000    700     1400    800     2100    1200    1600    500     2000    900     700     700     600     400     
	2457   1930 2100    2100    2100    1200    1400    2100    800     800     1200    1200    800     600     2100    500     900     500     800     400     1200    
	2457   1931 2600    2100    2600    800     2600    1500    1200    500     500     2100    900     2600    1100    500     600     700     1200    800     900     
	2457   1932 2200    2200    1600    2200    1600    1600    900     1500    1400    1600    800     400     1600    600     700     600     300     900     1100    
	2457   1933 3500    1100    2400    1100    3500    1500    1100    1000    800     1100    2400    1000    800     700     1300    1100    800     700     2600    
	2457   1934 2600    2600    1700    2600    1600    1500    1200    800     2500    900     700     1600    1300    1200    800     600     400     1200    500     
	2457   1935 2300    2100    2300    600     2100    2300    900     600     600     2100    600     1300    400     1900    1100    900     800     500     600     
	2457   1936 1600    1600    1600    900     1600    1200    1100    600     900     1600    700     1100    700     400     1200    600     400     1100    900     
	2457   1937 1800    900     1800    600     1000    1800    1200    600     300     400     600     900     900     600     1200    700     1000    1100    500     
	2457   1938 2200    2200    1800    1300    2200    1800    1000    500     1300    2200    1200    1500    1800    1000    900     700     700     1000    900     
	2457   1939 2500    1300    2500    1300    1500    1000    800     600     700     300     600     1500    1000    400     900     800     300     200     1700    
	2457   1940 1900    1300    1900    700     1900    1100    1200    600     400     1100    500     1900    1100    400     800     700     1200    700     600     
	2457   1941 3100    1400    3100    1200    1600    3100    1500    1100    800     1400    1100    700     2100    1000    200     1500    800     500     800     
	2457   1942 -999999 2100    3000    1800    3000    1300    1200    1000    1800    1200    2100    900     1300    400     700     1200    500     1000    -999999 
	2457   1943 -999999 -999999 -999999 -999999 -999999 -999999 -999999 -999999 -999999 -999999 -999999 -999999 -999999 -999999 -999999 -999999 -999999 -999999 -999999 
	2457   1944 -999999 -999999 -999999 -999999 -999999 -999999 -999999 -999999 -999999 -999999 -999999 -999999 -999999 -999999 -999999 -999999 -999999 -999999 -999999 
	2457   1945 -999999 -999999 -999999 -999999 -999999 -999999 -999999 -999999 -999999 -999999 -999999 -999999 -999999 -999999 -999999 -999999 -999999 -999999 -999999 
	2457   1946 -999999 -999999 -999999 -999999 -999999 -999999 -999999 -999999 -999999 -999999 -999999 -999999 -999999 -999999 -999999 -999999 -999999 -999999 -999999 
	2457   1947 -999999 -999999 -999999 -999999 -999999 -999999 -999999 -999999 -999999 -999999 -999999 -999999 -999999 -999999 -999999 -999999 -999999 -999999 -999999 
	2457   1948 -999999 -999999 -999999 -999999 -999999 -999999 -999999 -999999 -999999 -999999 -999999 -999999 -999999 -999999 -999999 -999999 -999999 -999999 -999999 
	2457   1949 -999999 -999999 -999999 -999999 -999999 -999999 -999999 -999999 -999999 -999999 -999999 -999999 -999999 -999999 -999999 -999999 -999999 -999999 -999999 
	2457   1950 -999999 -999999 -999999 -999999 -999999 -999999 -999999 -999999 -999999 -999999 -999999 -999999 -999999 -999999 -999999 -999999 -999999 -999999 -999999 
	2457   1951 2400    -999999 1300    -999999 1300    1000    2400    500     600     900     1300    400     900     700     600     900     1900    300     700     
	2457   1952 2000    1100    2000    1100    2000    1100    800     500     1100    700     1500    2000    800     1100    1100    800     600     600     800     
	2457   1953 5100    5100    1400    2400    2700    1400    3000    1300    2400    2700    1100    1000    1000    800     1400    900     2300    1100    900     
	2457   1954 2600    1700    2600    1700    2600    700     900     1000    700     1000    2600    1700    600     600     500     900     900     600     600     
	2457   1955 1900    800     1900    800     1900    1100    1000    800     500     800     1900    300     800     1000    1000    800     800     1000    500     
	2457   1956 2000    1700    1900    1000    2000    500     1400    500     1000    1700    1100    1600    400     400     500     1400    900     900     1000    
	2457   1957 1400    1100    1400    1100    1400    1400    1000    1100    400     600     1000    800     1300    900     400     300     700     1000    600     
	2457   1958 2800    1400    1200    600     1400    1200    2100    500     200     1400    700     400     1200    700     600     800     900     2100    700     
	2457   1959 4000    2100    4000    2100    2800    2200    2000    500     2000    400     800     2800    1600    2200    2000    2000    900     800     900     
	2457   1960 2000    2000    1500    1200    2000    1300    800     500     1200    2000    1000    1100    1300    400     700     800     200     200     600     
	2457   1961 1700    1700    1300    1100    1700    900     1300    600     1100    1700    500     900     700     900     900     1300    900     800     1500    
	2457   1962 2100    2000    2100    1300    1700    1700    2100    600     1300    1100    1200    500     1700    500     500     1200    2100    700     700     
	2457   1963 2600    2000    2000    1400    800     1200    1300    1100    1200    800     600     800     1200    600     300     1300    900     900     1700    
	2457   1964 1800    1800    1600    1300    1200    1600    1000    1300    700     1200    800     1100    800     1000    1200    800     700     900     600     
	2457   1965 1400    1200    1400    900     1400    1200    1400    300     900     1200    600     1400    800     200     1200    1200    1400    700     300     
	2457   1966 1500    1200    1500    1200    900     1000    1500    1200    500     500     600     900     1000    500     700     1500    800     400     300     
	2457   1967 1800    1600    1800    1600    1000    1800    1100    900     1600    1000    800     200     1800    600     1200    900     700     1100    400     
	2457   1968 1900    1200    1600    800     1600    1200    1900    500     800     500     1600    600     500     700     1200    700     1500    1900    1500    
	2457   1969 2100    1100    1600    900     1100    1200    2100    900     700     1100    900     400     1100    1200    900     1500    1900    300     600     
	2457   1970 2800    1300    2800    600     1000    2600    1400    600     400     1000    200     700     2600    500     800     1400    1200    700     1300    
	2457   1971 2700    1400    2300    1400    2700    2300    2100    1400    900     600     2200    800     800     2100    700     2100    1100    400     900     
	2457   1972 3000    1500    1900    1000    1500    1200    3000    700     800     1500    700     500     700     1000    1200    1200    1800    500     2100    
	2457   1973 3400    1800    2000    1800    1800    2000    1500    1300    700     1800    400     400     1700    1000    2000    1500    900     1000    500     
	2457   1974 2100    1100    1100    700     2100    900     800     400     600     1100    1100    800     700     700     800     800     400     400     700     
	2457   1975 1500    1100    1400    1000    1400    1000    1500    600     1000    300     900     1400    1000    600     900     500     1500    800     1100    
	2457   1976 2700    1300    2700    1300    2700    2600    800     500     1000    1100    1600    1100    1700    1600    2300    500     800     400     600     
	2457   1977 1600    800     1600    600     1000    1600    1200    400     600     500     600     1000    900     1600    600     1200    1100    500     900     
	2457   1978 2200    1000    2200    1000    1700    1200    1700    1000    700     500     900     1700    700     900     1200    1100    1600    1100    700     
	2457   1979 1400    700     1400    700     500     1200    1400    600     700     400     500     500     700     700     500     1400    1100    700     400     
	2457   1980 2000    1200    2000    1200    2000    900     1200    1200    800     1200    1000    2000    800     500     900     700     500     1000    1000    
	2457   1981 1700    1200    1700    1200    1100    1000    900     400     1200    400     1100    400     400     900     1000    800     400     500     600     
	2457   1982 1800    1500    1800    1500    1600    1100    1800    1500    1300    900     1600    1300    900     1100    300     1800    800     800     800     
	2457   1983 2200    1700    2200    1700    1200    2200    1800    400     1700    1200    600     400     1500    2200    1300    900     800     1400    700     
	2457   1984 2600    1300    2600    1100    2100    2400    900     400     1100    1300    1900    700     700     800     2400    300     800     900     600     
	2457   1985 2100    2000    2100    2000    1100    2100    1800    800     2000    600     1100    1100    500     1700    400     800     1800    700     400     
	2457   1986 3200    2500    1500    2500    1100    1400    3200    400     2500    1100    600     500     1100    1400    600     1500    1700    600     700     
	2457   1987 1600    1500    1600    1500    1300    1600    900     1500    700     1300    500     700     300     1300    700     900     500     900     900     
	2457   1988 1900    900     1900    700     1100    1900    900     500     700     300     1100    600     1900    300     900     900     800     800     700     
	2457   1989 2100    1300    2100    1300    1900    1400    1200    1000    800     800     500     1900    1300    1400    800     1100    500     1200    1100    
	2457   1990 1900    900     1900    700     1600    1900    900     500     600     900     900     1600    600     1700    1600    600     900     600     600     
	2457   1991 2400    1700    2200    1700    1500    1100    1300    1000    700     1300    900     1500    600     500     1000    1300    700     900     1500    
	2457   1992 1300    1300    1300    1300    1200    1300    1300    1200    600     500     900     1200    900     700     600     800     700     400     1100    
	2457   1993 1800    1800    1600    1800    1600    1600    1800    500     1500    1600    800     600     1200    500     500     400     1000    1500    300     
	2457   1994 1700    1000    1700    1000    900     1700    1600    400     1000    600     900     500     1200    1700    400     600     1600    1000    400     
	2457   1995 4000    1600    4000    300     1200    4000    2100    200     300     500     800     1100    1300    1500    2500    400     2100    1100    1600    
	2457   1996 2200    2200    1200    2200    1600    1200    1000    2100    600     1600    1200    1000    1000    1200    700     1000    400     300     1400    
	2457   1997 2300    1700    1900    1700    1900    1900    2300    1700    300     1200    1900    1000    500     1000    1900    1800    1700    600     700     
	2457   1998 1700    1400    1700    1300    1700    1600    900     1200    1300    1400    300     1700    600     700     1600    900     400     700     300     
	2457   1999 1800    900     1800    700     1000    1100    1200    300     400     900     600     1000    900     900     600     1200    1200    300     100     
	2457   2000 1700    1200    1700    1200    900     1700    900     1200    300     500     600     600     1700    800     1400    900     400     300     600     
	2457   2001 1300    1000    1300    1000    1300    1000    1000    1000    800     500     400     1300    900     900     800     300     1000    700     1200    
	2457   2002 2400    1100    1300    900     2400    800     1000    900     500     1100    1300    400     500     800     700     1000    500     600     900     
	2457   2003 2900    2200    2900    2200    2200    2900    1500    900     2200    2000    2200    600     1300    1100    2700    1000    1500    800     1000    
	2457   2004 1700    1000    1300    1000    1200    1100    1200    300     700     700     1000    1200    700     600     500     1200    700     400     1500    
	2457   2005 1600    1000    1400    700     1200    1200    1600    600     600     1000    600     1200    1200    900     600     800     1600    600     600     
	2457   2006 1500    1500    1400    1500    1300    1400    1400    1100    400     1300    700     700     1100    900     400     1400    700     400     1000    
	2457   2007 3700    900     3500    900     3700    800     1000    400     600     800     3000    500     500     400     800     600     1000    400     1300    
	2457   2008 1800    1800    1300    1800    1300    1000    1000    500     1800    300     700     1300    1000    500     800     1000    700     1000    1100    
	2457   2009 1600    1000    1600    900     1000    1600    1100    800     800     1000    900     900     1000    700     800     900     700     400     600     
	2457   2010 2100    1100    2100    1100    2100    1200    1200    1100    1000    600     2100    1400    1000    800     400     600     1200    800     500     
	2457   2011 2600    1800    1500    1500    1700    1000    2600    600     900     1700    1500    1100    300     800     400     1200    600     2600    500     
	2457   2012 1600    1400    1100    900     1600    800     1000    900     800     1400    400     1100    500     700     800     1000    500     600     400     
	2457   2013 2200    1000    2200    900     1600    2200    1300    500     900     800     800     500     1100    2200    700     1100    500     800     600     
	2457   2014 1700    1700    1700    400     1700    1600    1700    400     400     1700    900     700     1600    500     200     1700    400     600     400     
	2457   2015 2000    2000    1300    1400    2000    1200    1000    400     1400    2000    1300    400     1100    400     900     700     700     300     700     
	2457   2016 1600    1600    1200    500     1600    1100    1200    500     400     1600    700     600     1100    1100    800     1200    1100    700     900     
	2457   2017 1700    1200    1700    1200    1300    1400    1100    1200    800     1000    1100    1300    1400    400     1000    800     1100    500     300     
	2457   2018 3800    1500    3800    1400    2100    3800    1400    400     1400    400     1300    2100    2300    1500    600     700     1400    1200    600     
	2457   2019 2000    1700    2000    1700    2000    1600    1000    400     1700    1500    2000    800     1100    600     700     1000    500     400     500     
	2457   2020 3100    1100    3100    700     2800    800     1900    700     400     1100    1700    2800    800     800     700     1900    600     600     400     
	2457   2021 -999999 -999999 2800    -999999 1700    1300    2600    -999999 1000    900     1700    700     1200    1300    600     2600    600     600     1200    
	2457   2022 3900    3300    3900    700     3900    1900    700     700     400     2900    2400    1500    900     1900    1300    300     700     700     900     
	2457   2023 3500    1200    3500    1200    1600    1900    900     600     1200    500     900     1600    1900    600     1200    900     700     300     500     
	2457   2024 1200    -999999 900     -999999 500     800     1200    800     -999999 400     500     500     800     600     700     900     700     1000    700     
	2457   2025 2900    2800    2900    1200    2900    2400    1200    1200    900     2700    1100    2300    1700    700     2400    1000    1200    700     1300    
	2457   2026 -999999 -999999 -999999 1300    -999999 -999999 -999999 1300    300     -999999 -999999 -999999 -999999 -999999 -999999 -999999 -999999 -999999 -999999 
	