EUROPEAN CLIMATE ASSESSMENT & DATASET (ECA&D), file created on: 17-05-2026
THESE DATA CAN BE USED FOR NON-COMMERCIAL RESEARCH AND EDUCATION PROVIDED THAT THE FOLLOWING SOURCE IS ACKNOWLEDGED: 

Klein Tank, A.M.G. and Coauthors, 2002. Daily dataset of 20th-century surface
air temperature and precipitation series for the European Climate Assessment.
Int. J. of Climatol., 22, 1441-1453.
Data and metadata available at http://www.ecad.eu

FILE FORMAT (MISSING VALUE CODE = -999999):

THIS FILE HOLDS DATA FOR STATION NETHERLANDS                              LELYSTAD                                 (STAID:    597)
LATITUDE: dd:mm:ss +52:27:25
LONGITUDE: ddd:mm:ss +005:31:10
ELEVATION: m   -4

DATA IS FOR INDEX Maximum no of consecutive dry days (RR < 1 mm) (CDD) with unit 0.01 No of days

01-06 SOUID: Source identifier
08-11 YEAR : YYYY
13-20 ANNUAL DATA VALUES
21-28 WINTER HALF YEAR DATA VALUES
29-36 SUMMER HALF YEAR DATA VALUES
37-44 WINTER (DJF) DATA VALUES
45-52 SPRING (MAM) DATA VALUES
53-60 SUMMER (JJA) DATA VALUES
61-68 AUTUMN (SON) DATA VALUES
69-76 JANUARY DATA VALUES
etc. 
157-164 DECEMBER DATA VALUES

597    1956 -999999 -999999 -999999 -999999 -999999 -999999 -999999 -999999 -999999 -999999 -999999 -999999 -999999 -999999 -999999 -999999 900     900     600     
	597    1957 1400    1200    1100    1200    1300    1100    1000    1200    600     600     900     800     600     300     700     400     1000    800     600     
	597    1958 1600    1300    1200    600     1300    1200    1600    600     400     1300    800     500     1000    1200    600     900     1000    1600    700     
	597    1959 2700    2100    2600    2100    1500    2600    2700    700     2000    700     1300    1500    1600    2600    1600    2000    1800    800     800     
	597    1960 1700    1000    1700    500     1700    700     900     400     500     1000    1000    1200    700     400     500     900     300     300     600     
	597    1961 2100    1500    2100    1100    2100    700     900     600     1100    1500    500     2100    700     600     700     700     800     900     1500    
	597    1962 2100    1300    1500    1200    1500    900     2100    500     1200    1100    1000    500     900     700     500     400     2100    600     700     
	597    1963 2400    2400    1700    1600    1000    900     1700    1300    1600    1000    600     900     400     700     300     1700    900     500     1700    
	597    1964 2400    2400    1100    1800    1800    800     1000    1800    600     1800    800     1100    500     800     500     700     700     900     500     
	597    1965 1500    1500    1000    900     1300    1000    1400    700     900     1300    400     600     800     300     600     900     1400    700     300     
	597    1966 1600    1300    1600    1300    1000    1000    1600    1300    500     500     300     1000    1000    200     800     1500    900     700     300     
	597    1967 1100    1000    1100    1000    900     1100    1100    1000    700     700     900     400     900     800     1100    900     400     1100    400     
	597    1968 1700    1300    1700    1300    1700    700     1100    500     1300    800     1700    600     600     700     700     600     1000    1100    1600    
	597    1969 2600    1600    2600    1000    1200    2000    2500    1000    700     1200    900     700     800     2000    600     2500    1800    300     600     
	597    1970 2700    1200    2700    800     1600    2200    1200    800     300     800     300     1600    2200    300     900     1200    1100    800     1200    
	597    1971 2100    1000    1500    1000    2100    1200    1800    800     800     800     1500    900     900     1100    800     1000    1200    600     900     
	597    1972 3000    1400    1600    1300    1400    1200    3000    1000    900     1400    600     700     500     1200    1100    1200    1800    400     1800    
	597    1973 3100    1800    2500    1400    1800    2500    1200    1300    600     1800    800     500     2500    1000    2100    1200    900     700     600     
	597    1974 3700    1100    2600    1000    3700    1800    800     500     1000    1100    2600    900     800     500     1800    800     300     400     500     
	597    1975 2200    1100    2200    1100    900     2200    1400    700     1100    300     900     800     1100    700     1500    500     1400    700     1100    
	597    1976 2800    1500    2800    1500    1500    2800    1000    500     1500    1100    1500    800     1500    1100    2800    700     800     500     400     
	597    1977 2300    800     1900    600     1800    1600    2300    600     300     400     500     1800    700     1200    500     1900    2300    600     1000    
	597    1978 1500    1100    1200    1100    1200    1200    1500    1100    700     500     900     1200    800     1000    1200    600     1500    900     800     
	597    1979 1300    1100    1100    900     700     1100    1300    900     800     400     700     500     600     700     1100    1000    1100    700     400     
	597    1980 1600    1600    1500    1400    1500    900     800     1400    1400    1100    900     1500    600     800     900     800     600     500     400     
	597    1981 2300    1300    1800    1300    2300    1500    1000    600     1300    500     1800    300     500     700     1500    1000    300     600     800     
	597    1982 1700    1400    1700    1400    1600    900     1700    1400    1400    900     1600    1200    700     900     300     1700    800     600     900     
	597    1983 2300    1900    2200    1900    1300    2200    2300    500     1900    1300    400     200     700     2200    1000    900     600     1900    600     
	597    1984 2600    1200    2600    1200    2100    2400    700     400     1200    1200    1900    700     800     700     2400    300     700     700     500     
	597    1985 2200    2200    900     2200    800     600     1800    500     2200    300     800     700     300     600     500     900     1800    600     500     
	597    1986 3500    3500    2400    3200    1100    2400    2100    400     2800    1100    900     600     2000    1500    1400    1500    700     600     600     
	597    1987 1800    1500    1700    1500    1200    1700    800     1500    1000    1200    1000    800     300     1400    400     400     600     800     1400    
	597    1988 2000    1000    2000    1000    1100    2000    1000    1000    500     200     1100    1000    2000    500     900     600     1000    800     500     
	597    1989 1800    1000    1800    1000    1700    1800    1400    600     1000    700     500     1700    1800    1300    1000    1000    400     1400    1100    
	597    1990 1700    900     1700    900     1600    1700    900     800     700     900     600     1600    500     1700    800     600     900     500     800     
	597    1991 2700    2200    2200    2200    1500    1200    1400    1200    1000    1300    1300    1500    200     700     1000    1400    1100    1100    1600    
	597    1992 1700    1400    1700    1400    1700    1200    1100    1200    600     500     900     1700    1100    700     800     1100    700     400     1100    
	597    1993 1900    1700    1600    1700    1600    1500    1600    500     1500    1000    800     800     1100    700     600     500     1000    1600    300     
	597    1994 1600    1100    1300    1100    900     1300    1600    500     1100    500     800     500     700     1300    900     600     1600    900     400     
	597    1995 3400    1600    3400    600     1700    3400    2200    300     600     600     1000    700     1300    1000    2400    300     2200    1100    1700    
	597    1996 1600    1600    1200    1600    1600    1200    800     1600    1000    1600    1200    600     1000    1200    800     800     800     400     1500    
	597    1997 2000    1800    2000    1800    1900    2000    1600    1800    300     900     1900    900     600     1400    2000    1600    900     600     600     
	597    1998 1600    1300    1600    1300    1500    1600    1000    900     1300    400     500     1500    400     600     1600    1000    200     700     400     
	597    1999 1400    700     1400    700     1200    1300    1400    300     400     600     800     600     1100    900     500     1400    900     700     200     
	597    2000 1600    1300    1600    1300    1600    800     500     1300    300     500     1000    1500    800     700     600     500     400     300     700     
	597    2001 1300    1200    1300    1200    1300    1200    700     1200    400     600     600     1300    1200    600     400     300     600     700     1300    
	597    2002 2200    1100    1300    1100    2200    900     900     1000    600     900     1300    600     300     800     900     500     600     900     1300    
	597    2003 2200    2000    2200    2000    2000    2200    1500    900     2000    2000    1700    700     1000    1200    2100    900     1500    1200    900     
	597    2004 1700    1600    1400    900     1400    1400    1200    400     700     1200    700     1400    700     500     900     1200    1100    300     1500    
	597    2005 1700    1100    1300    700     1000    1000    1700    600     700     1000    500     600     1000    900     800     900     1700    600     600     
	597    2006 1800    1800    1500    1800    1500    1300    1500    1100    900     1300    1200    1500    1300    1000    400     1500    1100    500     1200    
	597    2007 4600    1200    3600    1200    4600    1000    1300    500     700     1000    3000    600     700     300     900     600     1300    600     1500    
	597    2008 1600    1600    1400    1600    1400    900     900     400     1600    400     700     1400    700     400     900     900     600     700     1100    
	597    2009 1500    1000    1500    1000    1300    800     1500    800     500     1000    1300    500     800     300     800     1500    500     200     600     
	597    2010 2400    900     2400    700     2400    900     1600    600     700     900     2400    1600    900     600     400     600     1200    1600    700     
	597    2011 2100    1400    1500    1000    1500    500     2100    600     1000    1300    1500    900     400     400     300     1200    1100    2100    400     
	597    2012 2400    2100    1200    800     2400    1000    1000    500     800     2100    600     1200    500     700     1000    1000    900     700     200     
	597    2013 2300    1300    1400    900     2300    1300    1200    700     900     1300    1000    1000    1100    1300    700     1000    400     800     700     
	597    2014 2000    1800    2000    500     1700    900     2000    500     400     1700    500     700     800     900     300     2000    600     1000    600     
	597    2015 1700    1700    1300    1700    1600    900     1300    500     1700    1600    1300    700     700     400     900     600     900     400     500     
	597    2016 1600    1500    1000    500     1500    800     1100    500     400     1500    700     1000    800     800     700     1000    1100    900     900     
	597    2017 1600    1100    1600    800     1100    1200    1000    800     400     1100    1000    1100    1200    400     1000    1000    800     300     700     
	597    2018 2100    1900    2100    1300    900     2100    2100    400     1300    600     900     800     1200    1500    700     600     2100    1500    800     
	597    2019 2100    1600    2100    1600    2100    1600    600     800     1600    1400    2100    600     1100    1000    1000    500     500     600     700     
	597    2020 4500    1800    2700    500     4500    1000    1700    400     300     1800    2700    1000    800     500     1000    1700    1000    1000    600     
	597    2021 1700    1700    1600    1000    1600    1200    1000    300     1000    900     1600    400     1200    800     700     1000    500     700     1000    
	597    2022 3300    3300    3000    900     3000    1500    800     900     400     2900    2000    1000    1400    900     1500    700     800     400     700     
	597    2023 3500    1000    3500    1000    1600    1900    900     1000    1000    500     600     1600    1900    300     900     900     700     300     600     
	597    2024 1300    700     1200    700     800     1100    1300    700     500     500     500     800     900     500     700     1200    900     1000    700     
	597    2025 3100    1900    1800    1400    3100    1600    1100    1400    1000    1900    1200    1800    1100    500     1600    900     900     700     1200    
	597    2026 -999999 1100    -999999 1100    -999999 -999999 -999999 1100    1000    900     1000    -999999 -999999 -999999 -999999 -999999 -999999 -999999 -999999 
	