EUROPEAN CLIMATE ASSESSMENT & DATASET (ECA&D), file created on: 17-05-2026
THESE DATA CAN BE USED FOR NON-COMMERCIAL RESEARCH AND EDUCATION PROVIDED THAT THE FOLLOWING SOURCE IS ACKNOWLEDGED: 

Klein Tank, A.M.G. and Coauthors, 2002. Daily dataset of 20th-century surface
air temperature and precipitation series for the European Climate Assessment.
Int. J. of Climatol., 22, 1441-1453.
Data and metadata available at http://www.ecad.eu

FILE FORMAT (MISSING VALUE CODE = -999999):

THIS FILE HOLDS DATA FOR STATION NETHERLANDS                              ZEIJEN                                   (STAID:  20649)
LATITUDE: dd:mm:ss +53:03:09
LONGITUDE: ddd:mm:ss +006:32:35
ELEVATION: m  101

DATA IS FOR INDEX Maximum no of consecutive dry days (RR < 1 mm) (CDD) with unit 0.01 No of days

01-06 SOUID: Source identifier
08-11 YEAR : YYYY
13-20 ANNUAL DATA VALUES
21-28 WINTER HALF YEAR DATA VALUES
29-36 SUMMER HALF YEAR DATA VALUES
37-44 WINTER (DJF) DATA VALUES
45-52 SPRING (MAM) DATA VALUES
53-60 SUMMER (JJA) DATA VALUES
61-68 AUTUMN (SON) DATA VALUES
69-76 JANUARY DATA VALUES
etc. 
157-164 DECEMBER DATA VALUES

20649  1913 -999999 -999999 -999999 -999999 -999999 -999999 1600    -999999 -999999 -999999 -999999 -999999 -999999 -999999 -999999 -999999 1600    600     600     
	20649  1914 1900    1600    1900    1600    1000    1400    1400    1600    900     400     900     900     800     800     1400    1000    1400    800     600     
	20649  1915 2100    700     2100    700     1000    1100    2100    700     600     600     700     1000    1100    700     700     2100    1900    700     400     
	20649  1916 1900    1900    1700    1100    1900    1700    1300    1100    400     1900    800     900     700     1500    1000    1000    900     900     800     
	20649  1917 2800    2800    1300    2800    1500    1100    1200    1800    1000    1500    700     1200    900     1000    500     800     600     700     800     
	20649  1918 1900    1900    1000    1200    1800    900     1500    700     700     1800    800     1000    500     700     900     300     1000    800     300     
	20649  1919 2200    1000    2200    1000    2200    800     1200    800     1000    900     600     2200    800     600     800     1200    900     600     700     
	20649  1920 4200    1200    1300    1200    1200    1300    4200    600     1200    1200    700     700     1300    500     800     1200    3000    1400    800     
	20649  1921 2100    1700    2100    1300    1400    2100    1900    300     1300    1400    700     1000    700     2100    600     1700    1600    1400    500     
	20649  1922 1700    1700    1500    1500    1700    900     1400    1500    1100    1700    700     600     900     400     500     1100    1400    700     500     
	20649  1923 1400    800     1400    700     1100    1400    700     600     700     800     1100    700     300     1400    1400    600     300     700     400     
	20649  1924 1700    1700    1000    1000    1700    1000    1400    700     500     1700    800     500     900     800     400     600     1000    1400    1300    
	20649  1925 1900    800     1900    800     1200    1600    1300    600     800     400     300     1200    1600    700     1200    300     1000    700     800     
	20649  1926 1200    900     1100    900     1000    1100    900     600     900     800     700     400     500     1100    600     900     700     900     1200    
	20649  1927 1800    1400    1500    1400    1500    900     1400    600     1400    1400    400     1100    900     900     600     900     1400    600     1200    
	20649  1928 2200    2200    2100    1000    1700    2000    2000    700     1000    1200    1000    700     600     2000    400     2000    500     400     1300    
	20649  1929 2700    2700    1500    2700    1600    1300    800     1200    1500    1600    1000    1400    600     1300    700     800     500     500     700     
	20649  1930 2200    2200    1400    1900    1900    1000    900     1900    1300    1500    1000    600     1000    600     800     600     900     300     800     
	20649  1931 1400    900     1100    700     1300    1100    1100    500     400     900     500     400     900     500     500     600     1100    1100    1400    
	20649  1932 2000    2000    1300    2000    1900    1300    900     1800    1200    1900    500     500     900     500     1100    500     300     900     1700    
	20649  1933 3200    1900    3200    1900    2200    1100    1500    1900    500     1100    1200    2200    1000    1100    900     1100    700     700     1100    
	20649  1934 2000    2000    1600    2000    800     1600    1900    700     2000    600     600     600     700     1300    1600    700     400     1900    300     
	20649  1935 -999999 1600    1800    900     1800    1400    -999999 900     400     1600    600     1200    400     1200    1400    400     -999999 -999999 700     
	20649  1936 1400    -999999 1300    600     1300    1200    1400    300     400     1300    400     900     700     300     1200    500     900     1000    900     
	20649  1937 1600    600     1400    600     1000    1400    1600    500     200     500     600     700     800     1000    900     600     900     700     800     
	20649  1938 2600    1700    2600    1300    2600    1100    1400    300     1300    1700    1200    1400    600     800     700     1400    1200    800     2300    
	20649  1939 2600    1700    2500    1700    1500    1600    1000    400     800     500     500     1500    1000    500     1600    900     500     700     1600    
	20649  1940 -999999 -999999 -999999 -999999 -999999 1100    900     -999999 -999999 -999999 -999999 1800    1100    200     700     900     800     500     600     
	20649  1941 1800    1100    1700    1100    1200    1700    1500    1000    400     1100    800     1200    1500    800     300     1500    800     1300    600     
	20649  1942 -999999 -999999 -999999 -999999 -999999 1200    800     -999999 -999999 -999999 -999999 1000    1200    600     800     600     600     500     800     
	20649  1943 3100    3100    2000    1300    1800    2000    1500    800     1300    1700    1200    1000    600     1800    400     1000    1200    700     1000    
	20649  1944 -999999 1900    -999999 1900    800     1200    -999999 500     1900    700     800     600     900     1200    1000    -999999 -999999 -999999 -999999 
	20649  1945 -999999 -999999 -999999 -999999 -999999 -999999 -999999 -999999 -999999 -999999 -999999 -999999 -999999 -999999 600     1100    1900    -999999 600     
	20649  1946 2100    -999999 1700    1600    1700    600     1900    1600    400     1000    1700    1100    400     600     300     700     1900    500     2100    
	20649  1947 -999999 -999999 2200    -999999 -999999 2200    1200    600     -999999 -999999 2000    2200    1000    1600    2200    1200    800     300     200     
	20649  1948 1600    1600    1500    1000    1400    1500    1200    200     1000    1100    1400    1100    600     1400    500     400     600     1200    1100    
	20649  1949 2300    1400    2300    1400    1300    2300    2100    700     1100    1100    800     600     2000    700     1000    1100    1000    500     600     
	20649  1950 1600    1300    1600    1300    800     1300    900     1300    300     500     800     800     1300    400     600     600     900     600     1400    
	20649  1951 -999999 -999999 -999999 -999999 -999999 1500    2700    -999999 -999999 -999999 -999999 -999999 900     1500    600     800     2000    400     800     
	20649  1952 1500    900     1500    600     1500    800     800     400     600     900     1100    1500    500     800     700     600     800     600     700     
	20649  1953 2300    2000    1400    1400    1600    1000    1900    1400    1100    1600    1100    1300    1000    600     1000    500     1400    1500    800     
	20649  1954 1700    1700    1300    1700    1700    800     600     1100    600     1700    1200    1300    400     400     800     400     500     600     400     
	20649  1955 1600    1500    1600    1200    1200    1200    800     1200    1100    800     1200    400     800     800     1200    800     600     700     200     
	20649  1956 2000    1800    1400    1300    2000    700     1400    600     1300    1800    1000    800     700     400     300     1400    800     700     600     
	20649  1957 1200    1000    1100    700     1200    1100    1000    700     500     600     900     800     1100    400     600     400     1000    600     600     
	20649  1958 1600    1200    1000    600     1200    800     1600    500     200     1200    700     700     800     800     500     500     800     1600    400     
	20649  1959 3500    2000    3500    2000    2800    1500    2600    500     1900    800     1000    2800    1100    1500    1500    2000    1700    700     500     
	20649  1960 2700    2100    1100    500     2700    700     1100    500     400     2100    700     1100    700     400     700     900     400     300     500     
	