EUROPEAN CLIMATE ASSESSMENT & DATASET (ECA&D), file created on: 17-05-2026
THESE DATA CAN BE USED FOR NON-COMMERCIAL RESEARCH AND EDUCATION PROVIDED THAT THE FOLLOWING SOURCE IS ACKNOWLEDGED: 

Klein Tank, A.M.G. and Coauthors, 2002. Daily dataset of 20th-century surface
air temperature and precipitation series for the European Climate Assessment.
Int. J. of Climatol., 22, 1441-1453.
Data and metadata available at http://www.ecad.eu

FILE FORMAT (MISSING VALUE CODE = -999999):

THIS FILE HOLDS DATA FOR STATION NETHERLANDS                              VAALS                                    (STAID:   2533)
LATITUDE: dd:mm:ss +50:46:59
LONGITUDE: ddd:mm:ss +006:00:00
ELEVATION: m  180

DATA IS FOR INDEX Maximum no of consecutive dry days (RR < 1 mm) (CDD) with unit 0.01 No of days

01-06 SOUID: Source identifier
08-11 YEAR : YYYY
13-20 ANNUAL DATA VALUES
21-28 WINTER HALF YEAR DATA VALUES
29-36 SUMMER HALF YEAR DATA VALUES
37-44 WINTER (DJF) DATA VALUES
45-52 SPRING (MAM) DATA VALUES
53-60 SUMMER (JJA) DATA VALUES
61-68 AUTUMN (SON) DATA VALUES
69-76 JANUARY DATA VALUES
etc. 
157-164 DECEMBER DATA VALUES

2533   1891 1800    -999999 1300    -999999 1300    1000    1000    400     1700    600     1200    500     1000    600     500     1000    600     800     700     
	2533   1892 1600    900     1300    900     1600    1100    700     800     900     900     1300    800     1100    900     900     600     400     700     1100    
	2533   1893 2900    1300    1800    700     2900    1800    800     700     400     1300    1600    900     1800    500     600     400     800     800     500     
	2533   1894 2300    1200    1700    1200    2300    1700    1600    1200    600     1100    1200    700     1000    700     400     1100    700     1600    700     
	2533   1895 1800    800     1700    800     1000    900     1800    400     800     500     900     1000    900     800     800     1700    500     500     500     
	2533   1896 1500    1400    1500    1400    1500    800     900     700     1100    900     800     1400    800     700     500     300     500     900     400     
	2533   1897 3200    900     1400    900     700     1400    3200    900     600     700     600     400     600     1400    400     900     1800    1400    1700    
	2533   1898 2100    1100    1100    900     600     900     1300    900     400     600     600     500     700     900     900     1100    1100    1200    700     
	2533   1899 1900    1500    1900    1200    1000    1600    1600    800     1200    1000    400     500     1500    1600    1100    300     1600    700     1700    
	2533   1900 1500    1200    1500    1000    1200    1000    1500    400     400     1200    800     900     600     1000    700     1500    600     700     900     
	2533   1901 2200    1700    2200    1700    2200    2100    1700    1700    500     600     1000    2200    1000    2100    800     1300    900     1100    400     
	2533   1902 1500    1500    1200    1500    700     1200    1100    1100    1500    700     500     500     1200    700     300     500     500     1100    1200    
	2533   1903 2200    1200    2200    1200    1300    900     900     1200    800     900     300     1300    900     700     500     600     500     800     2300    
	2533   1904 2900    1800    1800    1800    1000    1800    1200    1300    700     1000    800     1000    600     1800    1000    1200    700     800     1500    
	2533   1905 1200    1200    800     1200    800     700     700     700     600     500     700     800     700     400     700     700     400     300     1200    
	2533   1906 1700    800     1700    800     1700    700     1200    300     600     500     1700    700     700     400     600     1100    800     800     900     
	2533   1907 1500    1200    1500    1200    1100    800     1500    800     1100    900     300     800     800     400     700     1500    800     700     800     
	2533   1908 2500    1600    1100    1600    1500    1100    2500    1600    600     1500    400     500     600     700     1100    1000    1400    1100    1200    
	2533   1909 1200    1100    1200    800     1000    1200    1000    800     600     400     1000    900     700     600     1200    500     900     900     900     
	2533   1910 2000    1300    900     900     2000    800     1300    900     400     1300    700     900     800     800     500     900     1300    400     1000    
	2533   1911 2500    1900    2500    1900    1600    2200    1900    1300    600     700     1600    1100    800     2200    1900    1900    700     500     500     
	2533   1912 1800    900     1800    900     1800    1600    1300    700     900     300     1600    800     800     1600    300     1300    1100    600     700     
	2533   1913 1900    1900    1600    1900    1000    1600    900     500     1900    400     1000    800     400     400     1600    800     800     300     500     
	2533   1914 1500    1500    1300    1500    1200    700     1200    1500    1000    400     1200    800     600     600     700     900     500     1100    500     
	2533   1915 -999999 -999999 -999999 -999999 -999999 -999999 -999999 -999999 -999999 -999999 -999999 -999999 -999999 -999999 -999999 -999999 -999999 -999999 -999999 
	2533   1916 -999999 -999999 -999999 -999999 -999999 -999999 -999999 -999999 -999999 -999999 -999999 -999999 -999999 -999999 -999999 -999999 -999999 -999999 -999999 
	2533   1917 -999999 -999999 -999999 -999999 -999999 -999999 -999999 -999999 -999999 -999999 -999999 -999999 -999999 -999999 -999999 -999999 -999999 -999999 -999999 
	2533   1918 -999999 -999999 -999999 -999999 -999999 -999999 -999999 -999999 -999999 -999999 -999999 -999999 -999999 -999999 -999999 -999999 -999999 -999999 -999999 
	2533   1919 -999999 -999999 -999999 -999999 -999999 -999999 -999999 -999999 -999999 -999999 -999999 -999999 -999999 -999999 -999999 -999999 -999999 -999999 -999999 
	2533   1920 -999999 -999999 -999999 -999999 -999999 -999999 -999999 -999999 -999999 -999999 -999999 -999999 -999999 -999999 -999999 -999999 -999999 -999999 -999999 
	2533   1921 -999999 -999999 -999999 -999999 -999999 -999999 -999999 -999999 -999999 -999999 -999999 -999999 -999999 -999999 -999999 -999999 -999999 -999999 -999999 
	2533   1922 -999999 -999999 -999999 -999999 -999999 -999999 -999999 -999999 -999999 -999999 -999999 -999999 -999999 -999999 -999999 -999999 -999999 -999999 -999999 
	2533   1923 -999999 -999999 -999999 -999999 -999999 -999999 -999999 -999999 -999999 -999999 -999999 -999999 -999999 -999999 -999999 -999999 -999999 -999999 -999999 
	2533   1924 -999999 -999999 -999999 -999999 -999999 -999999 -999999 -999999 -999999 -999999 -999999 -999999 -999999 -999999 -999999 -999999 -999999 -999999 -999999 
	2533   1925 -999999 -999999 -999999 -999999 -999999 -999999 -999999 -999999 -999999 -999999 -999999 -999999 -999999 -999999 -999999 -999999 -999999 -999999 -999999 
	2533   1926 -999999 -999999 -999999 -999999 -999999 -999999 -999999 -999999 -999999 -999999 -999999 -999999 -999999 -999999 -999999 -999999 -999999 -999999 -999999 
	2533   1927 -999999 -999999 -999999 -999999 -999999 -999999 -999999 -999999 -999999 -999999 -999999 -999999 -999999 -999999 -999999 -999999 -999999 -999999 -999999 
	2533   1928 -999999 -999999 -999999 -999999 -999999 -999999 -999999 -999999 -999999 -999999 -999999 -999999 -999999 -999999 -999999 -999999 -999999 -999999 -999999 
	2533   1929 -999999 -999999 -999999 -999999 -999999 -999999 -999999 -999999 -999999 -999999 -999999 -999999 -999999 -999999 -999999 -999999 -999999 -999999 -999999 
	2533   1930 2100    -999999 1200    -999999 1400    1100    600     600     1200    1200    700     400     1100    400     700     300     600     300     700     
	2533   1931 1300    1000    1300    600     1200    1300    1200    600     600     1000    500     700     1100    300     600     800     1200    1100    400     
	2533   1932 2100    1800    1300    1800    1500    1300    1300    1800    1200    1500    400     700     1300    500     800     400     300     1300    2100    
	2533   1933 2200    2000    1200    2000    1300    1100    1000    2000    1000    1300    1200    900     900     1100    900     1000    500     500     1900    
	2533   1934 1900    1900    1800    1900    1700    1500    900     700     1900    900     700     1700    1300    1300    900     800     400     700     400     
	2533   1935 1400    1100    1400    500     1400    1200    900     500     400     1100    400     1400    600     1200    800     700     900     800     700     
	2533   1936 2000    2000    1300    1300    2000    1000    1500    500     1300    2000    700     700     600     300     1000    700     1200    1100    900     
	2533   1937 1700    700     1700    600     1100    1700    1200    500     400     400     300     1100    1400    600     1100    700     1200    800     700     
	2533   1938 1700    1400    1700    900     1400    1700    1300    300     900     1400    900     1200    1700    700     600     1300    700     1300    1100    
	2533   1939 2500    1200    2500    1200    1500    1000    600     400     800     600     500     1500    1000    800     900     600     500     500     1500    
	2533   1940 1700    700     1700    700     1700    1100    1300    700     300     400     500     1700    1100    300     600     700     1300    400     600     
	2533   1941 1500    1200    1500    1100    1200    1300    1500    1100    700     1200    1000    1200    900     1000    400     1500    800     900     300     
	2533   1942 2100    1300    2100    1300    2100    1100    800     1300    500     1100    2100    600     1100    400     800     500     700     800     900     
	2533   1943 1700    1700    1500    1200    1300    1500    1400    700     1200    1300    600     1100    900     900     700     800     1400    600     1400    
	2533   1944 2500    1100    2500    900     1300    2500    700     400     900     1100    1000    600     700     800     2500    600     700     200     800     
	2533   1945 -999999 -999999 1200    -999999 -999999 1000    1300    -999999 -999999 -999999 700     1200    900     1000    800     500     1300    1300    800     
	2533   1946 1500    1500    1100    1500    1200    900     1400    1500    300     1200    1000    1100    400     900     400     500     1400    900     1200    
	2533   1947 3100    600     3100    600     1000    2400    900     500     500     400     1000    700     700     600     2400    700     800     300     500     
	2533   1948 2100    2100    1200    700     1400    1000    1200    500     700     1400    800     1200    1000    500     600     900     900     1200    1000    
	2533   1949 2000    1300    2000    900     1600    2000    1600    900     800     1300    500     500     1600    1300    1200    800     900     400     800     
	2533   1950 1200    1200    1100    1200    1100    800     1100    1200    500     800     700     1100    700     800     500     400     1100    500     900     
	2533   1951 2200    900     700     900     700     700     2200    500     600     600     700     500     300     700     700     500     2000    200     1300    
	2533   1952 1400    900     1400    900     1400    1000    1000    400     900     700     1000    1400    500     900     1000    400     400     1000    700     
	2533   1953 1600    1600    1400    600     1400    800     1100    600     600     1400    1400    800     500     300     800     700     900     1100    900     
	2533   1954 1600    1600    1400    1600    1400    600     600     1000    600     1400    1100    1400    600     500     500     500     500     500     500     
	2533   1955 1500    900     1500    900     1500    1000    900     800     400     900     1500    400     900     900     1000    900     700     600     300     
	2533   1956 1400    1200    1200    800     1400    900     1200    500     800     1200    700     800     400     400     900     1200    800     800     300     
	2533   1957 1400    1100    1300    1100    1400    700     800     1100    300     700     1200    800     600     600     500     300     800     600     600     
	2533   1958 2300    1200    1500    600     1200    900     1600    500     200     1200    600     400     900     800     600     900     800     1600    700     
	2533   1959 3800    2800    3800    2800    900     1800    2000    800     2000    400     900     800     1000    1400    1800    2000    900     1300    800     
	2533   1960 1300    900     1300    600     1300    900     800     300     500     900     600     1100    900     300     400     800     300     300     800     
	2533   1961 1600    1500    1600    1100    1500    800     1600    800     1100    1500    500     900     700     700     800     1600    800     800     1300    
	2533   1962 2700    1100    1700    1100    1100    1400    2700    400     1100    1100    700     400     1400    500     600     400     2500    400     700     
	2533   1963 1700    1600    1300    1000    900     900     1100    1000    800     800     500     900     400     900     300     1100    800     600     1200    
	2533   1964 2400    2400    1600    1300    1400    1200    1000    1300    1200    1200    800     1400    600     800     1200    700     800     900     700     
	2533   1965 1400    1400    1100    1300    900     1100    1400    300     1300    500     400     700     800     300     400     800     1400    500     200     
	2533   1966 1500    900     1500    900     800     700     1500    900     500     800     600     700     400     400     700     1500    600     500     300     
	2533   1967 1400    900     1400    900     700     1200    900     800     900     700     700     300     400     500     1200    700     600     900     400     
	2533   1968 2400    1000    2400    700     2400    800     1100    300     700     600     2400    500     600     700     800     600     900     1100    1300    
	2533   1969 2300    1300    1000    800     1000    1000    2300    800     400     1000    800     700     600     700     1000    800     2200    300     800     
	2533   1970 1200    1300    1200    600     600     1200    1200    600     200     500     400     600     1200    400     700     1200    1200    900     1100    
	2533   1971 2300    1200    2300    1200    1500    2300    2200    1200    600     600     1400    1200    600     2200    500     2200    1200    400     800     
	2533   1972 2200    1900    1700    1700    1500    1100    2200    600     1700    1500    600     400     400     700     1100    800     1900    700     1800    
	2533   1973 2500    1100    1800    1100    1000    1200    1700    700     500     1000    400     500     700     1000    1100    1700    900     500     400     
	2533   1974 3300    1100    2200    900     3300    1300    500     600     900     1100    2200    700     900     600     1300    500     200     500     400     
	2533   1975 1800    1400    1600    1400    1500    900     1400    1400    1000    400     900     1500    500     600     900     700     1400    700     1800    
	2533   1976 2400    2400    2100    1600    1600    2100    800     400     1600    800     1600    600     1800    1100    1400    500     800     700     400     
	2533   1977 1500    900     1500    600     1100    1100    1000    400     300     600     600     1100    400     1100    600     1000    1000    500     1100    
	2533   1978 1300    1000    1000    1000    1000    1000    1300    1000    900     500     900     700     700     1000    1000    1000    1300    1100    400     
	2533   1979 1700    700     1700    600     500     1200    1700    600     500     300     500     500     900     800     500     1700    1000    300     400     
	2533   1980 1400    1100    1100    1000    1100    700     1400    1000    600     700     800     1100    500     400     700     1000    400     1100    200     
	2533   1981 1700    700     1700    700     1300    1000    900     600     700     500     1300    400     400     500     1000    800     200     500     300     
	2533   1982 1600    1100    1600    1100    1600    1000    1300    1000    1100    800     1600    500     200     1000    500     1100    600     800     400     
	2533   1983 1800    1300    1300    1200    1300    1300    1800    400     1200    1300    600     200     1000    900     1300    600     1000    1800    700     
	2533   1984 1900    1600    1900    1500    1600    1900    1900    200     1500    1600    1400    400     700     800     1900    300     600     1400    800     
	2533   1985 2200    1900    1200    1900    1100    800     2200    600     1900    700     1100    900     300     800     600     800     2200    400     500     
	2533   1986 2200    2200    1300    1900    1300    1200    1900    400     1900    1300    400     500     700     1200    300     1300    1000    900     800     
	2533   1987 1500    1300    1500    900     1300    1500    1200    700     500     1300    700     700     200     1500    700     700     400     900     800     
	2533   1988 1600    1200    1600    1100    1200    1600    1200    1100    500     200     1100    600     1500    400     1600    500     800     800     400     
	2533   1989 2100    1700    2100    1700    1900    1200    1000    1400    600     700     400     1900    1100    1200    700     1000    700     1000    1100    
	2533   1990 2200    1400    1900    1400    1500    1900    1500    1400    900     1200    600     1500    800     1900    1200    600     1500    800     700     
	2533   1991 3700    1400    3700    1400    1500    2300    1400    1000    500     1200    900     1500    300     1100    2300    1400    900     1000    1500    
	2533   1992 1400    1400    1200    1400    1200    1000    1100    1200    600     400     1100    1200    1000    700     500     1100    600     400     900     
	2533   1993 1800    1700    1800    900     1700    1800    1300    500     900     1700    800     700     1400    500     700     400     800     800     200     
	2533   1994 2300    900     2300    900     1100    2300    1900    600     900     400     1100    500     2000    1300    400     600     1900    500     500     
	2533   1995 1500    1200    1500    400     1500    1500    1100    400     300     500     800     1500    1300    1200    1200    600     1100    700     1000    
	2533   1996 1600    1600    1200    1500    1600    1200    1500    1500    500     1600    1200    400     1100    1200    600     900     1500    500     900     
	2533   1997 2300    1500    1900    1500    1900    1800    2300    1300    300     1000    1900    900     600     700     1800    1800    1700    700     600     
	2533   1998 1900    900     1900    900     1700    1900    800     900     800     500     300     1700    500     700     1900    800     300     700     500     
	2533   1999 1300    900     1300    600     1300    1200    1100    600     400     900     1000    1000    600     900     500     800     1100    400     400     
	2533   2000 1100    900     1100    900     600     1100    800     900     300     500     600     400     1100    500     600     800     700     600     700     
	2533   2001 1400    1000    1400    1000    1400    1200    1400    1000    300     300     400     1400    1200    1100    800     300     1400    800     1200    
	2533   2002 2200    1500    1300    1500    2200    700     1100    1400    400     900     1300    400     700     500     600     1100    600     500     1000    
	2533   2003 2000    2000    1800    2000    2000    1800    900     600     2000    2000    1000    500     700     1600    1700    900     900     900     500     
	2533   2004 1400    900     1400    500     1200    1400    900     400     500     900     1000    1200    500     500     900     900     900     300     1400    
	2533   2005 1600    900     1300    700     900     1200    1600    500     700     900     500     500     1100    1200    600     700     1600    1200    500     
	2533   2006 1400    1200    1400    900     1200    1300    1400    800     500     1200    700     600     1200    1300    400     1400    700     700     1000    
	2533   2007 3600    1000    3500    1000    3600    800     700     400     600     700     3000    500     600     300     800     600     700     400     1800    
	2533   2008 1700    1700    1200    1700    1200    700     900     500     1700    500     700     1200    400     400     700     900     600     600     900     
	2533   2009 1200    1200    1100    1200    1000    900     900     1200    500     800     800     700     500     400     900     900     700     300     700     
	2533   2010 1600    800     1600    600     1600    1300    1300    600     300     800     1600    700     1100    600     400     500     1300    700     500     
	2533   2011 3800    1300    1500    800     1500    700     3800    500     800     1200    1400    1300    500     700     400     1200    1200    2600    500     
	2533   2012 1800    1300    1000    1300    1800    700     900     500     1200    1300    500     1000    400     700     700     900     800     700     300     
	2533   2013 1800    900     1800    600     1100    1800    1400    600     600     700     800     600     1200    1800    900     1200    400     400     500     
	2533   2014 1600    1400    1600    400     1300    1600    1600    400     400     1300    800     600     1600    700     300     1600    300     600     600     
	2533   2015 1900    1000    1900    1000    1900    1000    1100    700     1000    600     1900    400     700     400     500     700     600     600     400     
	2533   2016 1700    1700    1100    600     1700    900     1100    500     600     1700    500     700     300     900     800     1100    700     900     1000    
	2533   2017 2400    1100    1300    800     2400    900     1000    800     800     1100    1300    800     800     400     900     1000    900     300     300     
	2533   2018 4000    1400    4000    1300    1100    4000    1500    400     1300    400     700     1100    1600    2400    600     800     1500    1200    500     
	2533   2019 2000    1700    2000    1700    2000    1600    700     400     1700    1400    2000    500     1100    600     1200    500     500     700     500     
	2533   2020 2800    1100    1700    800     2800    800     1300    800     400     1100    1700    1100    800     800     800     1300    800     700     400     
	2533   2021 1700    800     1700    700     1700    1300    1100    600     700     800     1700    500     1300    800     600     1100    300     700     400     
	2533   2022 2100    1700    2100    1000    2100    1300    1100    1000    400     1400    1000    1500    1000    1300    1000    500     1100    900     1200    
	2533   2023 3500    1100    3500    1100    1600    1900    900     600     1100    800     400     1600    1900    400     800     900     700     300     500     
	2533   2024 1900    1200    1000    700     900     900     1900    700     300     900     600     800     500     500     900     1000    1000    900     700     
	2533   2025 2600    1200    2600    1200    2000    2600    800     1200    900     1100    1200    2000    1000    1200    2600    600     500     700     2000    
	2533   2026 -999999 1300    -999999 1200    -999999 -999999 -999999 1200    500     800     1000    -999999 -999999 -999999 -999999 -999999 -999999 -999999 -999999 
	