EUROPEAN CLIMATE ASSESSMENT & DATASET (ECA&D), file created on: 17-05-2026
THESE DATA CAN BE USED FOR NON-COMMERCIAL RESEARCH AND EDUCATION PROVIDED THAT THE FOLLOWING SOURCE IS ACKNOWLEDGED: 

Klein Tank, A.M.G. and Coauthors, 2002. Daily dataset of 20th-century surface
air temperature and precipitation series for the European Climate Assessment.
Int. J. of Climatol., 22, 1441-1453.
Data and metadata available at http://www.ecad.eu

FILE FORMAT (MISSING VALUE CODE = -999999):

THIS FILE HOLDS DATA FOR STATION NETHERLANDS                              BRESKENS                                 (STAID:   2377)
LATITUDE: dd:mm:ss +51:24:00
LONGITUDE: ddd:mm:ss +003:33:00
ELEVATION: m    1

DATA IS FOR INDEX Maximum no of consecutive dry days (RR < 1 mm) (CDD) with unit 0.01 No of days

01-06 SOUID: Source identifier
08-11 YEAR : YYYY
13-20 ANNUAL DATA VALUES
21-28 WINTER HALF YEAR DATA VALUES
29-36 SUMMER HALF YEAR DATA VALUES
37-44 WINTER (DJF) DATA VALUES
45-52 SPRING (MAM) DATA VALUES
53-60 SUMMER (JJA) DATA VALUES
61-68 AUTUMN (SON) DATA VALUES
69-76 JANUARY DATA VALUES
etc. 
157-164 DECEMBER DATA VALUES

2377   1854 -999999 -999999 -999999 -999999 -999999 -999999 -999999 -999999 -999999 -999999 -999999 -999999 -999999 -999999 -999999 -999999 -999999 -999999 -999999 
	2377   1855 2300    -999999 2300    -999999 2300    1400    2100    1600    1700    900     1700    1400    1200    600     1000    1300    400     2100    700     
	2377   1856 4200    1900    1600    1600    1400    1600    4200    700     1600    1400    1100    600     1000    800     800     1400    2400    1800    1200    
	2377   1857 12700   7500    5200    4400    8300    4700    8200    1600    2800    3100    3000    2200    1900    1600    3100    2900    3100    2200    3100    
	2377   1858 4500    2900    2100    2900    2100    2000    2200    700     2800    1400    2100    600     1300    700     1600    1100    700     2200    1300    
	2377   1859 2300    1600    2300    1600    1200    2300    1000    1000    1600    700     500     1200    600     2100    900     300     600     1000    500     
	2377   1860 2500    600     1400    500     900     1400    2500    400     500     300     600     600     200     1400    400     800     1200    1300    400     
	2377   1861 3600    1600    1600    1600    1600    1400    3600    1300    1000    600     1600    800     1000    400     1400    400     3100    400     1300    
	2377   1862 2600    2600    1400    2400    1400    900     1300    1100    2400    400     800     1000    400     800     900     1300    600     900     700     
	2377   1863 2300    1400    2300    1400    1800    2300    1400    900     1400    1000    800     1400    600     1700    1100    800     1200    1400    600     
	2377   1864 1900    1700    1400    1700    1400    1100    1600    1600    900     1200    1400    1000    800     1100    900     600     1000    700     1900    
	2377   1865 2700    1400    2600    1400    1600    2600    2700    600     800     1200    1300    800     2600    700     400     1900    800     600     1400    
	2377   1866 2000    1100    1400    1100    1400    1100    2000    800     500     500     1400    1200    800     1100    600     700     1300    400     1000    
	2377   1867 1100    1100    1100    800     1000    1100    700     400     800     800     300     1000    800     800     1100    600     700     600     900     
	2377   1868 2400    600     2400    600     1400    2400    1800    400     600     400     600     800     1600    2400    500     1800    800     700     400     
	2377   1869 2200    1000    2200    1000    800     2200    1000    1000    800     500     600     500     1000    1200    1400    1000    700     300     400     
	2377   1870 1900    1200    1600    1200    1600    1200    1900    800     1200    600     1600    900     900     1200    700     1300    600     400     1200    
	2377   1871 2600    1600    1500    1600    2600    1200    2000    1000    1600    1600    1000    1500    700     700     1200    1100    1300    1100    800     
	2377   1872 1500    1100    1500    1100    1300    1500    900     500     700     900     800     1300    800     1100    1500    800     900     400     900     
	2377   1873 2600    1800    1700    1800    1600    1700    2200    900     1000    1600    800     1400    1700    1300    700     1500    600     1600    2600    
	2377   1874 2200    1400    2200    1400    2200    1100    1200    1200    600     800     1900    800     700     1100    1000    900     1200    1000    1100    
	2377   1875 2100    2100    2000    1200    2100    1500    1100    900     1200    2100    1600    1200    800     1100    800     800     800     1000    900     
	2377   1876 2300    1300    2300    1300    2300    1600    1600    1300    1100    700     900     2300    1300    1400    1600    500     1600    500     800     
	2377   1877 1200    700     1200    400     1200    1100    700     400     300     400     1200    800     1000    500     400     600     600     700     500     
	2377   1878 1400    800     1400    800     1200    1400    1100    300     800     400     1200    500     900     1400    300     600     1100    700     400     
	2377   1879 1900    1200    1000    900     1200    800     1100    900     600     1200    600     500     300     800     500     700     1100    700     1900    
	2377   1880 3500    3500    2000    3500    2600    1700    900     2900    600     2600    600     2000    500     700     1700    800     500     500     600     
	2377   1881 1200    1000    1100    800     1200    1000    1100    800     800     1000    1000    1100    1000    900     600     500     500     1100    1000    
	2377   1882 1600    1600    1200    1600    1500    700     600     1600    1200    1500    1200    700     400     400     500     600     300     200     700     
	2377   1883 2200    1200    1800    900     2200    900     1100    900     700     700     1800    1100    600     300     900     800     800     300     1100    
	2377   1884 1700    1000    1700    1000    1600    1600    1100    700     1000    900     1600    1200    1600    500     1100    1100    1000    900     700     
	2377   1885 1800    1800    1300    1800    1200    1300    900     1600    600     800     1200    600     700     1200    1000    300     300     900     900     
	2377   1886 1800    1600    1800    1600    1600    1800    1700    500     1600    1600    700     1000    800     1000    1200    1700    1000    700     400     
	2377   1887 3400    1800    3400    1800    1100    3400    800     1200    1800    1100    700     900     2700    1100    1200    700     700     800     300     
	2377   1888 1900    1400    1900    1400    1500    900     1400    1400    600     300     400     1500    400     200     900     800     1400    600     1500    
	2377   1889 2600    2200    2600    2200    1000    2600    2000    2000    900     800     1000    600     2000    600     500     1700    500     2000    800     
	2377   1890 2700    2700    1400    2700    1200    1200    1400    800     2600    600     600     1200    800     1200    600     1400    700     600     2900    
	2377   1891 3300    3100    1200    2900    1100    1200    1300    800     2800    700     1100    500     1200    500     400     600     500     800     1100    
	2377   1892 1800    1300    1500    1100    1800    900     1000    700     1000    500     1500    1100    600     900     600     500     700     1000    1700    
	2377   1893 3000    1600    3000    1200    3000    1800    900     1200    500     1500    1400    1600    1800    300     1300    600     800     900     900     
	2377   1894 2600    1500    1900    900     2600    1100    1600    900     900     1500    1100    800     1000    300     400     1600    400     1000    1300    
	2377   1895 2200    2200    2000    2200    1100    1200    2100    600     2200    900     1000    1100    1200    600     800     2000    400     600     800     
	2377   1896 1500    1500    1400    1500    1400    1200    1100    1000    1500    600     700     1400    600     1200    500     300     400     1100    900     
	2377   1897 2600    800     1500    800     900     1500    2600    700     600     400     800     900     600     1100    400     800     2000    800     1100    
	2377   1898 3000    1300    2500    900     3000    1800    1700    900     600     1300    2500    800     1300    1800    800     1700    1000    700     600     
	2377   1899 2300    2200    2300    1400    900     1900    1500    800     1400    900     400     600     1700    900     1900    300     1300    1500    1500    
	2377   1900 1500    1100    1500    1100    1100    1000    1500    500     1000    800     1100    900     700     1000    800     1500    400     500     400     
	2377   1901 1600    1600    1400    1600    1400    1100    1100    1600    500     800     1000    1400    1100    1000    900     700     800     900     700     
	2377   1902 1300    1100    1300    1100    700     900     1300    1100    1100    700     700     600     800     900     300     1300    500     1100    1200    
	2377   1903 2600    1200    2600    1200    1400    2600    1000    700     1200    900     800     1400    1100    1500    600     1000    400     800     2200    
	2377   1904 2800    1400    2000    1400    1100    2000    1900    900     700     1100    900     800     900     2000    500     800     1400    1000    1300    
	2377   1905 1200    900     1200    900     1200    1100    1200    800     500     900     1200    1000    600     800     1100    1200    400     900     1000    
	2377   1906 2600    500     2600    500     1900    2600    800     400     400     500     1700    500     2600    1100    900     800     400     500     800     
	2377   1907 1700    1200    1700    1000    1400    1500    1700    1000    500     1200    800     1100    500     1100    1400    1700    400     1100    1200    
	2377   1908 1800    1700    1800    1700    1500    1800    1700    900     1100    700     1500    700     900     1400    500     700     900     1000    1300    
	2377   1909 1800    1400    1300    1400    1200    1300    900     1400    1200    800     1000    1200    500     600     1300    700     500     900     600     
	2377   1910 1500    1200    900     1100    1500    900     900     800     400     1200    400     900     900     700     700     600     900     400     400     
	2377   1911 2900    2500    2900    2500    1600    2900    1200    1900    600     500     1600    1500    800     2900    1400    1200    700     600     400     
	2377   1912 1700    700     1700    700     1000    900     1700    700     500     700     1000    800     500     900     400     1700    1000    600     700     
	2377   1913 2600    1900    2600    1900    1000    1800    900     900     1900    300     500     1000    600     900     1800    800     900     900     1000    
	2377   1914 2100    1500    1500    1500    1300    1500    2100    1500    1000    600     1300    1000    800     600     1500    900     1200    600     400     
	2377   1915 2000    1200    2000    900     1800    1600    2000    900     400     1200    900     1300    1600    500     700     1800    2000    400     200     
	2377   1916 2800    700     2800    600     900     2800    1400    300     300     500     800     700     800     1400    1400    1100    700     900     300     
	2377   1917 3200    3200    1900    3200    1800    1100    1200    1300    1900    500     1100    1300    600     1000    1100    1100    600     700     1400    
	2377   1918 1700    1700    1500    1100    1700    1200    1300    700     600     1700    700     1000    700     700     1100    200     900     700     700     
	2377   1919 2600    900     2600    900     1400    2600    1800    600     800     800     1000    1400    1800    1000    1900    1800    900     300     600     
	2377   1920 3800    1700    900     1000    1700    800     3800    500     1000    1700    400     400     800     500     700     900     2500    1500    700     
	2377   1921 3800    1700    3800    1500    1400    3800    3100    500     1500    700     1200    1300    1000    2800    900     1200    1900    2000    700     
	2377   1922 2600    1400    2600    1000    2600    800     2200    300     1000    1400    800     2600    800     400     800     700     2200    600     500     
	2377   1923 1900    1700    1900    600     1700    1900    900     600     400     1700    800     800     700     1400    1400    900     300     500     500     
	2377   1924 1800    1800    1200    800     1800    1200    1000    800     800     1800    700     400     1000    1000    300     600     1000    1000    1000    
	2377   1925 2100    1000    2100    1000    700     2000    1400    1000    600     700     500     600     2000    700     800     300     1100    1300    1100    
	2377   1926 2100    2100    1500    800     2100    1200    1300    500     800     2100    1000    800     800     1200    600     1300    700     400     700     
	2377   1927 1700    1000    1700    1000    1700    600     1000    500     1000    800     900     1100    500     600     600     400     1000    600     1600    
	2377   1928 3100    3100    1700    1400    1700    1700    1100    300     1400    1700    400     800     600     1700    1400    1100    500     700     600     
	2377   1929 3900    3900    1900    1800    2100    1900    800     1300    1800    2100    1000    1600    800     1900    900     800     600     600     300     
	2377   1930 2200    2200    1600    1200    1500    1500    700     900     1200    1300    800     800     1500    600     900     400     700     300     600     
	2377   1931 1500    1000    1500    400     1200    1500    1200    400     100     1000    900     1000    1100    400     700     800     1200    600     800     
	2377   1932 2700    2700    2600    2700    1600    2600    900     2000    1400    1600    300     900     2600    500     700     700     300     900     1600    
	2377   1933 3200    1600    2000    1600    1800    1500    1200    1300    1200    1200    1700    1000    800     800     1000    1200    800     800     2600    
	2377   1934 2200    2200    1500    2200    1600    1500    1800    600     2200    1100    500     700     1300    1200    700     600     600     1800    400     
	2377   1935 2300    2100    2300    700     2100    2300    900     700     400     2100    500     1300    500     1900    1100    900     500     300     600     
	2377   1936 1700    1700    1500    1000    1700    1100    1100    600     1000    1700    700     1000    700     600     1100    1100    500     900     900     
	2377   1937 2000    500     2000    500     1200    2000    1000    500     200     400     600     1200    800     800     1200    600     1000    600     400     
	2377   1938 2400    2400    1900    1200    2400    1900    1100    300     1200    2400    1500    1500    1900    1000    1000    900     800     1100    500     
	2377   1939 2500    1200    2500    1200    1500    1000    900     600     600     400     600     1500    1000    600     900     900     300     500     1400    
	2377   1940 2400    700     2400    700     2400    1100    700     700     700     500     600     2400    1100    700     600     700     700     500     500     
	2377   1941 2100    1400    2100    1200    2100    1500    1500    1100    500     1400    1100    2100    1500    1000    300     1500    800     500     700     
	2377   1942 2100    1800    2100    1500    2100    1800    800     1100    1500    1200    2100    800     1400    400     500     800     500     800     600     
	2377   1943 3700    3700    1500    1200    2500    1500    1600    500     1200    2500    1000    1300    1000    900     1100    700     1600    500     800     
	2377   1944 2000    2000    2000    1800    1300    2000    800     500     1800    1000    1000    1100    900     900     1800    600     800     400     1000    
	2377   1945 2500    2000    2300    1500    2300    900     2500    700     1500    2000    2300    1100    900     800     700     1300    2200    1400    400     
	2377   1946 1500    1500    1300    800     1500    900     1100    800     400     1500    1100    1100    300     900     500     700     1100    600     1400    
	2377   1947 3000    1800    3000    1800    1200    2600    1500    1700    1800    300     1200    1000    700     600     2600    800     900     500     700     
	2377   1948 3000    3000    1500    1600    1400    1500    1200    400     1600    1400    1200    1400    800     1400    900     800     1200    1200    1000    
	2377   1949 2900    1500    2900    1300    1600    2900    1400    900     600     1500    800     600     1700    1400    800     600     800     500     600     
	2377   1950 1700    1300    1700    1300    1100    1300    1000    1300    500     800     500     1100    1300    400     600     300     1000    300     1200    
	2377   1951 2400    1200    1600    700     1300    1100    2400    700     300     1000    1300    500     1100    900     600     700     2000    300     900     
	2377   1952 1400    1100    1400    1100    1400    1100    800     500     1100    700     1400    1300    800     1000    1100    800     500     300     600     
	2377   1953 3600    3600    1400    1200    2500    1400    2600    1200    1100    2500    800     1300    800     1000    1400    900     1500    2600    800     
	2377   1954 2600    1700    2600    1700    2600    700     900     1000    700     1000    2600    1700    600     600     400     300     900     600     700     
	2377   1955 1900    1800    1900    1400    1900    1300    1000    1000    1400    1200    1900    800     800     1300    1100    1000    800     600     700     
	2377   1956 2800    2500    2500    800     2800    800     1400    500     800     2500    1700    1300    800     700     500     1400    900     1100    1000    
	2377   1957 1400    1200    1300    1200    900     1300    1100    1200    400     500     500     800     1300    500     400     400     800     1100    600     
	2377   1958 1900    1500    1200    600     1500    1200    1900    500     200     1500    500     900     800     1200    500     1100    800     1900    600     
	2377   1959 2400    2100    2400    2100    2400    1500    2000    600     2000    300     800     2400    1200    1500    1500    2000    900     800     900     
	2377   1960 1700    1400    1700    700     1700    1300    600     400     700     1400    1700    1100    1300    400     800     600     200     300     500     
	2377   1961 1800    1800    1300    1100    1800    800     1300    900     1100    1800    300     800     700     800     700     1300    900     1200    700     
	2377   1962 2900    1400    2900    1300    1700    2500    2200    600     1300    1000    1200    500     2500    700     300     800     2200    400     700     
	2377   1963 2300    1800    1500    1400    800     800     1600    1200    1100    800     800     800     700     600     300     1400    1100    800     1500    
	2377   1964 2700    1600    2700    1300    2700    1600    1000    1300    500     1200    800     2700    800     1000    1200    500     700     900     800     
	2377   1965 1400    1400    1100    1000    1300    1100    1200    300     1000    1300    700     600     800     300     800     1100    1200    600     300     
	2377   1966 1600    1000    1500    1000    1100    1400    1600    1000    600     600     600     1100    500     200     1400    1500    800     300     300     
	2377   1967 1600    1000    1600    1000    800     1600    1100    1000    800     800     800     300     1600    700     1200    500     700     1100    500     
	2377   1968 1700    1300    1700    800     1700    800     1500    400     800     500     1700    900     700     700     800     600     1100    1500    1000    
	2377   1969 2900    1100    2900    1000    1100    1200    2800    1000    600     1100    1100    400     1000    1200    600     2800    2100    300     600     
	2377   1970 2800    1300    2800    600     900     2200    1300    500     600     500     400     900     2200    500     1100    1300    1200    500     1200    
	2377   1971 2300    900     2300    900     1100    2300    2200    800     900     500     900     700     900     2100    500     2200    1000    400     900     
	2377   1972 2100    1400    1900    900     1400    1200    2100    800     900     1400    1000    400     500     900     1200    800     1800    600     1500    
	2377   1973 2900    2400    1700    1700    2400    1700    1500    1400    700     2400    700     400     1700    500     1200    1500    900     900     500     
	2377   1974 2200    1100    1200    600     2200    1100    800     400     600     1100    1200    900     800     700     1100    800     200     400     600     
	2377   1975 1800    1100    1600    1100    1400    1100    1800    800     1100    300     1100    1400    1100    500     700     900     1800    700     1000    
	2377   1976 2500    1300    2500    1300    1800    2500    700     700     1000    1100    1600    800     1700    1300    2500    400     700     500     400     
	2377   1977 1300    900     1300    600     1100    800     1100    500     600     600     700     1100    800     800     600     700     1100    500     600     
	2377   1978 1700    700     1700    700     1700    1200    1500    700     600     500     900     1700    700     1000    1200    1100    1500    900     700     
	2377   1979 1400    700     1400    700     500     1200    1400    700     700     500     500     500     500     700     500     1400    1100    700     400     
	2377   1980 1600    1200    1600    1200    1600    800     1000    1200    800     1100    1000    1600    800     800     700     700     300     500     700     
	2377   1981 1800    700     1800    700     1000    1100    700     400     700     500     1000    700     800     600     1100    700     200     200     500     
	2377   1982 1600    1300    1600    1300    1600    1200    1300    1000    1300    900     1600    900     900     1200    500     1300    600     700     1000    
	2377   1983 1700    1600    1700    1600    1300    1700    1700    400     1600    1300    400     400     1700    1600    1300    600     1000    1400    600     
	2377   1984 2100    1300    2100    1100    2100    1900    900     500     1100    1300    1900    700     700     800     1900    400     700     900     600     
	2377   1985 2000    2000    1900    2000    1200    1900    1900    700     2000    500     1100    1200    300     1700    500     900     1900    500     300     
	2377   1986 2500    2500    1500    2500    1000    1100    2500    400     2500    1000    600     700     1100    1000    600     1500    1000    500     400     
	2377   1987 1700    1400    1300    1400    1300    1300    1100    1300    700     1300    900     700     200     1300    700     400     1100    900     1400    
	2377   1988 2400    1100    2400    1100    1600    2400    600     200     1100    300     1400    700     2400    300     900     600     500     600     700     
	2377   1989 2200    2200    1900    2200    1900    1800    1200    1000    1200    800     500     1900    1800    1300    900     900     400     1200    1000    
	2377   1990 2700    900     2700    700     2000    2700    900     500     600     900     900     2000    900     2200    900     600     900     500     700     
	2377   1991 2300    1900    2300    1900    1600    1700    1400    1000    1100    1100    600     1600    300     700     1000    1400    700     800     1500    
	2377   1992 1400    1400    1300    1400    1300    1300    800     1200    1300    500     1000    1300    1200    700     600     800     500     600     1200    
	2377   1993 2200    2200    1800    2200    1600    1800    1500    500     1900    1600    800     700     1400    400     800     300     1000    1400    300     
	2377   1994 2400    1100    2400    1100    1100    2400    1600    500     1100    400     800     700     2200    1700    800     600     1600    800     400     
	2377   1995 2700    1300    2700    400     1200    2700    1200    200     300     600     800     1100    1300    1200    2300    500     1200    700     1600    
	2377   1996 2900    2900    1300    2900    1600    1300    800     2100    800     1600    1200    1000    1200    1200    700     800     400     300     1400    
	2377   1997 2200    1800    1900    1800    1200    1900    2200    1700    400     1200    1000    1100    400     1300    1900    1700    900     500     700     
	2377   1998 1700    1400    1700    1300    1700    1600    900     900     1300    1400    300     1700    300     900     1600    900     300     600     300     
	2377   1999 1500    900     1500    700     1000    1100    1000    300     400     900     400     1000    900     900     1100    700     1000    500     200     
	2377   2000 1700    1400    1700    1400    1400    1700    900     1400    400     1400    600     600     1700    800     900     900     300     300     500     
	2377   2001 1500    800     1500    800     1500    1100    700     800     800     400     300     1500    800     1000    600     300     700     600     1100    
	2377   2002 2300    1100    1300    1000    2300    700     1100    900     400     1100    1200    500     500     600     700     1100    400     600     800     
	2377   2003 2900    2100    2900    2100    2000    2900    1200    300     2100    2000    1400    700     1300    1200    2700    1000    1200    800     1000    
	2377   2004 1700    1000    1200    1000    1200    1000    900     300     400     900     1000    1200    800     600     400     900     600     600     1500    
	2377   2005 1700    1000    1700    900     1100    1700    1500    500     800     1000    700     1100    1000    1700    600     900     1500    700     800     
	2377   2006 1500    1300    1500    1200    1300    1100    1500    700     600     1300    900     700     1100    800     500     1500    1000    600     1000    
	2377   2007 3700    900     3500    900     3700    1200    1100    500     600     800     3000    500     1200    400     1000    700     1100    400     1400    
	2377   2008 1800    1800    1700    1800    1700    1100    900     700     1800    400     1700    1300    1100    500     700     800     900     800     1100    
	2377   2009 2100    1200    2100    900     1200    2100    2000    800     600     1200    900     800     1600    500     1500    1600    700     400     900     
	2377   2010 2100    1300    2100    1100    2100    1200    900     1000    1100    1300    2100    900     1100    1200    400     600     900     400     1100    
	2377   2011 2200    1800    1200    1500    1700    1100    2200    600     900     1700    1000    1100    600     500     400     1200    600     2200    500     
	2377   2012 1900    1400    1500    1100    1900    1000    700     1100    1100    1400    500     1500    400     700     1000    700     600     400     300     
	2377   2013 2200    1100    2200    900     1900    2200    1300    600     900     1100    1000    600     1100    2200    900     1100    500     300     1200    
	2377   2014 2300    1700    2300    500     1700    2300    1900    400     500     1700    900     700     2000    500     500     1900    400     600     400     
	2377   2015 2000    2000    1300    1200    2000    900     1000    400     1200    2000    1300    900     800     400     900     700     700     300     600     
	2377   2016 1500    1500    1500    700     1500    1500    1200    500     700     1500    500     800     800     1500    700     1200    1000    700     700     
	2377   2017 2400    1300    1500    1300    2400    1500    800     1300    400     1100    1300    1300    1500    400     900     800     800     300     400     
	2377   2018 2200    1000    2200    900     1100    2200    1400    400     900     500     1100    1100    1600    1600    600     700     1400    1200    800     
	2377   2019 3000    1700    3000    1700    1600    3000    1000    400     1700    1500    1600    800     1200    1800    1400    1000    500     400     500     
	2377   2020 2800    1100    2100    700     2800    1100    1300    700     400     1100    1700    1800    1000    800     1100    1300    400     800     300     
	2377   2021 1700    1700    1300    1000    1300    1200    1200    200     1000    800     1300    700     1200    1200    500     1200    500     600     1100    
	2377   2022 3400    3400    2200    1000    3000    2000    700     1000    400     3000    1800    1700    900     1800    1500    200     700     500     500     
	2377   2023 3200    1800    3200    1800    1600    1600    900     600     1800    300     700     1600    1600    600     1200    900     700     300     600     
	2377   2024 1100    1100    1100    1100    700     1100    900     1100    500     400     500     700     800     500     1100    900     600     500     700     
	2377   2025 2800    1500    2800    1200    2800    2400    1100    1200    900     1500    1300    2100    1000    700     2400    900     1000    800     1100    
	2377   2026 -999999 1100    -999999 1100    -999999 -999999 -999999 1100    300     1000    2800    -999999 -999999 -999999 -999999 -999999 -999999 -999999 -999999 
	