EUROPEAN CLIMATE ASSESSMENT & DATASET (ECA&D), file created on: 17-05-2026
THESE DATA CAN BE USED FOR NON-COMMERCIAL RESEARCH AND EDUCATION PROVIDED THAT THE FOLLOWING SOURCE IS ACKNOWLEDGED: 

Klein Tank, A.M.G. and Coauthors, 2002. Daily dataset of 20th-century surface
air temperature and precipitation series for the European Climate Assessment.
Int. J. of Climatol., 22, 1441-1453.
Data and metadata available at http://www.ecad.eu

FILE FORMAT (MISSING VALUE CODE = -999999):

THIS FILE HOLDS DATA FOR STATION NETHERLANDS                              SCHERMERHORN                             (STAID:  20599)
LATITUDE: dd:mm:ss +52:36:00
LONGITUDE: ddd:mm:ss +004:54:00
ELEVATION: m -100

DATA IS FOR INDEX Maximum no of consecutive dry days (RR < 1 mm) (CDD) with unit 0.01 No of days

01-06 SOUID: Source identifier
08-11 YEAR : YYYY
13-20 ANNUAL DATA VALUES
21-28 WINTER HALF YEAR DATA VALUES
29-36 SUMMER HALF YEAR DATA VALUES
37-44 WINTER (DJF) DATA VALUES
45-52 SPRING (MAM) DATA VALUES
53-60 SUMMER (JJA) DATA VALUES
61-68 AUTUMN (SON) DATA VALUES
69-76 JANUARY DATA VALUES
etc. 
157-164 DECEMBER DATA VALUES

20599  1937 -999999 -999999 -999999 -999999 -999999 1500    800     -999999 -999999 -999999 -999999 -999999 700     700     1000    800     700     700     1000    
	20599  1938 2300    2300    1700    1400    2300    1700    900     300     1400    2200    1400    1000    1700    1500    600     500     600     900     900     
	20599  1939 2400    1300    2400    1300    1400    2000    800     500     800     600     600     1400    1000    1300    2000    500     400     400     1800    
	20599  1940 2100    1500    2100    1500    2100    1100    900     1000    1500    800     700     2100    1100    400     700     900     800     500     600     
	20599  1941 2800    1600    2800    1600    2800    2200    1500    1100    600     1100    1100    1700    1000    1700    300     1500    700     700     500     
	20599  1942 3000    2600    3000    2600    3000    1200    1000    2400    1800    1200    2000    1000    1200    500     600     1000    400     800     800     
	20599  1943 3200    3200    2000    1300    1900    2000    1100    900     1300    1900    1500    1300    900     1800    600     500     900     500     1500    
	20599  1944 1900    1200    1900    1000    1200    1900    700     500     1000    1100    900     700     1000    1300    1800    600     700     300     1100    
	20599  1945 1500    1000    1500    800     1500    900     1400    800     400     1000    800     1500    900     800     400     1000    1100    1400    600     
	20599  1946 2100    1700    1700    1500    1700    1500    2100    1500    700     1700    1700    1500    400     1300    300     700     2100    300     1300    
	20599  1947 3600    3600    3100    3600    1000    2500    1000    1000    2600    500     1000    1000    800     1300    2500    800     900     500     800     
	20599  1948 3000    3000    1500    1500    1500    1500    1100    300     1500    1500    800     1200    600     1500    900     900     800     800     1100    
	20599  1949 2300    1300    2300    800     1400    2300    1100    800     600     1300    900     900     2000    1300    1200    1100    800     400     500     
	20599  1950 1600    1300    1600    1300    900     1300    1000    1300    400     500     900     900     1300    500     500     200     1000    300     1500    
	20599  1951 2700    1600    1600    700     1100    1100    2700    400     600     1000    1100    700     1100    700     400     700     2000    300     600     
	20599  1952 1900    1000    1900    1000    1900    1100    600     500     1000    1000    1200    1900    900     800     1100    500     600     400     800     
	20599  1953 2200    2000    1400    1500    1700    1000    2200    1500    1100    1700    1200    800     700     500     1000    1400    1900    1100    800     
	20599  1954 1900    1700    1900    1700    1900    700     500     1100    600     1600    1600    1400    500     500     700     300     500     500     600     
	20599  1955 -999999 1700    2700    1100    2000    2300    -999999 900     1100    800     2000    1000    600     1300    2300    800     -999999 -999999 -999999 
	