EUROPEAN CLIMATE ASSESSMENT & DATASET (ECA&D), file created on: 17-05-2026
THESE DATA CAN BE USED FOR NON-COMMERCIAL RESEARCH AND EDUCATION PROVIDED THAT THE FOLLOWING SOURCE IS ACKNOWLEDGED: 

Klein Tank, A.M.G. and Coauthors, 2002. Daily dataset of 20th-century surface
air temperature and precipitation series for the European Climate Assessment.
Int. J. of Climatol., 22, 1441-1453.
Data and metadata available at http://www.ecad.eu

FILE FORMAT (MISSING VALUE CODE = -999999):

THIS FILE HOLDS DATA FOR STATION NETHERLANDS                              OOSTDIJK BIJ OUDDORP                     (STAID:  20576)
LATITUDE: dd:mm:ss +51:49:46
LONGITUDE: ddd:mm:ss +003:57:51
ELEVATION: m    3

DATA IS FOR INDEX Maximum no of consecutive dry days (RR < 1 mm) (CDD) with unit 0.01 No of days

01-06 SOUID: Source identifier
08-11 YEAR : YYYY
13-20 ANNUAL DATA VALUES
21-28 WINTER HALF YEAR DATA VALUES
29-36 SUMMER HALF YEAR DATA VALUES
37-44 WINTER (DJF) DATA VALUES
45-52 SPRING (MAM) DATA VALUES
53-60 SUMMER (JJA) DATA VALUES
61-68 AUTUMN (SON) DATA VALUES
69-76 JANUARY DATA VALUES
etc. 
157-164 DECEMBER DATA VALUES

20576  1894 -999999 -999999 -999999 -999999 -999999 -999999 -999999 -999999 -999999 -999999 -999999 -999999 -999999 -999999 -999999 -999999 -999999 -999999 -999999 
	20576  1895 2100    -999999 2000    -999999 1900    1300    2100    600     1500    800     1000    1400    1300    800     900     2000    400     600     700     
	20576  1896 2700    1700    2700    1700    1700    2700    1600    1000    1700    600     1000    1700    1300    1400    600     300     300     1600    1200    
	20576  1897 2800    1000    1200    1000    1000    1200    2800    700     800     800     400     1000    700     1200    400     700     2100    800     1100    
	20576  1898 2200    1000    1900    1000    1600    1400    2200    1000    300     1000    1100    800     800     1400    1300    1700    1000    600     700     
	20576  1899 -999999 3100    -999999 1300    1800    1900    -999999 900     1300    1800    500     700     1700    900     1900    -999999 -999999 1000    1700    
	20576  1900 2000    -999999 2000    1400    2000    1000    900     500     1000    1300    2000    1300    400     1000    800     900     300     900     600     
	20576  1901 2000    1900    2000    1900    2000    1800    1700    1800    1100    700     1300    2000    1200    1800    1000    1300    900     1000    900     
	20576  1902 1500    1500    900     1500    900     900     1100    1200    1500    700     700     900     900     700     400     600     500     1100    1400    
	20576  1903 2300    1400    2300    1400    1400    1600    1000    1300    700     900     300     1400    1100    500     600     1000    800     700     1100    
	20576  1904 2000    1400    2000    1300    1400    2000    2000    1300    700     1400    800     1000    900     2000    1000    1600    1400    900     900     
	20576  1905 1500    1500    1000    1500    1000    1000    1000    800     900     600     700     1000    600     800     500     1000    400     600     1000    
	20576  1906 2400    700     2400    700     2200    2400    800     600     500     500     1700    600     2400    1100    700     800     800     500     900     
	20576  1907 2200    1300    2200    900     1000    1100    2200    800     600     800     800     800     800     1100    600     2200    400     1200    800     
	20576  1908 2700    1300    2000    1300    1200    2000    2700    900     1100    1000    1200    800     1300    1400    500     1800    900     1300    1700    
	20576  1909 3400    3400    1300    2300    1200    1300    1100    1300    2300    1100    1100    1200    900     800     1300    700     500     900     800     
	20576  1910 2100    1300    1300    1300    2100    1300    1000    900     500     1300    800     900     1300    1000    700     800     1000    400     500     
	20576  1911 2900    2300    2900    2300    1600    2900    1200    2000    400     600     1600    1400    900     2900    1900    1200    700     700     300     
	20576  1912 2100    900     2100    900     2100    1800    1700    900     600     400     1900    800     500     1800    400     1700    1100    400     700     
	20576  1913 1700    1700    1300    1700    800     1300    900     900     1700    400     600     800     800     900     1000    800     500     900     600     
	20576  1914 1700    1600    1700    1600    1300    1700    1300    1600    1000    500     1200    1000    1200    600     1700    1000    800     800     500     
	20576  1915 2200    800     1800    700     1700    1400    2200    700     500     700     700     1100    1400    600     900     1800    2200    500     300     
	20576  1916 2800    1200    2800    800     1200    2800    1400    500     400     1200    800     600     800     1500    1300    1100    500     900     400     
	20576  1917 3300    3300    2900    3300    1800    1700    1300    1400    1900    600     1100    1200    1700    1000    700     1100    500     900     900     
	20576  1918 2200    2200    1800    1300    1800    1800    800     800     700     1800    700     900     800     700     1800    200     800     500     600     
	20576  1919 2300    1000    2300    1000    2100    1700    1800    700     1000    800     1000    2100    700     600     1700    1800    900     500     700     
	20576  1920 2500    1100    1200    1000    1100    700     2500    700     1000    1100    400     400     600     500     700     1200    1600    1500    1100    
	20576  1921 3000    2100    1700    1900    1600    1200    2200    500     1900    700     1200    1600    1000    1200    900     1700    900     2200    800     
	20576  1922 3300    1600    3300    1300    2600    1100    2100    400     1300    1600    900     2600    1100    300     800     500     2100    700     500     
	20576  1923 2800    1400    2800    500     1800    2800    900     500     500     1400    1200    300     1400    1400    1400    900     300     500     400     
	20576  1924 1600    1600    1100    700     1600    1100    1400    700     700     1600    1000    300     600     1100    500     600     1000    1400    800     
	20576  1925 2100    800     2100    800     1600    2000    1400    800     600     700     800     1600    2000    800     1000    700     1100    700     500     
	20576  1926 2000    2000    1600    800     2000    1600    800     800     500     2000    700     800     1300    1200    1000    800     600     400     800     
	20576  1927 1700    1300    1700    1000    1700    800     1100    400     1000    1300    800     1100    600     800     600     400     1100    600     800     
	20576  1928 1900    1900    1700    1400    1100    1700    1100    300     1400    1000    600     800     600     1700    800     1100    700     600     700     
	20576  1929 3900    3900    2000    1800    2100    2000    800     700     1800    2100    1500    1600    800     2000    900     800     600     700     400     
	20576  1930 2200    2200    2200    1800    1600    2100    1300    1800    1300    1300    1200    600     2100    600     1000    500     1300    300     600     
	20576  1931 2300    2000    1500    700     2300    1500    1500    500     700     2000    600     1100    1100    400     1000    900     1100    600     1100    
	20576  1932 2700    2700    1900    2700    900     1900    900     2000    1400    900     300     700     1900    600     700     700     300     900     1700    
	20576  1933 3300    1500    2300    1500    2300    1000    1200    1200    700     1100    2300    600     1000    800     1000    1100    700     700     2600    
	20576  1934 2500    2500    1600    2500    1700    1600    800     800     2500    1200    600     1500    1600    1200    800     600     400     800     400     
	20576  1935 -999999 1600    -999999 700     1700    -999999 -999999 700     600     1600    500     1200    -999999 -999999 -999999 -999999 -999999 -999999 -999999 
	20576  1936 -999999 -999999 -999999 -999999 -999999 -999999 -999999 -999999 -999999 -999999 -999999 -999999 -999999 -999999 -999999 -999999 -999999 -999999 -999999 
	20576  1937 -999999 -999999 -999999 -999999 -999999 -999999 -999999 -999999 -999999 -999999 -999999 -999999 -999999 -999999 -999999 -999999 -999999 -999999 -999999 
	20576  1938 -999999 -999999 -999999 -999999 -999999 -999999 -999999 -999999 -999999 -999999 -999999 -999999 -999999 -999999 -999999 -999999 -999999 -999999 -999999 
	20576  1939 -999999 -999999 -999999 -999999 -999999 -999999 -999999 -999999 -999999 -999999 -999999 -999999 -999999 -999999 -999999 -999999 -999999 -999999 -999999 
	20576  1940 -999999 -999999 -999999 -999999 -999999 -999999 -999999 -999999 -999999 -999999 -999999 -999999 -999999 -999999 -999999 -999999 -999999 -999999 -999999 
	20576  1941 -999999 -999999 -999999 -999999 -999999 -999999 -999999 -999999 -999999 -999999 -999999 -999999 -999999 -999999 -999999 -999999 -999999 -999999 -999999 
	20576  1942 -999999 -999999 -999999 -999999 -999999 -999999 -999999 -999999 -999999 -999999 -999999 -999999 -999999 -999999 -999999 -999999 -999999 -999999 -999999 
	20576  1943 -999999 -999999 -999999 -999999 -999999 -999999 -999999 -999999 -999999 -999999 -999999 -999999 -999999 -999999 -999999 -999999 -999999 -999999 -999999 
	20576  1944 -999999 -999999 -999999 -999999 -999999 -999999 -999999 -999999 -999999 -999999 -999999 -999999 -999999 -999999 -999999 -999999 -999999 -999999 -999999 
	20576  1945 -999999 -999999 -999999 -999999 -999999 -999999 -999999 -999999 -999999 -999999 -999999 -999999 -999999 -999999 -999999 -999999 -999999 -999999 -999999 
	20576  1946 -999999 -999999 -999999 -999999 -999999 -999999 -999999 -999999 -999999 -999999 -999999 -999999 -999999 -999999 -999999 -999999 -999999 -999999 -999999 
	20576  1947 -999999 -999999 -999999 -999999 -999999 -999999 -999999 -999999 -999999 -999999 -999999 -999999 -999999 -999999 -999999 -999999 -999999 -999999 -999999 
	20576  1948 -999999 -999999 -999999 -999999 -999999 -999999 -999999 -999999 -999999 -999999 -999999 -999999 -999999 -999999 -999999 -999999 -999999 -999999 -999999 
	20576  1949 -999999 -999999 -999999 -999999 -999999 -999999 -999999 -999999 -999999 -999999 -999999 -999999 -999999 -999999 -999999 -999999 -999999 -999999 -999999 
	20576  1950 -999999 -999999 -999999 -999999 -999999 -999999 -999999 -999999 -999999 -999999 -999999 -999999 -999999 -999999 -999999 -999999 -999999 -999999 -999999 
	20576  1951 2400    -999999 1500    -999999 1300    1100    2400    500     400     900     1300    700     1000    1000    300     700     1900    300     1300    
	20576  1952 2300    1100    2300    1100    2300    1000    700     500     1100    700     2300    900     800     800     800     600     600     700     1000    
	20576  1953 5600    5600    1500    2900    2700    1400    1500    700     2800    2700    800     1300    1000    1200    1400    700     1500    1100    800     
	20576  1954 1700    1700    1600    1700    1600    800     600     1100    600     1100    1600    1200    600     800     700     400     200     600     600     
	20576  1955 2000    1500    2000    1200    2000    1400    800     1000    1100    800     2000    400     800     1300    1100    800     800     600     400     
	20576  1956 2500    1000    2500    800     2500    1000    1200    700     800     1000    1700    1100    1000    800     300     1200    900     1000    500     
	20576  1957 1500    1100    1300    1100    1500    1300    1200    1100    400     700     1100    800     1300    300     700     300     1200    1000    600     
	20576  1958 1600    1400    1000    800     1400    1000    1600    500     300     1400    700     600     1000    800     500     1000    800     1600    400     
	20576  1959 3800    2100    3800    2100    2400    1800    2000    600     2000    400     800     2400    1700    1300    1800    2000    900     800     1200    
	20576  1960 2500    2500    2000    900     2500    2000    800     500     900     2500    1000    1100    2000    400     800     800     300     400     300     
	20576  1961 1700    1700    1500    1200    1700    900     1300    600     1200    1700    500     1500    700     900     700     1300    700     1200    700     
	20576  1962 2200    2100    2200    1300    1600    1900    2100    600     1300    1300    1200    700     1900    900     400     600     2100    700     700     
	20576  1963 2400    2400    1600    1600    800     800     1600    1100    1600    800     600     800     700     700     200     1600    1000    900     1500    
	20576  1964 1700    1700    1600    1300    1200    1400    1000    1300    500     1200    800     1100    800     900     1200    800     700     900     600     
	20576  1965 1500    1500    900     1500    1200    900     1500    400     1100    700     600     700     700     300     800     700     1500    1300    400     
	20576  1966 1700    1100    1600    1000    1100    800     1700    1000    500     1100    600     1100    600     300     800     1600    500     400     200     
	20576  1967 2300    1500    2300    1500    1000    2200    1500    1000    1500    700     800     500     2200    800     1200    700     500     1500    400     
	20576  1968 1400    1200    1300    800     1300    800     1200    700     800     500     1300    1100    600     700     800     600     1200    900     1400    
	20576  1969 1700    1100    1700    600     1100    1200    1700    500     400     1100    900     500     1100    1200    900     1600    1700    300     600     
	20576  1970 3900    1300    3900    600     1600    2300    1400    600     600     500     200     1600    2300    600     1100    1400    1200    500     1200    
	20576  1971 2300    1200    2300    1200    2000    2200    2200    1000    700     500     1500    600     800     2100    700     2200    1100    400     1800    
	20576  1972 3100    1600    1900    900     1600    1200    3100    700     900     1600    700     400     700     800     1200    1300    1800    400     1800    
	20576  1973 3100    2500    1600    1700    2500    1600    1500    1300    500     2500    400     500     1600    1000    1200    1500    900     1000    400     
	20576  1974 1700    700     1100    600     1700    800     800     500     600     700     1100    800     800     400     800     800     400     400     700     
	20576  1975 1800    1100    1600    1000    1500    1600    1800    800     1000    200     900     1500    1000    700     900     800     1800    700     1000    
	20576  1976 2800    1300    2800    1300    2800    2700    700     500     900     1100    1700    1100    1700    1200    2700    500     700     400     500     
	20576  1977 1300    600     1300    600     1100    900     1100    300     600     200     1100    1100    900     800     500     900     1100    400     600     
	20576  1978 2300    800     2300    800     1700    1200    1600    800     700     500     900     1700    700     1000    1200    1000    1600    900     700     
	20576  1979 1400    800     1400    800     600     1100    1400    600     800     500     500     600     700     600     500     1400    1200    700     400     
	20576  1980 2700    1400    2700    1400    2700    800     1200    1400    700     700     1100    2600    700     800     800     900     500     500     400     
	20576  1981 1900    1200    1900    1200    1100    1800    900     500     1200    400     1000    600     800     1100    1800    900     400     500     400     
	20576  1982 2200    1400    2200    1400    2200    1400    1400    1400    1300    900     2200    1500    900     1400    400     1300    800     600     800     
	20576  1983 2300    1700    2300    1700    1300    2300    1700    500     1700    1300    400     500     2300    2200    1400    600     600     1400    600     
	20576  1984 2600    1300    2600    1200    2100    2400    900     500     1200    1300    1900    400     800     1100    2400    600     700     900     600     
	20576  1985 2000    2000    1200    2000    1200    900     1800    400     2000    1000    1200    900     500     900     700     900     1800    600     300     
	20576  1986 3100    3100    1500    3100    1400    1300    2100    400     2700    1400    500     900     1200    1300    500     1500    1000    500     500     
	20576  1987 1800    1400    1800    1400    1300    1800    800     1400    600     1300    800     700     500     1300    800     300     600     800     900     
	20576  1988 2200    1200    2200    1200    1100    2200    700     800     1200    200     1100    900     2200    300     900     600     700     700     600     
	20576  1989 2200    1000    2200    1000    1800    2200    1100    1000    600     700     500     1800    1300    2200    900     900     400     1100    1000    
	20576  1990 1900    1300    1900    1300    1900    1700    900     1100    600     900     600     1900    1100    1100    1400    600     900     500     600     
	20576  1991 2500    2200    2300    2200    1500    2300    1400    1200    1100    1100    600     1500    400     700     1600    1400    900     900     1600    
	20576  1992 1900    1300    1900    1300    1900    1300    800     1200    600     300     1000    1900    1000    700     600     800     500     600     1200    
	20576  1993 2400    2400    1500    2400    1600    1500    1500    500     1900    1600    800     500     1200    300     800     300     1000    1500    600     
	20576  1994 2400    1300    2400    1100    1000    2400    1600    500     1100    800     900     600     2100    1900    800     600     1600    1400    300     
	20576  1995 2900    1200    2900    600     1300    2900    1200    600     500     600     800     1200    1300    700     2500    400     1200    1000    1600    
	20576  1996 2400    2200    2400    2200    2000    2000    1300    2100    600     1600    2000    1200    2000    1400    700     1300    400     300     1400    
	20576  1997 2200    1800    2200    1800    1900    2200    1700    1800    300     1100    1900    1000    500     800     2200    1700    1000    800     700     
	20576  1998 1800    1800    1700    1800    1700    1600    900     1100    1800    1300    300     1700    200     800     1600    900     500     700     400     
	20576  1999 2300    700     2300    700     1300    1200    1200    300     400     700     900     800     900     900     1100    1200    1200    600     200     
	20576  2000 1200    900     1200    700     1200    900     800     700     400     900     600     900     600     800     900     800     500     300     1000    
	20576  2001 1400    1100    1400    1100    1400    1200    600     1100    800     400     300     1400    800     1100    800     200     600     600     1000    
	20576  2002 2300    1100    1300    1000    2300    1000    1200    900     500     1100    1200    700     700     1000    900     1200    600     600     1000    
	20576  2003 2300    2300    2100    2300    2100    1600    1400    600     2300    2000    2100    700     800     1200    1600    1100    1400    800     1000    
	20576  2004 1400    800     1400    800     1400    1100    1100    300     700     600     1000    1400    700     600     500     1100    700     400     1300    
	20576  2005 1400    1000    1400    800     1000    1200    1000    600     800     1000    800     800     800     1200    600     1000    900     500     600     
	20576  2006 1900    1700    1900    1700    1500    1900    1500    1100    900     1300    900     1500    1100    1900    600     1500    1000    600     900     
	20576  2007 4600    1100    3500    800     4600    1000    1000    400     600     1100    3000    500     600     1000    800     600     1000    400     1400    
	20576  2008 1800    1800    1300    1800    1300    1100    1000    500     1800    700     900     1300    1100    500     800     1000    900     500     1100    
	20576  2009 2000    1200    2000    900     1200    2000    2000    800     600     1200    900     800     1500    500     1400    1600    700     400     600     
	20576  2010 2100    1100    2100    1100    2100    1300    900     1100    900     900     2100    1200    1100    700     400     600     900     700     500     
	20576  2011 2500    1800    1600    700     1700    700     2500    600     700     1700    1600    1100    600     600     400     700     600     2500    500     
	20576  2012 1900    1400    1600    800     1900    1600    1000    600     800     1400    700     1100    500     700     1600    1000    400     400     200     
	20576  2013 2300    1300    2300    900     2200    2300    1300    700     900     1300    1000    700     1100    2300    700     1100    500     300     500     
	20576  2014 1800    1500    1800    500     1500    1400    1800    400     500     1500    900     700     1100    500     200     1800    700     600     400     
	20576  2015 2000    2000    1300    1600    2000    1200    1400    400     1600    2000    1300    900     1100    400     900     700     1000    400     700     
	20576  2016 1600    1600    1400    600     1600    1400    1200    600     500     1600    600     600     800     1400    700     1200    1000    700     1000    
	20576  2017 1500    1300    1500    1300    1300    1500    900     1300    800     1100    1300    900     1500    400     900     800     900     300     400     
	20576  2018 5500    1500    5500    1400    1900    5500    1400    400     1400    500     900     1900    2900    2600    900     1300    1400    1400    800     
	20576  2019 2000    1700    2000    1700    2000    1700    1000    600     1700    1500    2000    1500    1200    700     1200    1000    500     400     500     
	20576  2020 3700    2000    3300    800     3700    1200    1800    700     400     2000    1700    3000    1200    600     700     1800    400     600     400     
	20576  2021 -999999 -999999 2200    -999999 1600    1600    1600    -999999 600     800     1600    600     1600    -999999 700     1600    300     700     700     
	20576  2022 2800    2800    1900    700     2800    1900    700     700     400     2800    1500    1000    900     1300    1300    400     700     600     500     
	20576  2023 3900    1100    3900    1100    2000    1900    1000    600     1100    400     700     2000    1900    700     1200    900     700     300     500     
	20576  2024 1200    -999999 1200    -999999 800     1100    1200    700     -999999 500     600     800     900     800     800     900     600     1000    700     
	20576  2025 3000    1900    3000    1100    3000    2300    1100    700     900     1900    1100    2300    1100    900     2300    900     1100    800     1100    
	20576  2026 -999999 -999999 -999999 600     -999999 -999999 -999999 600     300     -999999 -999999 -999999 -999999 -999999 -999999 -999999 -999999 -999999 -999999 
	