EUROPEAN CLIMATE ASSESSMENT & DATASET (ECA&D), file created on: 17-05-2026
THESE DATA CAN BE USED FOR NON-COMMERCIAL RESEARCH AND EDUCATION PROVIDED THAT THE FOLLOWING SOURCE IS ACKNOWLEDGED: 

Klein Tank, A.M.G. and Coauthors, 2002. Daily dataset of 20th-century surface
air temperature and precipitation series for the European Climate Assessment.
Int. J. of Climatol., 22, 1441-1453.
Data and metadata available at http://www.ecad.eu

FILE FORMAT (MISSING VALUE CODE = -999999):

THIS FILE HOLDS DATA FOR STATION NETHERLANDS                              HALLUM FR                                (STAID:  20527)
LATITUDE: dd:mm:ss +53:18:00
LONGITUDE: ddd:mm:ss +005:46:27
ELEVATION: m    1

DATA IS FOR INDEX Maximum no of consecutive dry days (RR < 1 mm) (CDD) with unit 0.01 No of days

01-06 SOUID: Source identifier
08-11 YEAR : YYYY
13-20 ANNUAL DATA VALUES
21-28 WINTER HALF YEAR DATA VALUES
29-36 SUMMER HALF YEAR DATA VALUES
37-44 WINTER (DJF) DATA VALUES
45-52 SPRING (MAM) DATA VALUES
53-60 SUMMER (JJA) DATA VALUES
61-68 AUTUMN (SON) DATA VALUES
69-76 JANUARY DATA VALUES
etc. 
157-164 DECEMBER DATA VALUES

20527  1875 -999999 -999999 -999999 -999999 -999999 -999999 -999999 -999999 -999999 -999999 -999999 -999999 -999999 -999999 -999999 -999999 600     400     600     
	20527  1876 2000    1200    2000    1200    2000    1900    1600    1000    300     500     700     2000    1000    600     1900    400     1600    500     500     
	20527  1877 1500    500     1500    500     1500    900     1000    500     100     500     1200    800     900     400     300     500     600     600     500     
	20527  1878 1900    1300    1900    1300    1900    1100    900     400     1200    400     1100    1000    900     1100    500     600     900     700     300     
	20527  1879 1800    1700    1400    1700    1400    600     700     1600    700     1200    900     700     600     600     400     700     600     600     1800    
	20527  1880 2800    1800    2800    1600    1800    2300    700     1300    700     1800    1700    1500    700     800     2300    600     300     400     600     
	20527  1881 1700    900     1200    900     1700    700     1200    700     900     800     1100    1000    500     700     700     1200    600     900     800     
	20527  1882 3600    3600    1400    3600    1400    800     700     2300    1300    1300    800     1400    400     400     700     700     500     400     500     
	20527  1883 1500    1500    1400    1500    1500    1300    1100    1500    700     600     1400    700     1300    300     700     1100    800     300     900     
	20527  1884 1900    1200    1900    900     1100    1900    1300    700     900     900     800     1100    1500    500     1300    1300    900     900     700     
	20527  1885 1500    1500    1500    1300    1500    1500    900     1300    500     1500    1300    400     1000    1100    800     500     300     900     1000    
	20527  1886 2000    2000    1500    2000    1200    1400    1300    200     2000    1200    600     1000    1100    700     1200    600     1100    400     300     
	20527  1887 2500    1700    2500    1500    1200    2500    1200    1200    1500    1000    1200    600     2200    1400    800     800     600     1200    300     
	20527  1888 1500    1400    1500    1400    1300    1500    1300    1400    500     400     800     1300    700     400     1500    1100    900     1300    1300    
	20527  1889 2600    1000    2600    1000    2200    2600    1400    800     300     600     2200    500     2000    600     400     500     700     1400    900     
	20527  1890 2300    1500    1400    1500    1000    800     1400    400     1400    1000    700     900     500     800     800     1400    700     800     1700    
	20527  1891 2700    2700    1900    2500    900     1900    700     900     2500    900     700     500     1500    400     300     700     600     500     1200    
	20527  1892 1800    1200    1500    1200    1800    1100    1000    700     1000    1000    1500    800     400     1100    1000    900     200     1000    1500    
	20527  1893 3100    1300    3100    1000    2800    2100    600     1000    600     1300    1500    1200    2100    1000    1800    500     300     600     500     
	20527  1894 3200    1800    1400    1300    3200    800     1000    1300    900     1800    1400    1300    600     300     800     900     900     1000    600     
	20527  1895 1400    1200    1400    1200    1400    900     1400    400     1200    800     1400    1100    800     800     900     1300    300     700     1100    
	20527  1896 1500    1200    1500    1200    1300    1100    1400    1100    1200    700     1000    1300    700     1100    300     400     200     1400    400     
	20527  1897 2500    1200    1700    1200    800     1500    2500    1200    600     700     600     800     1500    1300    600     900     1200    1300    1500    
	20527  1898 2200    2200    1900    2200    1200    1300    1700    2200    400     1000    1200    400     1000    800     1300    1700    1000    1000    600     
	20527  1899 3300    3100    3300    1300    1800    2800    1800    800     1300    1800    1000    500     2800    1700    1400    200     1200    1800    1100    
	20527  1900 2700    1200    2700    1100    2700    1200    1000    500     600     1200    700     2100    1000    1200    700     600     300     1000    600     
	20527  1901 1600    1600    1400    1600    1400    1400    1400    1600    700     600     800     1400    1400    1200    1400    1000    800     700     300     
	20527  1902 1700    1700    1600    1700    1000    1600    1100    500     1700    700     1000    500     1600    900     500     800     500     1000    1100    
	20527  1903 2300    1000    2300    1000    1400    1400    800     1000    700     800     400     1400    1000    400     300     800     400     700     2200    
	20527  1904 2800    1300    1400    1000    1400    1400    1000    1000    800     1300    1400    1100    800     1400    800     900     600     1000    700     
	20527  1905 1500    900     1500    900     900     1500    1200    900     700     700     700     900     900     1500    700     1200    300     700     800     
	20527  1906 1800    800     1700    800     1800    1200    1300    400     500     700     1700    500     1200    1000    500     1200    600     500     900     
	20527  1907 2400    1100    2300    1100    1300    1100    2400    1000    1100    800     700     600     400     1100    600     2300    400     1100    800     
	20527  1908 1500    1300    1500    1300    800     1500    1200    900     1100    600     400     800     1200    1100    900     800     1200    800     1300    
	20527  1909 1500    1500    1000    1200    1000    1000    600     1200    1200    600     900     1000    500     500     1000    600     400     400     800     
	20527  1910 2500    1300    1300    800     2500    1300    1800    800     400     1300    1200    900     1300    1000    900     800     1700    400     300     
	20527  1911 1600    1200    1600    1200    1600    1500    500     1100    800     700     1600    1000    700     1400    1500    400     500     500     200     
	20527  1912 2000    800     2000    800     2000    1500    1300    800     500     500     1900    500     500     1500    300     1300    1000    300     500     
	20527  1913 1800    1600    1800    1600    1200    1800    1100    1100    1600    400     1100    700     600     900     1800    1000    800     400     600     
	20527  1914 1900    1900    1800    1900    1000    1800    1100    1900    1200    500     900     800     1100    800     1800    900     1100    500     300     
	20527  1915 2100    1100    2100    700     1500    1100    2100    700     400     600     1400    1000    1100    600     700     2100    1300    600     200     
	20527  1916 2800    2300    2800    1300    2300    2800    1100    1000    400     2300    1000    600     700     1500    1300    1100    900     900     400     
	20527  1917 2900    2900    1300    2900    1300    1200    1300    1900    1000    900     1000    1200    800     1200    500     1100    400     1000    800     
	20527  1918 1600    1600    1500    1300    1600    1100    1300    800     700     1600    900     1000    900     900     700     200     300     1300    300     
	20527  1919 2100    1000    2100    1000    2100    1300    1800    800     1000    600     1100    2100    1300    1000    900     1800    700     600     700     
	20527  1920 4100    1500    1500    1500    900     1500    4100    600     1500    900     300     700     1500    600     800     1200    2800    1400    800     
	20527  1921 3800    1900    1700    1300    1600    1600    3800    300     1300    600     1200    1600    800     1600    900     1700    2100    2400    500     
	20527  1922 2400    1700    1500    1700    1600    1400    2400    1700    1100    1600    800     600     1200    700     1400    900     2400    600     800     
	20527  1923 1500    1500    1500    1200    1500    1500    900     600     1200    1500    1100    1000    400     1500    1400    900     200     700     500     
	20527  1924 2000    1300    2000    1200    1800    2000    1600    700     1200    1300    1200    500     1800    800     600     500     1200    1600    800     
	20527  1925 1900    1200    1900    1200    1500    1900    1200    1200    500     600     700     1500    1600    1900    1300    300     900     900     600     
	20527  1926 1600    1500    1600    800     1500    1600    1000    800     700     1500    900     800     1200    1300    1100    1000    800     600     1100    
	20527  1927 2100    2000    1400    2000    1400    900     1100    1000    1900    900     600     1100    400     900     600     800     1100    800     1500    
	20527  1928 2400    2400    2100    1200    1300    2100    1100    300     1200    1200    1300    1000    400     2100    800     1100    600     400     600     
	20527  1929 2400    1600    2400    1600    2300    2200    800     1300    1500    1600    2000    2300    600     2200    700     800     600     500     700     
	20527  1930 2100    2100    2000    1200    1400    2000    1300    700     1200    1000    1000    1200    2000    500     800     500     1300    300     800     
	20527  1931 1100    1100    1100    600     1100    1100    900     500     300     1100    400     400     600     500     800     600     600     700     600     
	20527  1932 3000    2500    3000    2500    1900    3000    1000    1800    1700    1900    400     400     3000    500     800     400     300     1000    1000    
	20527  1933 1500    1300    1500    1300    1500    1200    1200    1300    800     1200    900     1500    1000    900     1000    1200    500     900     1400    
	20527  1934 2100    2100    1500    2100    1600    1500    1800    700     2100    1000    600     700     1100    1300    900     800     300     1800    700     
	20527  1935 1800    1500    1800    1000    1800    1600    600     1000    400     1500    600     1200    500     1600    1400    500     500     600     600     
	20527  1936 1600    1100    1600    800     1200    1200    800     500     800     1100    700     1000    800     400     1200    500     500     800     900     
	20527  1937 1500    900     1500    900     1200    1500    900     900     200     500     800     700     800     600     1000    700     900     700     400     
	20527  1938 2300    2300    1400    1300    2300    1200    1300    400     1300    2300    1400    1000    1200    800     400     600     800     1300    1700    
	20527  1939 2600    1600    2600    1600    1600    1000    900     800     800     600     700     1600    1000    1000    900     900     400     800     1500    
	20527  1940 1800    1500    1800    1500    1800    1200    900     1400    700     400     800     1800    1100    500     700     900     800     500     700     
	20527  1941 2800    1200    2800    1200    2400    2800    1500    1100    500     1200    1100    1300    1600    1200    400     1500    800     500     800     
	20527  1942 3100    2100    3100    2000    3100    1700    1100    2000    1600    1100    2100    1100    1300    400     500     1100    400     600     600     
	20527  1943 3700    3700    1800    1400    2300    1800    1800    900     1400    2300    1100    1100    900     1800    700     900     1600    500     1100    
	20527  1944 2100    1700    2100    1700    1000    2100    900     600     1700    1000    900     800     1000    1400    2000    500     900     300     700     
	20527  1945 2000    2000    1400    500     2000    1200    1800    500     300     2000    1400    800     600     1200    400     1300    1800    1200    500     
	20527  1946 2200    1100    2200    1100    2200    800     1000    1100    600     1000    1700    1500    400     800     300     800     1000    700     1200    
	20527  1947 3100    2100    3100    2100    1800    2400    1200    1900    1800    400     1100    1800    900     1600    2400    700     1200    400     500     
	20527  1948 3100    3100    2000    1500    2000    900     1400    500     1500    1600    2000    1100    500     900     400     700     600     1400    1100    
	20527  1949 2000    1400    2000    1400    1500    2000    1200    700     1100    1400    800     600     1700    700     1200    800     500     700     600     
	20527  1950 1600    1300    1600    1300    1600    1200    900     1300    400     500     500     1600    1200    400     600     200     900     500     1500    
	20527  1951 2400    1800    1600    1200    1200    1100    2400    1000    600     1200    1100    500     1100    1000    400     800     2000    500     600     
	20527  1952 3700    1400    3700    1000    2000    3700    900     500     1000    1400    1100    2000    700     3100    500     700     900     600     400     
	20527  1953 2900    1700    1000    1100    1700    1000    1500    800     1100    1700    900     700     500     500     600     600     700     1500    1400    
	20527  1954 1700    1700    1700    1100    1700    800     600     800     900     1700    1600    1300    600     400     800     300     400     600     500     
	20527  1955 1700    1500    1700    1100    1100    1400    900     900     1100    800     1100    800     800     1300    1300    900     700     500     400     
	20527  1956 1500    1100    1500    600     1400    700     1500    500     500     1100    900     800     600     700     400     1500    800     900     500     
	20527  1957 1500    1100    1500    1100    1500    1300    1000    1100    300     500     1200    800     1300    700     800     500     1000    600     800     
	20527  1958 1600    1600    1000    600     1600    1000    1600    500     400     1600    600     500     1000    900     300     500     800     1600    400     
	20527  1959 3500    1500    3500    1500    2800    1700    2600    500     1400    600     1200    2800    1700    1200    1300    2000    1700    700     600     
	20527  1960 1300    1200    1300    300     1300    900     900     200     300     1200    600     1200    900     500     500     900     200     300     500     
	20527  1961 2000    1000    1000    1000    1000    700     2000    600     1000    900     700     1000    700     500     700     600     700     2000    900     
	20527  1962 1400    1200    1400    1100    1400    900     1300    600     1100    500     900     500     900     600     500     400     1300    800     700     
	20527  1963 2100    1900    1800    1500    800     1000    1800    1500    1100    800     600     800     600     800     500     1800    1000    500     1600    
	20527  1964 2300    2300    1200    1700    1800    900     1000    1700    500     1800    1000    1200    700     900     400     600     600     900     300     
	20527  1965 2100    800     2100    800     1000    2100    1300    500     800     600     400     1000    700     600     1900    700     1300    600     200     
	20527  1966 1700    1000    1700    1000    1400    1100    1500    1000    400     600     300     1400    1100    900     600     1500    600     300     200     
	20527  1967 1300    1100    1300    1100    1300    1200    900     1100    800     700     900     500     900     700     1200    500     200     900     400     
	20527  1968 1700    1100    1600    800     1600    1300    1000    500     800     900     1600    600     1300    800     900     400     1000    600     1600    
	20527  1969 1800    1200    1800    1000    1100    1300    1800    1000    400     1100    900     800     1200    1200    1300    1500    1800    200     700     
	20527  1970 2800    1300    2800    800     1300    2300    1300    800     300     800     300     1300    2300    500     800     1300    1200    700     1200    
	20527  1971 1700    1000    1700    1000    1400    1700    1500    600     900     600     1000    800     900     1600    800     900     1100    400     900     
	20527  1972 3200    2000    1600    1200    2000    1200    3200    1000    900     2000    600     700     500     1200    800     1400    1800    300     1800    
	20527  1973 2500    1100    1700    1100    1000    1700    1400    1100    700     1000    800     700     1700    500     1100    1400    800     500     400     
	20527  1974 3900    1100    2800    1100    3900    900     800     500     1100    1100    2800    700     800     400     900     800     300     400     400     
	20527  1975 2100    1200    2100    1100    900     2100    1700    600     1100    700     900     600     1000    700     1400    900     1700    700     500     
	20527  1976 3800    2300    3200    1300    3800    2300    700     500     1000    2300    3000    800     1600    1200    2300    700     600     400     400     
	20527  1977 1900    900     1900    500     1800    1100    1400    500     500     900     400     1800    1100    1100    500     1200    1400    100     600     
	20527  1978 1400    900     1400    900     1400    1200    900     900     900     600     1400    800     600     1200    600     500     500     900     800     
	20527  1979 1400    1000    1000    1000    600     1000    1400    1000    800     300     600     400     900     700     1000    1000    1100    700     400     
	20527  1980 2100    1600    2100    1500    2100    1200    900     1500    1400    800     1600    2100    600     1100    500     900     400     500     400     
	20527  1981 2600    1300    2100    1300    2600    1700    1100    1200    800     500     2100    400     900     700     1700    1100    500     400     500     
	20527  1982 2300    1600    2300    1600    1000    2300    1700    1200    1600    900     1000    1000    700     1600    700     1700    700     500     400     
	20527  1983 2400    1200    2400    1200    900     2400    1500    500     1200    900     400     200     1100    2200    1100    900     400     1300    800     
	20527  1984 2100    1300    2100    1100    2100    1500    600     400     1100    1300    1900    1100    800     900     1500    300     500     600     500     
	20527  1985 2200    2200    1000    2200    1000    500     1800    900     2200    400     400     1000    500     400     500     900     1800    900     300     
	20527  1986 2900    2900    1500    2600    1200    1200    2100    400     2600    1000    1200    800     1200    900     1100    1500    600     400     500     
	20527  1987 1200    1200    1100    1100    1200    1000    900     800     1100    1200    1100    900     800     700     500     400     400     900     600     
	20527  1988 1800    800     1800    600     1800    1100    900     600     200     200     1500    1800    1100    400     900     600     900     700     500     
	20527  1989 1800    900     1800    900     1800    1800    1100    600     600     700     500     1800    1800    1200    1300    900     400     1100    800     
	20527  1990 1900    800     1900    700     1900    1800    1800    600     700     800     900     1900    1200    1800    900     500     1800    300     600     
	20527  1991 2100    2100    2100    2100    1500    1600    1300    1100    1000    1100    900     1500    300     700     900     1300    900     400     1600    
	20527  1992 1800    1300    1800    1300    1700    1800    900     1200    700     400     700     1700    1200    1000    800     900     700     400     1300    
	20527  1993 2000    1000    2000    700     2000    1400    1200    400     700     1000    800     1200    1300    700     500     500     500     800     200     
	20527  1994 1600    1000    1300    1000    900     1300    1600    500     1000    200     600     900     1000    1300    500     600     1600    900     300     
	20527  1995 2500    1600    2500    500     1700    2500    2000    500     500     500     1100    600     1100    700     2100    200     2000    700     1100    
	20527  1996 1900    1800    1900    1600    1900    1000    1100    1600    800     1800    1900    500     900     1000    800     1100    800     300     900     
	20527  1997 2300    1800    2300    1800    1600    2300    1500    1800    300     700     1600    1000    600     1000    2300    1500    600     1100    400     
	20527  1998 1800    1000    1800    1000    1800    1600    1300    1000    800     1000    500     1800    300     400     1600    1300    300     500     400     
	20527  1999 1800    600     1800    600     1400    1500    1200    300     400     600     1000    800     900     1400    600     1200    1000    400     100     
	20527  2000 1200    1200    800     1200    800     800     400     1200    200     500     700     800     800     800     500     400     300     300     600     
	20527  2001 1800    1300    1800    1300    1000    1800    700     1300    900     600     500     1000    900     1200    700     200     700     200     1300    
	20527  2002 1800    1000    1300    1000    1800    1000    1000    1000    500     1000    1000    800     800     600     1000    1000    600     600     1300    
	20527  2003 3000    2300    3000    2200    2300    3000    1100    700     2200    2300    1500    700     1000    1200    2800    1100    900     800     1000    
	20527  2004 1800    1300    1800    1300    1800    1500    1000    200     1300    1000    1800    1500    1400    600     900     1000    900     400     1200    
	20527  2005 1600    900     1000    600     900     1000    1600    300     600     900     600     700     800     900     1000    600     1600    300     500     
	20527  2006 1500    1300    1500    1300    1300    1200    1500    1000    900     1300    900     1300    1200    1100    300     1500    1100    400     900     
	20527  2007 4500    1000    3500    900     4500    1300    1500    400     500     1000    3000    500     1300    300     800     500     1500    800     1600    
	20527  2008 1800    1500    1800    1500    1800    700     900     300     1500    300     1800    1500    600     300     700     900     600     300     1200    
	20527  2009 2300    1200    2300    1000    1600    1100    2300    800     600     1200    1600    800     900     200     900     2300    500     200     400     
	20527  2010 2400    600     2400    600     2400    1000    800     500     600     500     2400    1600    1000    900     400     400     800     700     800     
	20527  2011 3300    3000    3300    800     3300    900     2000    700     800     2900    1900    1400    400     700     400     900     600     2000    500     
	20527  2012 1700    1400    1100    900     1700    700     1000    500     900     1400    700     700     500     700     700     1000    500     600     200     
	20527  2013 2000    1100    2000    900     1000    2000    1300    900     400     1000    1000    700     1100    2000    1200    1100    400     200     400     
	20527  2014 1900    1700    1900    500     1700    1100    1900    300     500     1700    400     700     800     1100    300     1900    400     500     500     
	20527  2015 1400    1000    1200    900     1200    1100    1400    300     900     1000    1200    900     1100    600     1000    600     1000    400     300     
	20527  2016 2400    1900    2400    400     1900    1200    2400    300     400     1900    700     1100    1200    1100    700     2400    700     1000    700     
	20527  2017 1400    1100    1400    1100    1400    1000    700     800     1100    800     600     1400    1000    400     900     500     700     300     500     
	20527  2018 3600    1100    3600    1100    1500    3600    1600    400     1100    700     900     1500    900     2700    800     500     1600    700     400     
	20527  2019 1800    800     1800    700     1800    1600    700     400     700     700     1000    1800    1100    600     1200    600     400     700     700     
	20527  2020 2400    1900    2100    300     2400    1000    1300    300     300     1900    2100    1000    800     1000    900     1300    400     800     400     
	20527  2021 1900    1600    1900    1000    1400    1900    1300    300     1000    800     1400    500     1200    1900    500     1300    400     700     800     
	20527  2022 3300    1400    3300    500     3300    1500    800     500     400     1400    2300    1000    500     800     1500    500     800     500     600     
	20527  2023 2900    1100    2900    1100    1000    1900    1000    600     1100    300     600     1000    1900    400     500     1000    200     200     300     
	20527  2024 1100    1100    1100    600     1100    800     1100    600     300     1100    400     1100    800     600     500     1100    400     900     500     
	20527  2025 3600    1200    3600    1200    3600    2500    900     1100    900     1000    1500    2100    1100    700     2500    800     600     400     1100    
	20527  2026 -999999 1100    -999999 1100    -999999 -999999 -999999 1100    500     900     1900    -999999 -999999 -999999 -999999 -999999 -999999 -999999 -999999 
	