EUROPEAN CLIMATE ASSESSMENT & DATASET (ECA&D), file created on: 17-05-2026
THESE DATA CAN BE USED FOR NON-COMMERCIAL RESEARCH AND EDUCATION PROVIDED THAT THE FOLLOWING SOURCE IS ACKNOWLEDGED: 

Klein Tank, A.M.G. and Coauthors, 2002. Daily dataset of 20th-century surface
air temperature and precipitation series for the European Climate Assessment.
Int. J. of Climatol., 22, 1441-1453.
Data and metadata available at http://www.ecad.eu

FILE FORMAT (MISSING VALUE CODE = -999999):

THIS FILE HOLDS DATA FOR STATION NETHERLANDS                              DEN HELDER-1                             (STAID:    146)
LATITUDE: dd:mm:ss +52:55:59
LONGITUDE: ddd:mm:ss +004:45:00
ELEVATION: m    0

DATA IS FOR INDEX Maximum no of consecutive dry days (RR < 1 mm) (CDD) with unit 0.01 No of days

01-06 SOUID: Source identifier
08-11 YEAR : YYYY
13-20 ANNUAL DATA VALUES
21-28 WINTER HALF YEAR DATA VALUES
29-36 SUMMER HALF YEAR DATA VALUES
37-44 WINTER (DJF) DATA VALUES
45-52 SPRING (MAM) DATA VALUES
53-60 SUMMER (JJA) DATA VALUES
61-68 AUTUMN (SON) DATA VALUES
69-76 JANUARY DATA VALUES
etc. 
157-164 DECEMBER DATA VALUES

146    1850 -999999 -999999 -999999 -999999 -999999 -999999 -999999 -999999 -999999 -999999 -999999 -999999 -999999 -999999 -999999 -999999 -999999 -999999 -999999 
	146    1851 1400    -999999 1400    -999999 700     1400    1400    500     800     700     400     600     800     500     1100    1400    1000    400     1400    
	146    1852 2900    2000    2700    600     2900    1800    1100    300     600     2000    2700    900     700     1600    300     700     1100    300     700     
	146    1853 2400    2400    1900    1800    1900    1400    1900    900     1800    1700    400     1900    1200    600     1400    1300    1200    1100    2400    
	146    1854 3600    1600    2000    900     3600    2000    1000    800     400     1600    2000    1400    1000    2000    700     800     600     500     300     
	146    1855 2300    1000    2300    1000    2300    1500    1400    1000    900     500     1700    1500    1200    500     700     1400    400     1200    1000    
	146    1856 3300    3300    1400    1700    1600    1300    3000    500     1700    1600    1300    900     1000    800     500     1400    2400    600     400     
	146    1857 2100    2000    1900    1800    1900    1700    1500    1300    1800    700     700     1900    1700    1300    1200    1300    1100    1500    1600    
	146    1858 2900    2900    1700    2500    1500    1500    1800    900     2500    1500    1200    600     1500    800     1300    900     500     1800    1200    
	146    1859 2800    1200    2800    800     1000    2800    1000    600     600     600     1000    900     1100    1700    1200    300     900     1000    700     
	146    1860 2500    900     2000    900     1200    2000    2500    900     800     900     700     800     700     1700    300     500     1300    1200    400     
	146    1861 3500    1500    1600    1500    1500    1600    3500    1500    600     700     1500    600     1600    600     600     600     2900    200     1400    
	146    1862 1800    1400    1800    1300    1200    1800    1300    1300    1100    500     800     700     500     1800    1000    1300    900     800     800     
	146    1863 2000    1200    2000    1200    1100    2000    1100    400     1200    800     1000    900     600     1600    1100    500     600     1100    400     
	146    1864 2700    1700    2700    1700    2700    1700    1600    1500    1200    1300    2700    2500    600     1700    1100    700     900     700     1900    
	146    1865 3000    900     2800    800     2800    2600    3000    400     800     500     2600    800     2600    700     800     2200    800     400     800     
	146    1866 1700    800     1700    600     1700    1700    1000    500     400     400     800     1700    800     1700    500     600     900     400     1000    
	146    1867 1000    700     1000    700     700     1000    1000    400     700     700     400     700     900     700     800     600     700     1000    600     
	146    1868 2500    800     2500    500     1400    1900    1600    200     500     800     600     1200    1900    1700    900     1600    500     700     400     
	146    1869 2200    1000    2200    1000    1200    2200    1100    900     1000    600     1100    700     1000    1200    1100    1100    500     500     800     
	146    1870 2600    2600    2000    2600    1500    2000    2300    800     1800    800     1000    1500    600     2000    300     1700    600     900     900     
	146    1871 2200    1700    2200    1700    1400    2200    1700    600     1700    1400    600     1300    500     500     1700    1300    1100    1000    300     
	146    1872 1700    1000    1700    700     1300    1300    1400    400     700     900     1200    1300    800     900     1300    900     1400    400     800     
	146    1873 1900    1200    1400    1000    1600    1200    1900    1000    1000    1200    1400    500     1000    700     600     1400    500     1900    1100    
	146    1874 2800    1500    2800    1500    1900    2800    1300    800     700     700     1900    900     1000    2600    1500    1000    1100    700     400     
	146    1875 2100    1700    2100    1300    1400    1000    900     700     1300    1000    1200    1200    900     1000    900     800     700     500     600     
	146    1876 2600    1200    2600    1200    1100    2600    1500    1100    300     300     800     1100    1000    2600    1800    500     1500    500     500     
	146    1877 1400    600     1400    600     1400    1000    900     600     100     300     1400    1000    1000    500     300     900     400     400     500     
	146    1878 1800    1100    1800    1100    1800    1600    800     200     1100    500     1000    900     1200    1600    600     600     800     500     400     
	146    1879 1800    1800    1200    1800    1300    1200    700     1600    400     1300    500     1100    500     900     400     700     700     700     1400    
	146    1880 2200    1900    2200    1800    1900    2200    2200    1300    600     1900    1700    900     1000    600     2200    2200    500     400     600     
	146    1881 1700    1000    1000    1000    1700    1000    900     800     1000    1000    1000    900     500     700     700     800     800     800     500     
	146    1882 1900    1900    1300    1900    1700    700     600     1900    1200    1700    1100    1300    400     400     700     600     600     200     500     
	146    1883 2300    1200    2100    1200    2300    1200    1000    1200    900     600     2100    1100    1200    600     1000    1000    800     200     1000    
	146    1884 2500    1000    2500    900     1300    2500    1200    800     900     1000    900     1100    1400    400     2300    1200    900     800     800     
	146    1885 2200    1300    2200    1200    2200    2100    1000    1200    500     1300    2200    400     900     1200    900     300     200     1000    1400    
	146    1886 1800    1700    1800    1700    1200    1400    1200    400     1700    800     900     1000    900     600     1400    1200    800     400     300     
	146    1887 3500    1800    3500    1700    2100    3200    1300    1200    1700    900     2000    500     3000    1400    1000    700     600     1300    400     
	146    1888 1300    700     1300    700     1300    1000    1300    700     600     500     600     1300    800     400     1000    1300    1300    900     1100    
	146    1889 2700    1800    2700    1800    1100    2700    1300    1600    400     500     1100    600     2000    700     500     800     700     1300    800     
	146    1890 2600    2600    1600    2600    1100    800     1600    300     2500    700     900     1000    700     800     800     1600    700     400     1600    
	146    1891 2100    1600    2100    1400    1000    2100    1800    900     1400    800     1000    700     1500    800     300     800     1000    800     1000    
	146    1892 1800    1000    1400    700     1800    1400    1000    700     700     1000    1400    1200    1200    1100    1400    1000    400     700     700     
	146    1893 4400    1400    3100    900     4400    2000    600     900     400     1400    3000    1500    2000    800     1900    600     500     600     500     
	146    1894 3200    1900    1300    1300    3200    1100    900     1300    600     1900    1300    800     1000    300     400     900     500     800     400     
	146    1895 1900    1000    1900    1000    1900    1100    1700    300     1000    800     1900    1300    1100    900     800     1700    400     600     700     
	146    1896 2000    1500    2000    1500    2000    1300    1000    1100    1500    700     1000    1900    700     1300    400     300     200     1000    600     
	146    1897 3900    1200    3900    1200    1000    3900    2500    1200    500     900     700     1000    800     3100    700     1000    1200    1300    1500    
	146    1898 2000    2000    1900    1900    2000    1300    1700    1900    400     2000    1000    600     800     800     1300    1700    1000    1000    700     
	146    1899 2500    2100    2500    1300    800     2300    1800    700     1300    800     400     600     2000    1600    1400    400     1200    1800    600     
	146    1900 2000    1900    2000    900     2000    1900    900     500     600     1400    1400    900     600     1900    600     900     300     500     800     
	146    1901 2300    1900    2300    1900    1400    2300    1500    1900    800     700     1100    1400    1000    2300    1400    900     800     900     300     
	146    1902 2200    1500    1200    1500    800     1200    2200    500     1500    700     700     500     1200    800     400     1100    1100    1000    1200    
	146    1903 1400    900     1400    900     900     1400    800     900     700     900     500     900     1000    500     300     800     300     500     1000    
	146    1904 2700    1500    2700    1000    2300    2700    1700    1000    700     1500    2300    1100    900     2300    1100    1600    700     800     800     
	146    1905 1600    1200    1600    1200    1600    1600    800     1200    600     600     800     1600    800     1600    1400    800     100     600     1100    
	146    1906 2300    800     1900    800     2300    1900    1200    500     400     700     1800    900     1300    1100    800     1100    300     600     800     
	146    1907 2400    1100    2400    1000    1700    1100    2400    1000    1000    1100    1000    600     400     1100    500     2400    400     1100    700     
	146    1908 2400    1300    2400    1300    900     2400    2300    900     1100    800     900     800     1200    1300    1100    900     2000    500     1100    
	146    1909 2000    2000    1300    1200    1100    1300    700     1200    1100    900     1100    1000    500     400     1300    700     400     700     600     
	146    1910 2600    1200    1400    1000    2600    1000    1000    1000    500     1200    1400    900     900     1000    900     800     1000    500     400     
	146    1911 2000    1200    2000    1200    1600    1300    600     1000    800     700     1100    1600    700     1300    900     400     600     300     400     
	146    1912 2000    1100    2000    1100    2000    1400    1300    1100    700     500     1800    400     400     1400    200     1300    900     400     400     
	146    1913 2600    2400    2600    2400    1000    1700    1200    1200    2400    1000    800     700     1000    800     1700    900     600     400     700     
	146    1914 2200    1900    2200    1900    2000    2200    1100    1900    700     400     1600    1000    1000    800     2200    900     1100    600     400     
	146    1915 2200    1100    2100    700     1400    1300    2200    700     500     700     1300    1000    1300    500     700     2100    2200    600     200     
	146    1916 3100    1200    3100    1200    1400    3100    1000    1000    300     1200    1100    700     800     1700    1400    1000    800     1000    500     
	146    1917 2100    2100    2000    1700    1500    1800    1400    1300    1000    1100    700     1300    1800    1200    500     1000    400     1000    400     
	146    1918 1400    1400    1400    1400    1400    1300    800     900     700     1400    600     900     900     800     1000    200     500     800     300     
	146    1919 2200    1200    2200    1200    2200    2200    1900    700     1200    900     1000    2200    700     900     1600    1900    900     500     400     
	146    1920 2900    1300    1300    1300    1100    1300    2900    800     1300    1100    500     1000    1300    500     800     1300    1500    1400    1100    
	146    1921 3200    1500    3200    1300    1800    3200    2100    400     1200    800     1300    1800    1000    2300    800     1600    1500    2100    1000    
	146    1922 2600    1800    2600    1200    1600    2100    1800    700     1200    1600    800     1300    2100    600     300     700     800     1800    800     
	146    1923 3200    1600    3200    800     1600    3200    900     800     700     1600    1200    900     900     2300    1300    900     300     500     500     
	146    1924 1900    1900    1300    1200    1900    1300    1400    700     1200    1900    1200    600     1000    700     800     600     1000    1400    1900    
	146    1925 1800    1000    1800    1000    1400    1800    1000    1000    600     500     1100    1400    1800    1000    1000    700     800     700     400     
	146    1926 2100    900     2100    900     1200    2100    900     700     900     800     900     500     1600    1200    600     800     900     500     900     
	146    1927 1800    1400    1700    1400    1700    800     1100    300     1400    1100    800     1300    400     800     500     800     1100    500     1300    
	146    1928 1800    1800    1700    1100    1500    1700    1100    300     1100    700     1000    800     800     1700    600     1100    700     400     500     
	146    1929 2200    2200    2000    2200    1800    1400    800     1400    2200    1600    1000    1800    600     1400    800     800     700     500     900     
	146    1930 2200    2200    1400    1700    1400    1000    700     1700    1500    1000    900     1100    1000    400     700     600     700     300     800     
	146    1931 1600    1600    1000    600     1600    1000    1200    400     600     1600    400     800     500     500     700     600     1200    1200    500     
	146    1932 2700    2500    2700    2200    1600    2700    900     1400    2000    1600    700     600     2700    500     1600    400     300     900     1100    
	146    1933 2500    1100    2500    1100    1700    1100    1300    1000    1000    1000    900     1700    800     1100    700     1300    700     1100    1200    
	146    1934 2100    1700    2100    1700    1500    1400    1500    700     1700    800     700     1400    1100    1300    800     800     400     1500    700     
	146    1935 2000    1600    2000    400     1800    2000    700     400     400     1600    500     1300    400     1700    900     700     600     500     600     
	146    1936 2700    2700    1600    1100    2700    1300    1100    600     1100    2700    700     1000    800     400     1300    1100    600     1000    800     
	146    1937 1800    600     1800    500     1400    1800    800     500     200     400     900     1200    700     700     1300    600     800     700     400     
	146    1938 2300    2300    2300    1200    2300    1200    1400    500     1200    2300    1400    1500    1200    700     700     600     600     1400    900     
	146    1939 2500    1300    2500    1300    1500    2000    800     400     900     400     700     1500    1000    700     2000    500     500     800     1500    
	146    1940 2100    900     2100    800     2100    1200    1200    700     600     900     600     2100    1200    500     800     1200    700     400     600     
	146    1941 1700    1500    1700    1500    1100    1700    1500    1200    600     1100    1000    800     1400    1300    300     1500    800     500     800     
	146    1942 3100    1400    3100    1400    3100    1200    600     1400    1000    1300    2000    1100    1200    400     600     600     300     600     800     
	146    1943 3100    3100    1900    1200    1900    1900    1600    700     1200    1900    1400    1100    900     1700    600     700     1600    600     800     
	146    1944 2000    1900    2000    1800    1700    2000    500     500     1800    1000    1300    800     700     1800    2000    500     400     200     700     
	146    1945 1300    900     1200    500     900     1200    1300    500     500     900     800     800     500     1200    500     1100    1100    1300    500     
	146    1946 1700    1400    1700    1400    1700    900     1400    1400    400     1200    1700    1600    400     900     700     700     1400    700     600     
	146    1947 3100    1800    3100    1800    1300    2400    1700    1600    700     500     1100    1300    900     1700    2400    700     1600    500     1200    
	146    1948 2100    2100    1500    1400    1100    1500    1100    100     1400    1000    700     1100    600     1300    500     700     700     1100    1100    
	146    1949 2300    1000    2300    1000    1200    2300    1400    600     1000    1000    900     700     1900    1300    1300    1200    900     600     500     
	146    1950 1500    1200    1500    1200    1000    1300    900     1200    400     800     500     1000    1300    500     500     200     900     100     1400    
	146    1951 2400    1100    1700    800     1700    1200    2400    400     400     800     1300    400     1200    900     600     600     2100    400     1300    
	146    1952 1900    1000    1900    800     1900    1000    700     500     800     1000    1200    1900    700     800     900     600     700     500     600     
	146    1953 3800    3800    1500    1000    2800    1200    1500    800     1000    2800    1100    1500    600     600     1000    500     800     1500    900     
	146    1954 2600    1700    2600    1700    2600    700     600     1000    700     1200    2500    2600    600     300     700     500     500     600     600     
	146    1955 2000    1400    2000    1100    2000    1400    700     900     900     800     1900    700     800     1200    600     700     700     700     600     
	146    1956 1400    800     1400    700     1400    1000    1400    500     700     800     900     900     1000    300     400     1400    800     800     600     
	146    1957 1500    1100    1200    1100    1500    1100    1200    1100    500     600     1200    700     1100    400     800     500     1200    800     1100    
	146    1958 1500    1300    1000    600     1300    1000    1500    400     200     1300    500     600     1000    900     400     600     800     1500    400     
	146    1959 2700    2100    2700    2100    1500    1700    2600    700     2100    400     1300    1500    1700    1400    900     1800    1800    700     500     
	146    1960 1400    1400    1300    500     1400    900     900     500     400     1400    1100    1300    900     400     800     900     300     300     400     
	146    1961 1500    1500    1300    1000    1500    900     1300    600     1000    1500    700     1100    800     600     900     1300    700     800     900     
	146    1962 2200    1200    2200    1000    1400    1800    2000    500     1000    600     800     600     1800    800     600     400     2000    400     800     
	146    1963 2000    1800    1400    1700    900     900     1400    1700    900     900     600     700     600     700     300     1400    900     500     1600    
	146    1964 3000    2600    1200    2600    1900    1000    1000    2600    500     1900    800     1100    500     900     600     800     700     900     700     
	146    1965 1400    1400    1200    800     1400    1200    1400    400     800     1400    500     800     600     700     1200    800     1400    600     300     
	146    1966 1600    1100    1600    1100    1400    1100    1500    1100    500     600     400     1400    1100    700     800     1400    700     300     200     
	146    1967 1800    1500    1800    1500    1200    1800    1000    900     1500    800     700     500     1800    800     1100    600     500     1000    500     
	146    1968 1800    1200    1700    800     1700    1300    1200    400     800     800     1700    500     1300    800     800     1200    800     600     1500    
	146    1969 1800    1200    1800    800     1200    1300    1800    800     400     1200    900     700     1300    1200    900     1600    1800    300     600     
	146    1970 2700    1100    2700    600     1600    2300    1300    600     300     800     300     1600    2300    600     1200    1300    1000    600     1300    
	146    1971 2200    1300    1600    1300    2200    1300    1500    600     700     600     1600    700     1000    1100    1300    1000    1200    500     1800    
	146    1972 2300    1800    1900    1300    1800    1200    2300    1100    800     1800    800     800     700     1200    1100    800     1800    300     1800    
	146    1973 2400    2300    2400    1000    2300    2400    1500    1000    700     2300    800     600     2400    500     2100    1500    800     700     400     
	146    1974 3500    1300    2200    800     3500    1400    700     500     700     1300    2200    900     1400    600     800     700     400     300     500     
	146    1975 2200    1200    2000    1100    900     2000    2200    800     1100    400     900     700     1100    800     1400    500     2200    700     600     
	146    1976 2500    1400    2500    1400    2500    2400    700     500     1000    1200    2300    800     1700    1300    2400    700     700     400     400     
	146    1977 2000    800     2000    500     1800    1600    1200    300     500     800     500     1800    1100    1600    600     1200    1100    300     600     
	146    1978 2400    800     2400    700     1900    1600    1000    300     700     700     1000    1900    700     1100    700     500     800     1000    700     
	146    1979 1200    600     1100    600     500     1100    1200    500     600     400     500     500     900     700     1100    1000    1200    400     400     
	146    1980 2900    1700    2900    1500    2900    1000    900     1500    1400    800     1000    2800    600     1000    800     900     500     600     400     
	146    1981 2300    1200    1800    1200    2300    1600    1000    500     1200    500     1800    1100    1000    600     1600    1000    200     300     400     
	146    1982 2500    1600    2500    1600    2400    2000    1300    1400    1600    1000    1600    2400    700     1600    400     1300    600     600     700     
	146    1983 2300    1600    2300    1200    1500    2300    1700    600     1200    1500    400     200     800     2300    1200    900     600     1400    900     
	146    1984 3100    1200    3100    1200    2100    2800    800     300     1200    1200    1900    400     1000    1000    2800    300     800     400     700     
	146    1985 2100    2100    1200    2100    1200    700     1600    400     2100    500     1200    1000    500     700     500     1200    1500    1200    500     
	146    1986 2500    2400    2300    2400    1400    2300    2500    300     2100    1400    1200    500     2000    1500    1200    1200    1300    500     500     
	146    1987 3200    3200    1300    3200    1200    1300    800     2500    1300    1200    900     700     700     900     400     500     400     800     700     
	146    1988 1600    1000    1500    1000    1600    1200    1300    400     1000    300     1500    800     1200    500     900     600     1300    600     600     
	146    1989 1900    1400    1900    1400    1900    1900    1200    1000    600     700     500     1900    1900    1300    1100    900     500     1200    900     
	146    1990 2600    800     2600    800     1800    2600    900     600     700     500     500     1800    900     2100    900     600     900     600     600     
	146    1991 2200    2200    2200    2200    1500    1200    1400    1200    1000    1300    900     1500    400     600     1200    1400    800     400     1600    
	146    1992 2000    1400    1900    1400    1700    1900    2000    1200    600     300     1000    1700    1000    1000    900     700     1300    600     1300    
	146    1993 2000    1700    2000    1700    1600    2000    1300    500     1500    1600    800     800     1200    800     600     400     1000    800     300     
	146    1994 1900    1700    1900    1700    1900    1300    1600    500     1700    500     1500    900     700     1300    900     600     1600    1000    300     
	146    1995 3700    1600    3700    500     2000    3700    2000    300     500     600     800     1200    1300    1300    2400    600     2000    1100    1200    
	146    1996 3200    3200    2800    3200    2800    1300    1000    2400    800     1300    1900    900     900     1300    1000    700     1000    300     1200    
	146    1997 3000    1800    2000    1800    1900    2000    1600    1800    400     900     1900    1100    700     1000    2000    1600    1000    600     500     
	146    1998 1700    1300    1700    1300    1700    1600    900     900     1300    1100    300     1700    500     700     1600    900     500     700     300     
	146    1999 1800    800     1800    800     1300    1300    1300    300     500     700     900     700     1000    900     500     1300    1300    500     300     
	146    2000 2300    1000    2300    1000    2200    2300    600     1000    200     800     700     1500    800     1600    700     600     400     200     700     
	146    2001 1800    1300    1800    1300    1300    1800    600     1300    900     600     400     1300    800     1100    600     400     500     600     1300    
	146    2002 2200    1100    1300    1100    2200    700     1000    1000    600     900     1300    800     600     700     700     1000    600     700     1300    
	146    2003 3000    3000    2900    2300    2300    2900    1500    700     2300    2300    1400    600     1000    1200    2800    900     1500    800     900     
	146    2004 2200    1300    2200    1300    2200    1300    1100    400     1300    900     800     2200    1300    500     400     1100    1100    600     1500    
	146    2005 1400    800     1400    700     800     1400    900     600     700     800     500     700     1400    900     500     900     600     300     600     
	146    2006 2400    1500    2400    1500    1500    2400    2200    1100    900     1300    1000    1500    1300    2100    200     2200    1000    700     1000    
	146    2007 4600    1100    3500    1000    4600    800     1300    400     600     1100    3000    600     700     800     800     600     1300    400     1400    
	146    2008 1600    1500    1600    1500    1600    1000    1000    500     1500    400     900     1500    700     400     1000    1000    900     700     1100    
	146    2009 2300    1200    2300    1000    1500    2000    2300    800     800     1200    1500    700     1400    600     900     2300    500     200     500     
	146    2010 2400    900     2400    500     2400    1200    800     500     500     900     2400    1600    1100    900     500     600     800     500     1400    
	146    2011 3400    3000    3400    1200    3400    900     2700    1200    700     2900    1900    1500    400     700     400     500     600     2100    400     
	146    2012 2000    1300    1100    900     2000    1000    1200    800     900     1300    700     700     700     900     800     1100    500     1200    100     
	146    2013 2200    2200    2200    1400    2100    2200    1300    800     1400    1300    1100    1000    1100    2200    1200    1100    500     400     400     
	146    2014 2000    1700    2000    300     1700    1600    1900    300     300     1700    800     800     1600    900     300     1900    400     900     700     
	146    2015 1600    1600    1300    1600    1300    1100    1300    500     1600    1100    1300    1000    1100    700     900     600     900     400     400     
	146    2016 1700    1700    1400    400     1700    1000    1400    300     400     1700    600     1100    800     1000    700     1400    800     900     1500    
	146    2017 2200    1300    1200    1300    2200    1200    800     1300    600     1100    1100    900     1200    1000    900     500     800     400     800     
	146    2018 4300    1600    4300    1300    1500    4300    1900    400     1300    500     1000    1500    1600    2700    700     800     1900    1400    800     
	146    2019 2000    2000    2000    1800    2000    1700    700     700     1800    1400    2000    1700    1000    1000    1100    400     300     700     600     
	146    2020 2100    1900    2100    600     2100    1000    1600    600     300     1900    2100    1100    900     800     1000    1600    600     800     500     
	146    2021 2100    1700    2100    1000    1600    2100    1300    600     1000    900     1600    400     1200    2100    600     1300    500     300     800     
	146    2022 3300    1500    3300    1000    3300    2000    700     1000    400     1500    2300    1000    1000    2000    1600    500     700     500     500     
	146    2023 3800    1000    3800    1000    1900    1900    1100    500     1000    300     700     1900    1900    900     1100    1100    700     200     600     
	146    2024 1800    1500    1800    800     1500    1800    1200    800     500     1500    300     1000    800     500     1300    1100    500     1000    700     
	146    2025 3800    1300    3800    1300    3800    1500    1200    1200    1000    1100    1500    2300    1100    700     1500    1000    500     700     1200    
	146    2026 -999999 1000    -999999 500     -999999 -999999 -999999 500     500     1000    800     -999999 -999999 -999999 -999999 -999999 -999999 -999999 -999999 
	