EUROPEAN CLIMATE ASSESSMENT & DATASET (ECA&D), file created on: 17-05-2026
THESE DATA CAN BE USED FOR NON-COMMERCIAL RESEARCH AND EDUCATION PROVIDED THAT THE FOLLOWING SOURCE IS ACKNOWLEDGED: 

Klein Tank, A.M.G. and Coauthors, 2002. Daily dataset of 20th-century surface
air temperature and precipitation series for the European Climate Assessment.
Int. J. of Climatol., 22, 1441-1453.
Data and metadata available at http://www.ecad.eu

FILE FORMAT (MISSING VALUE CODE = -999999):

THIS FILE HOLDS DATA FOR STATION NETHERLANDS                              MAASTRICHT (HELMSTRAAT)                  (STAID:  20558)
LATITUDE: dd:mm:ss +50:49:59
LONGITUDE: ddd:mm:ss +005:40:59
ELEVATION: m -100

DATA IS FOR INDEX Maximum no of consecutive dry days (RR < 1 mm) (CDD) with unit 0.01 No of days

01-06 SOUID: Source identifier
08-11 YEAR : YYYY
13-20 ANNUAL DATA VALUES
21-28 WINTER HALF YEAR DATA VALUES
29-36 SUMMER HALF YEAR DATA VALUES
37-44 WINTER (DJF) DATA VALUES
45-52 SPRING (MAM) DATA VALUES
53-60 SUMMER (JJA) DATA VALUES
61-68 AUTUMN (SON) DATA VALUES
69-76 JANUARY DATA VALUES
etc. 
157-164 DECEMBER DATA VALUES

20558  1852 -999999 -999999 -999999 -999999 -999999 1600    1300    -999999 -999999 -999999 -999999 800     500     1500    400     600     1300    400     600     
	20558  1853 3700    1500    1600    1400    1500    1600    2100    500     1400    1500    400     900     1600    1300    1400    800     1000    2100    1600    
	20558  1854 2200    2100    2200    1200    2100    900     1700    1200    300     2100    1500    800     600     900     500     1700    500     1000    400     
	20558  1855 2200    1300    1300    1300    1200    800     2200    1300    700     500     1200    800     800     500     600     1300    500     2200    800     
	20558  1856 2200    1200    1900    1000    1400    1900    2200    1000    900     1000    900     300     800     1100    800     800     1400    800     500     
	20558  1857 3200    3200    1700    3200    2100    1600    1900    700     2500    1500    700     900     1200    900     1600    1700    1500    1900    1400    
	20558  1858 3200    3200    2000    2600    2000    1400    1600    900     2600    1400    2000    1100    1100    500     1400    1200    800     900     800     
	20558  1859 2800    1500    2800    1500    1600    2800    2500    1500    700     800     500     1600    800     2000    1300    1200    1000    2500    1500    
	20558  1860 2400    1700    1400    1700    900     1400    2400    900     1700    900     700     700     300     1400    600     500     1100    1300    500     
	20558  1861 3400    3400    1700    3400    1700    1400    1600    2400    1000    800     1700    400     1400    600     600     900     1100    400     1300    
	20558  1862 3300    2600    2200    2100    1800    1600    3300    800     2100    1200    800     1100    700     700     1600    2200    1100    1000    700     
	20558  1863 2800    1400    1600    1400    2800    1600    2200    700     1400    1300    1500    1100    700     1500    1100    1500    1200    1400    300     
	20558  1864 2700    2400    2700    2400    2700    1600    1800    2200    900     1600    2600    1900    1400    1600    800     800     1000    700     2000    
	20558  1865 4000    1600    3200    1600    2700    2400    3800    300     900     700     1800    1000    2400    600     400     3000    800     1400    1500    
	20558  1866 3300    900     1400    900     1400    1100    3300    800     500     600     1400    1100    1100    1000    600     500     2800    800     900     
	20558  1867 1300    1000    900     600     900     700     1300    500     600     800     300     900     500     700     700     700     900     1300    800     
	20558  1868 2000    700     2000    700     1100    2000    1800    700     500     500     800     1000    1700    2000    900     1800    600     700     300     
	20558  1869 2100    1100    2100    1100    1300    2100    1000    1100    700     500     1000    300     1400    2100    1300    1000    800     900     800     
	20558  1870 2300    2300    1700    2300    1700    1100    1900    1000    2300    800     1700    1400    1100    900     500     1200    700     700     1200    
	20558  1871 1800    1300    1200    1300    1000    1200    1800    800     1300    1000    800     600     1000    700     1200    1100    1300    1200    1200    
	20558  1872 1200    1200    1100    1200    1000    1100    600     800     600     1000    600     400     800     900     1100    600     600     400     800     
	20558  1873 2200    1000    1400    900     1500    1000    2100    900     900     1000    900     700     600     600     900     1400    700     1300    2200    
	20558  1874 1700    900     1500    900     1400    1500    1700    900     800     800     1100    700     1200    1200    1500    700     1400    1000    1000    
	20558  1875 1900    1800    1800    1100    1800    1000    1500    800     1100    1800    1300    1800    1000    700     800     1500    700     900     1000    
	20558  1876 2500    2500    1500    2500    1100    1500    1800    1400    1200    800     1000    1000    800     1500    1300    500     1800    600     800     
	20558  1877 1500    600     1500    400     1000    1500    1200    400     300     600     1000    800     1500    600     300     500     700     600     1200    
	20558  1878 1300    900     1300    900     1100    1200    1300    400     900     400     1100    600     900     1200    600     1300    1200    800     1000    
	20558  1879 3500    2000    1100    2000    1200    700     1100    1500    600     1200    600     1100    600     700     700     800     1100    700     2800    
	20558  1880 2700    2400    2700    1700    2700    1900    900     1600    1000    2400    1800    2200    700     500     1900    900     500     800     600     
	20558  1881 1700    1700    1100    1700    1100    1000    1200    1700    1600    900     900     1100    1000    800     600     500     900     1200    900     
	20558  1882 1600    1600    1300    1600    1300    700     700     1600    1400    900     1200    1300    300     400     700     700     500     300     1200    
	20558  1883 2900    2300    2900    1900    2900    1300    1000    1900    800     2300    2900    1300    800     300     1300    700     1000    400     1000    
	20558  1884 2400    1500    2200    1500    1100    900     2400    700     1300    1000    900     1100    600     500     900     2200    1200    900     1000    
	20558  1885 1700    1700    1600    1500    1700    1600    900     1500    400     1700    1300    400     800     900     900     600     300     900     1100    
	20558  1886 3000    2700    3000    2600    3000    1800    1200    1000    2600    1800    1800    1200    600     1200    1400    1200    900     400     900     
	20558  1887 4000    2300    4000    1600    2100    4000    900     1100    1600    2100    2100    500     2600    1400    900     900     500     800     700     
	20558  1888 2500    2500    2300    1700    2300    900     1200    1300    1700    900     700     2300    500     300     900     1200    1200    700     2200    
	20558  1889 1600    1600    1300    1400    1100    1300    1400    1400    800     900     900     600     1300    700     400     1200    500     1400    1000    
	20558  1890 3400    3400    1400    2800    1300    1100    1400    500     2800    1000    700     1000    1100    300     700     1400    700     500     3100    
	20558  1891 5900    2300    1000    2300    1300    900     1700    2300    1600    1300    700     800     900     800     600     1000    1300    1300    800     
	20558  1892 2700    2700    1600    1800    1600    1100    600     1800    1400    1300    1400    1600    1100    1000    1100    600     400     400     1500    
	20558  1893 6100    3200    4700    3200    6100    1700    1100    2200    400     1400    3000    1700    1700    700     800     600     1100    900     1000    
	20558  1894 3600    2100    1600    1700    3600    1600    1500    1700    1300    2100    1500    800     900     700     600     1100    600     1500    800     
	20558  1895 1800    1400    1600    1400    1100    900     1800    1000    1300    1100    900     1000    900     800     800     1600    600     700     1200    
	20558  1896 2800    2800    1500    2800    1500    1100    1500    1500    1300    1300    1400    1500    1100    600     500     500     400     1500    1300    
	20558  1897 4500    2500    1300    2500    900     1300    4500    2200    1300    800     900     600     500     1300    500     800     1800    2700    1800    
	20558  1898 2300    1300    1200    1000    1400    1100    1400    1000    600     900     1000    800     1100    900     1000    1200    1200    1200    700     
	20558  1899 2400    1700    2400    1200    1700    2100    1700    700     1100    1700    400     1200    2100    1400    1500    300     1400    1700    1700    
	20558  1900 2300    2300    2100    1000    2100    1000    1600    500     700     1600    1400    1600    400     1000    700     1600    900     800     900     
	20558  1901 3000    3000    2200    2800    1800    2200    1700    2000    2800    1200    1300    1800    1100    2200    900     1200    900     1200    700     
	20558  1902 1700    1700    1400    1700    900     1400    1400    1200    1700    800     900     800     1400    800     600     1300    900     1100    1200    
	20558  1903 2600    1100    2600    1100    1300    1300    1000    1100    1100    1000    300     1300    1300    800     400     600     600     900     2100    
	20558  1904 2800    2200    1500    2200    1500    1100    1300    1400    800     900     1300    900     600     1100    500     1300    800     900     1600    
	20558  1905 1400    900     1400    900     1100    1300    700     700     400     600     1100    1000    1300    400     1200    700     300     500     900     
	20558  1906 2300    600     1800    600     2300    1200    1200    400     600     500     1800    600     1200    1000    500     1000    800     600     900     
	20558  1907 2400    1400    2400    1400    1100    700     2400    1400    1200    800     500     1100    600     400     700     2400    500     1200    700     
	20558  1908 2500    1300    1200    1300    900     1200    2500    700     600     900     400     500     800     700     600     900     1700    1200    1100    
	20558  1909 2000    2000    1600    1300    1100    1600    1300    900     1300    700     1100    900     1600    600     1200    500     900     1000    1100    
	20558  1910 1500    1000    1500    1000    1300    1000    1500    1000    500     1000    700     900     1000    700     500     1500    1400    500     1000    
	20558  1911 2500    1400    2500    1400    1500    2100    2000    1200    600     700     1500    800     1000    2100    1200    2000    700     500     600     
	20558  1912 2200    800     2200    800     2200    1300    1300    800     500     300     1900    800     600     1300    500     1300    1000    300     700     
	20558  1913 1900    1900    1400    1900    1100    1400    1000    600     1900    600     1000    800     400     700     1400    800     800     600     500     
	20558  1914 1500    1500    1200    1500    1000    700     1200    1500    1100    300     1000    900     600     700     700     900     800     1100    500     
	20558  1915 1600    1600    1600    1600    800     1300    1000    900     700     700     500     800     1300    600     600     1000    1000    600     800     
	20558  1916 2200    1000    2200    1000    900     2200    1300    300     800     900     700     600     800     1200    1000    900     500     1000    600     
	20558  1917 2900    2900    1200    2900    1200    900     1200    1200    1700    600     500     1100    400     700     900     900     400     900     900     
	20558  1918 1800    1800    1500    1300    1800    1200    1300    700     600     1800    700     600     900     800     400     600     900     1300    400     
	20558  1919 2700    2700    2300    2700    1900    1700    1400    1300    1400    1000    900     1900    500     300     1700    1400    900     300     700     
	20558  1920 2900    1200    1100    1000    1200    1100    2900    800     1000    1200    400     500     800     800     1100    800     1600    1400    1700    
	20558  1921 3300    1400    1400    900     1400    1200    3300    400     900     600     1400    700     900     1100    1000    1100    2200    2100    700     
	20558  1922 2700    1400    2700    1100    2500    1600    1200    400     1100    1400    500     2500    1600    700     600     500     1200    800     600     
	20558  1923 2100    2100    1900    600     2100    1900    1200    600     600     2100    700     700     500     1500    1300    1200    300     800     500     
	20558  1924 1700    1700    1200    1300    1700    1200    1700    800     1300    1700    800     700     900     1200    400     400     1300    1700    1200    
	20558  1925 2000    1100    2000    800     900     2000    1500    800     700     600     800     900     2000    1000    700     300     1300    1500    700     
	20558  1926 1900    1900    1500    1100    1900    900     1100    1100    700     1900    900     900     600     800     900     1100    700     600     1000    
	20558  1927 2600    1100    2600    1100    2600    700     1900    1100    1000    1100    900     2200    400     700     400     700     1900    500     1400    
	20558  1928 2900    2900    2400    1100    1800    1800    2300    600     1100    1800    700     800     700     1800    900     2300    500     800     400     
	20558  1929 2700    2600    1500    1500    2700    1400    800     1500    1400    2600    900     1200    600     1000    1400    800     600     800     700     
	20558  1930 1800    1800    1400    1100    1400    1000    1000    800     1100    1100    900     500     1000    400     700     500     1000    300     1200    
	20558  1931 3200    2900    1500    1000    3200    1500    1400    500     1000    2900    800     800     1200    900     500     800     1200    1400    800     
	20558  1932 2600    2600    1100    2000    1500    800     1700    1700    2000    1500    700     1100    800     500     800     500     400     1700    2100    
	20558  1933 2500    2100    1600    2100    1600    1200    1000    2000    900     1400    1600    1000    900     1200    900     1000    500     500     2000    
	20558  1934 2500    2500    2400    2500    2200    1500    800     700     2500    800     700     2200    1200    1400    1500    800     400     600     500     
	20558  1935 2200    2000    2200    600     2000    2200    800     600     500     2000    300     1300    400     1100    1300    700     800     800     500     
	20558  1936 3400    3400    1600    1500    2900    1100    1500    500     1500    2900    700     700     600     300     1100    1000    1300    1100    800     
	20558  1937 2000    800     2000    800     1300    2000    2000    600     300     400     700     1100    900     700     1300    800     2000    900     700     
	20558  1938 2300    2300    1500    1100    2300    1300    1300    400     1100    2300    1500    1300    1300    900     600     800     900     1300    1200    
	20558  1939 2500    1200    2500    1200    1400    1100    500     400     900     800     900     1400    1100    800     900     500     200     500     1900    
	20558  1940 1900    1100    1900    800     1900    1000    1300    800     300     1100    800     1900    1000    300     700     800     1300    400     600     
	20558  1941 1600    1100    1600    1100    1300    1600    1500    1100    900     1100    800     1300    1100    1300    300     1500    700     600     600     
	20558  1942 2200    1300    2200    1300    2200    1100    1100    1300    800     1000    2100    1000    1100    600     800     1100    700     1000    900     
	20558  1943 1900    1900    1500    1200    1900    1500    1400    800     1200    1900    700     900     800     1000    700     900     1400    700     1400    
	20558  1944 2500    1100    2500    1000    1400    2500    500     400     1000    1000    400     1400    1000    800     2500    400     500     300     800     
	20558  1945 1500    800     1500    600     1100    1500    1300    600     400     800     800     1100    600     1500    800     800     1300    1300    1000    
	20558  1946 1300    1300    1100    1000    1300    600     1300    900     400     1200    1100    900     400     600     500     600     1300    1200    1300    
	20558  1947 3300    900     3300    900     1000    2500    1400    900     600     300     1000    700     700     600     2500    800     1400    400     400     
	20558  1948 2100    2100    1400    600     1500    900     1200    300     600     1500    800     1400    900     600     500     800     1200    1100    1000    
	20558  1949 1900    1700    1900    1700    1600    1900    1600    900     800     1200    1200    500     1500    1000    600     700     900     500     700     
	20558  1950 1200    1200    1100    1200    1100    800     1000    1200    400     900     500     1100    800     500     500     400     1000    500     900     
	20558  1951 2500    2500    1200    2500    1100    900     2200    900     1600    700     1100    600     900     700     700     700     2000    300     1300    
	20558  1952 1600    1600    1400    1600    1400    1100    1000    500     1600    1000    1300    1400    1000    900     1100    800     500     1000    1000    
	