EUROPEAN CLIMATE ASSESSMENT & DATASET (ECA&D), file created on: 17-05-2026
THESE DATA CAN BE USED FOR NON-COMMERCIAL RESEARCH AND EDUCATION PROVIDED THAT THE FOLLOWING SOURCE IS ACKNOWLEDGED: 

Klein Tank, A.M.G. and Coauthors, 2002. Daily dataset of 20th-century surface
air temperature and precipitation series for the European Climate Assessment.
Int. J. of Climatol., 22, 1441-1453.
Data and metadata available at http://www.ecad.eu

FILE FORMAT (MISSING VALUE CODE = -999999):

THIS FILE HOLDS DATA FOR STATION NETHERLANDS                              HUPSEL                                   (STAID:    454)
LATITUDE: dd:mm:ss +52:04:04
LONGITUDE: ddd:mm:ss +006:39:24
ELEVATION: m   29

DATA IS FOR INDEX Maximum no of consecutive dry days (RR < 1 mm) (CDD) with unit 0.01 No of days

01-06 SOUID: Source identifier
08-11 YEAR : YYYY
13-20 ANNUAL DATA VALUES
21-28 WINTER HALF YEAR DATA VALUES
29-36 SUMMER HALF YEAR DATA VALUES
37-44 WINTER (DJF) DATA VALUES
45-52 SPRING (MAM) DATA VALUES
53-60 SUMMER (JJA) DATA VALUES
61-68 AUTUMN (SON) DATA VALUES
69-76 JANUARY DATA VALUES
etc. 
157-164 DECEMBER DATA VALUES

454    1880 -999999 -999999 -999999 -999999 -999999 -999999 900     -999999 -999999 -999999 -999999 -999999 -999999 500     2000    900     500     500     400     
	454    1881 2700    2700    1200    2700    1300    900     900     2700    900     900     1200    1100    800     500     800     700     600     900     1100    
	454    1882 1900    1900    1300    1900    1500    500     900     1900    1300    1500    1200    1300    500     400     500     900     700     300     700     
	454    1883 4300    1600    3700    1600    4300    1100    1000    1600    600     900     3000    700     1100    300     500     500     700     400     500     
	454    1884 2200    1200    2200    1200    2200    1300    1300    800     1200    1000    2200    1200    600     300     1100    1300    600     900     1100    
	454    1885 1600    1500    1300    1500    1600    1300    1000    1500    1100    1100    1300    500     900     1100    800     500     400     1000    1100    
	454    1886 2200    2200    1400    2200    1800    1400    1200    1000    2200    1800    1000    1000    700     700     700     1200    1000    300     1600    
	454    1887 3400    2900    3000    2900    2000    3000    900     1800    1800    2000    1800    500     2600    900     900     500     900     900     1100    
	454    1888 1600    1600    1600    1500    1100    1600    1500    900     1500    700     700     1100    800     400     1600    1200    1500    1300    1300    
	454    1889 1200    1100    1200    900     1000    1200    900     800     300     900     1000    500     900     500     400     900     400     700     800     
	454    1890 1900    1800    1900    1500    1300    600     1800    400     1400    1100    600     700     500     300     600     1800    700     600     1700    
	454    1891 3200    2600    700     2500    800     500     900     1900    2500    800     600     500     500     400     300     700     600     400     1000    
	454    1892 1900    1100    1600    800     1900    1200    1000    700     600     1100    1600    700     600     1200    1000    500     500     1000    900     
	454    1893 4500    1400    3100    800     4500    1800    900     800     400     1400    3000    1200    1800    700     1700    500     600     900     600     
	454    1894 2400    1400    1200    1400    2400    1100    1100    1400    900     1200    1200    1200    1000    600     400     1100    700     900     1300    
	454    1895 1800    1500    1700    1500    1200    800     1800    700     1300    700     900     1200    800     700     800     1700    700     700     900     
	454    1896 1400    1400    1400    1400    1400    800     1000    900     1100    600     700     1400    700     700     700     400     300     1000    500     
	454    1897 2600    1100    1200    1100    700     1200    2600    1100    500     700     700     600     700     1200    500     600     1200    1400    1500    
	454    1898 1700    1300    1300    1300    1200    1300    1700    1300    400     700     1200    400     1000    900     1300    1100    1100    1700    600     
	454    1899 2500    2000    2500    1200    900     2200    1200    600     1200    900     300     600     2000    1200    1700    300     1200    900     600     
	454    1900 1700    1500    1500    1100    1700    700     1500    500     1000    1500    800     800     400     500     700     1500    500     800     400     
	454    1901 2200    1900    2200    1900    2200    1600    1600    1900    600     600     900     2200    1100    1600    1000    1300    900     800     600     
	454    1902 1800    1800    1300    1800    1300    1300    1300    400     1800    700     1300    500     1300    600     400     1300    500     1100    1200    
	454    1903 1600    1200    1600    1200    1100    1600    1000    1200    700     1100    400     900     1100    500     500     1000    600     500     1600    
	454    1904 2700    1200    2700    1200    1600    2700    1200    1000    500     600     1100    1600    800     2200    500     1200    600     1100    1100    
	454    1905 1400    1400    1100    1400    1100    700     800     1400    400     400     1100    1100    600     700     600     800     500     500     700     
	454    1906 1800    800     1700    800     1800    1000    1200    400     800     500     1700    500     1000    800     700     1100    1100    500     1100    
	454    1907 1700    1200    1600    900     1700    700     1600    900     700     1200    700     1000    500     700     200     1600    400     1100    800     
	454    1908 2700    1800    1500    1300    1800    1500    2700    900     600     1800    700     500     1200    700     600     1000    2300    1100    1300    
	454    1909 1300    1400    1300    1300    1300    800     1300    900     1300    600     1100    1300    700     600     800     700     700     900     900     
	454    1910 1500    1300    1400    900     1500    1400    1300    900     400     1300    500     1200    900     300     1400    800     1300    700     500     
	454    1911 2200    1200    2200    1200    1600    2100    1200    1200    400     900     1600    700     800     1200    2000    1200    700     1000    600     
	454    1912 2200    1300    2200    1300    2000    2200    1400    1300    1100    400     1900    400     400     2200    400     1400    1200    300     700     
	454    1913 1900    1900    1600    1900    1200    1600    1000    800     1900    400     1000    300     800     800     1600    900     800     400     600     
	454    1914 2300    1600    2300    1600    2300    1700    1300    1600    1000    300     2000    800     900     700     1700    800     1300    1200    500     
	454    1915 3700    800     3700    700     1300    2400    1400    700     300     400     700     1300    2400    500     600     1200    1400    700     600     
	454    1916 2800    1200    2800    1200    1200    2800    1100    700     500     1200    800     600     1200    1500    1300    1000    700     900     400     
	454    1917 3000    3000    1200    3000    1500    1000    1300    1400    1600    1500    300     900     900     1000    400     1100    300     900     800     
	454    1918 1500    1500    900     1300    1400    900     1200    800     600     1400    800     600     500     700     700     400     1000    600     500     
	454    1919 3100    3000    3100    3000    2900    1800    1300    1500    1500    900     1000    2900    1500    600     1500    1300    800     500     700     
	454    1920 2800    1100    1300    1100    1100    1300    2800    700     1100    1100    800     500     1300    400     600     1000    1600    1400    1200    
	454    1921 2800    1400    1500    1300    1500    900     2300    400     1300    700     1000    1500    900     900     500     1200    1600    2300    700     
	454    1922 3500    1600    3500    1200    2600    900     1400    1200    1100    1600    700     2600    900     400     600     600     1400    800     500     
	454    1923 1900    1600    1900    400     1600    1900    700     400     400     1600    1100    500     500     1400    1300    700     400     700     400     
	454    1924 1700    1700    1000    1300    1700    1000    1500    1200    1200    1700    800     300     900     800     400     600     1000    1500    1200    
	454    1925 1800    1200    1800    1200    1000    1700    1200    1200    600     500     1000    600     1700    700     1400    300     1000    1100    800     
	454    1926 1500    1500    1500    700     1500    1000    800     700     500     1500    600     500     300     800     1000    800     600     400     700     
	454    1927 1900    1000    1500    1000    1500    600     1300    700     1000    1000    700     1100    400     300     600     900     1300    600     1300    
	454    1928 2300    1700    2300    1200    1400    2000    2200    400     1200    1400    900     800     600     2000    500     2200    300     800     500     
	454    1929 1900    1900    1200    1900    1800    1200    800     1500    800     1800    1000    800     500     1200    800     800     800     700     400     
	454    1930 2100    2100    1200    1700    1300    1100    1100    1700    1200    1200    600     500     1100    500     800     400     1100    300     600     
	454    1931 1500    1100    1500    700     1100    1500    1400    500     700     1100    400     600     1000    500     500     600     1200    1400    1100    
	454    1932 2100    2100    1400    2100    1800    1400    1000    1400    1200    1800    700     600     1400    400     600     300     500     1000    2000    
	454    1933 1800    1800    1400    1800    1300    1400    1300    1800    500     1300    1100    900     900     900     1400    1100    700     1300    700     
	454    1934 2400    2400    2100    2400    1700    1400    800     700     2400    800     700     1700    700     1300    1000    800     400     700     300     
	454    1935 1600    1600    1500    600     1600    1000    700     600     300     1600    300     1300    500     1000    900     600     500     700     600     
	454    1936 1500    1300    1200    1200    1300    1000    1500    600     1200    1300    800     800     800     200     1000    400     1200    1000    700     
	454    1937 2300    1100    1500    500     1000    1500    2300    500     300     400     400     1000    400     600     900     500     1600    1000    500     
	454    1938 1700    1400    1700    1300    1500    1700    1300    300     1300    1400    600     1500    1700    1000    600     1300    700     1200    1100    
	454    1939 2300    1200    2300    1200    1300    1600    800     400     800     400     800     1300    1000    1200    1600    700     400     400     1500    
	454    1940 1600    1500    1600    1500    1600    1100    1300    1400    700     400     600     1600    1100    300     900     700     1300    400     900     
	454    1941 2400    1100    1600    1100    1200    900     2400    1100    700     1100    900     1200    900     700     200     1600    800     700     600     
	454    1942 2100    1800    2100    1500    2100    1400    1100    1500    1500    1200    2100    600     1400    600     700     1100    500     700     800     
	454    1943 1900    1800    1900    1300    1600    1900    1400    500     1300    1600    700     1100    900     1800    600     600     1400    500     1000    
	454    1944 1800    1800    1700    1800    1000    1700    1300    300     1800    1000    400     700     700     800     1700    1300    700     300     1400    
	454    1945 1600    900     1600    600     1400    1200    1600    600     300     900     1400    1100    800     1200    700     1600    1000    1300    500     
	454    1946 1800    1500    1800    1500    1800    1000    1500    1500    400     1100    1100    1200    400     600     300     600     1500    700     1300    
	454    1947 1700    1500    1700    1500    1100    1700    900     1300    500     800     1100    1000    600     1100    1700    700     800     400     900     
	454    1948 2000    2000    1900    1400    1900    1000    900     300     1400    1100    1900    1200    800     700     1000    600     800     900     1100    
	454    1949 1800    1600    1600    1600    1500    1600    1800    1000    1000    1300    800     700     1300    1100    700     800     1000    500     700     
	454    1950 1600    1500    1600    1500    900     1300    1000    1500    400     800     500     900     1300    400     500     400     1000    600     1000    
	454    1951 2200    1100    1000    1100    1000    700     2200    900     300     900     1000    800     600     500     700     800     2000    300     500     
	454    1952 2000    1000    2000    800     2000    900     900     500     800     1000    2000    1200    500     900     600     900     800     300     800     
	454    1953 3400    2000    1400    1100    1600    1400    3400    800     1000    1600    1400    1400    600     400     1400    700     2700    1700    900     
	454    1954 1700    1700    1500    1700    1700    600     900     1100    600     1700    1100    1300    600     400     300     600     900     800     600     
	454    1955 1500    1100    1500    900     1200    1500    800     900     800     900     1200    400     1300    600     1500    800     800     800     400     
	454    1956 1500    1200    1300    800     1500    700     1300    500     800     1200    1200    800     700     300     300     1300    800     800     600     
	454    1957 1300    700     1200    600     1300    900     600     600     300     600     1000    800     600     600     700     300     500     600     900     
	454    1958 1800    1300    1000    600     1300    900     1700    500     300     1300    800     500     800     900     500     600     800     1700    500     
	454    1959 3700    2700    3700    2700    1100    2500    2700    700     2000    700     1000    1100    1500    2500    1700    2000    1800    1700    800     
	454    1960 2100    2100    1200    500     2100    800     1200    400     500     2100    800     1200    800     400     700     1200    400     400     600     
	454    1961 1300    1000    1300    1000    900     1200    1300    600     1000    900     800     600     1200    500     700     1300    1200    900     800     
	454    1962 2000    1200    1900    1100    1400    1400    2000    400     1100    1000    1400    500     1400    600     500     400     2000    1100    700     
	454    1963 2100    2000    1300    1200    900     1100    1100    1000    1200    800     500     900     500     1100    300     1100    800     600     1600    
	454    1964 2400    2400    1600    1900    1800    1200    900     1900    600     1800    700     1000    800     800     1200    700     700     900     600     
	454    1965 1800    900     1800    900     800     1100    1800    600     900     700     400     700     800     300     800     1800    1300    700     400     
	454    1966 1600    1200    1600    1200    900     1100    1500    1200    600     700     700     900     1100    600     800     1500    800     400     400     
	454    1967 1600    1600    1200    1600    800     1200    1000    900     1600    700     800     300     800     400     1200    800     900     1000    400     
	454    1968 2500    1200    2500    800     2500    800     1100    400     800     400     2500    500     600     700     800     700     1100    1000    1700    
	454    1969 2000    1700    1800    1300    900     1000    2000    1300    800     900     900     500     1000    700     900     1500    2000    300     1000    
	454    1970 2300    1300    2300    900     1200    2300    1300    900     400     800     500     1200    2300    500     900     1300    1200    800     600     
	454    1971 2200    1300    2200    1300    2000    2000    2200    1300    400     500     1500    1300    900     1900    500     2200    1200    800     800     
	454    1972 2300    2000    2000    1800    1500    1200    2300    700     1800    1500    900     600     400     1000    1200    800     1900    500     1800    
	454    1973 2100    1800    2100    1600    1800    2100    1600    1600    600     1800    600     400     1800    600     2100    1600    900     700     500     
	454    1974 3300    1100    2200    1000    3300    900     600     400     1000    1100    2200    600     800     500     900     400     500     600     400     
	454    1975 2100    1100    2100    1100    1400    2100    1800    800     1100    600     700     1400    1000    700     1400    1100    1800    800     600     
	454    1976 2800    1600    2800    1600    2800    1900    900     500     1600    1600    2600    800     1700    900     1500    600     800     900     500     
	454    1977 2500    800     2500    500     1100    1700    2500    300     500     700     500     1100    800     1600    600     2500    2000    400     1000    
	454    1978 1200    1100    1200    1100    1100    900     1100    1100    900     500     900     1100    500     900     800     400     1100    1000    700     
	454    1979 1500    900     1200    900     1000    1200    1500    900     600     200     1000    500     600     600     400     1100    1100    400     600     
	454    1980 2400    1500    2400    1400    2400    1100    1100    1400    1400    700     800     2300    500     800     1000    600     600     500     500     
	454    1981 1700    700     1700    700     1100    1500    700     600     700     500     1100    600     700     700     1000    700     300     500     600     
	454    1982 2000    1400    2000    1400    1600    2000    1800    1400    1300    1200    1600    1000    500     1600    400     1800    800     600     500     
	454    1983 1800    1600    1600    1600    1300    1600    1800    400     1600    1300    700     300     800     1600    1300    800     800     1400    700     
	454    1984 2100    1800    2100    900     1300    1800    2100    200     900     1300    1300    400     700     700     1800    400     700     1500    700     
	454    1985 2300    2000    900     2000    800     600     2300    900     2000    400     700     800     300     600     400     900     2300    600     500     
	454    1986 2200    2200    1700    2200    1400    1700    2100    500     1700    1400    700     500     1300    800     1000    1500    600     600     700     
	454    1987 1600    1600    1600    1600    1200    1600    800     1600    700     1200    1000    700     300     1300    300     500     500     800     900     
	454    1988 1500    1100    1500    1100    1500    1100    1000    1100    500     200     1300    1500    1100    300     800     600     1000    800     800     
	454    1989 2000    1300    2000    1300    1800    1500    1200    1000    700     700     400     1800    1500    1200    900     1000    700     1200    800     
	454    1990 2000    1200    1700    1200    1600    1700    1800    1200    300     900     500     1600    800     1700    900     600     1800    600     500     
	454    1991 2600    2100    2600    2100    1300    1200    1400    1100    1000    1100    1000    900     200     1100    1200    1400    900     1000    1500    
	454    1992 1800    1300    1800    1300    1800    1600    1200    1200    600     500     1000    1800    1200    700     1000    1200    600     400     900     
	454    1993 1600    1600    1000    900     1600    1000    1500    600     900     1600    600     700     1000    400     400     400     600     1500    200     
	454    1994 1700    1100    1400    1100    1400    1200    1700    500     1100    500     1400    600     1200    1000    600     500     1700    500     700     
	454    1995 2800    1200    1900    600     1900    1600    1100    500     600     600     1100    800     1200    1000    1200    700     1100    1100    1700    
	454    1996 1800    1800    1300    1800    1600    1300    1200    1800    1000    1600    1200    1300    1300    1200    500     1000    1200    600     1200    
	454    1997 3500    3400    1900    3400    1200    1900    1700    3100    400     1200    1000    900     600     700     1900    1700    1000    1200    800     
	454    1998 1700    1100    1700    900     1700    1700    1100    900     800     600     300     1700    200     400     1700    600     300     1100    300     
	454    1999 1400    700     1400    700     800     1300    1400    700     600     700     400     800     600     900     1000    1400    900     300     300     
	454    2000 1200    1100    1200    1100    1200    1100    700     1100    400     500     700     1200    1100    600     700     700     400     300     700     
	454    2001 1300    1300    1000    1300    1000    1000    700     1300    400     500     400     1000    700     900     800     200     700     400     1100    
	454    2002 2300    1500    1400    1500    2300    900     1000    1400    500     900     1400    400     500     600     900     1000    600     600     1300    
	454    2003 2300    2300    2300    2300    2300    1700    1400    600     2300    2000    2300    700     1000    1200    1600    1100    1400    1000    500     
	454    2004 2000    1400    2000    1200    2000    1400    1200    400     1200    1100    1300    2000    700     500     900     1000    1200    500     1400    
	454    2005 1700    1200    1500    700     900     1200    1700    500     700     900     500     700     1100    1200    600     900     1700    700     600     
	454    2006 2300    1300    2300    1200    1600    1500    2300    1000    600     1300    1000    1600    1200    1500    500     2300    900     700     1000    
	454    2007 3700    1000    3600    1000    3700    800     1300    300     700     800     3000    600     800     400     800     600     1300    1000    1800    
	454    2008 1800    1800    1600    1800    1600    900     900     400     1800    300     900     1400    700     500     900     900     600     700     1100    
	454    2009 1400    1200    1400    1200    1400    1200    1400    800     600     1000    1400    600     1000    500     800     1400    500     300     800     
	454    2010 1800    1600    1800    1600    1600    1800    1400    700     1600    500     1600    1300    1800    900     400     600     1200    1400    400     
	454    2011 3200    1300    1400    800     1400    700     3200    600     800     1200    1400    900     500     700     300     1200    600     2600    200     
	454    2012 1900    1900    1000    1700    1900    1000    1100    500     1200    1900    400     700     700     800     800     1000    1100    1000    400     
	454    2013 2200    1100    2200    500     1900    2200    1500    500     500     1100    800     600     1200    2200    600     1200    600     600     700     
	454    2014 2000    1800    2000    600     1700    1200    2000    500     600     1700    1100    900     1200    500     300     2000    600     700     600     
	454    2015 1700    1700    1300    1700    1700    1100    1300    500     1700    1700    1300    800     1100    700     600     500     900     400     600     
	454    2016 1800    1500    1800    500     1500    900     1400    500     400     1500    700     1000    900     600     700     1400    1400    900     900     
	454    2017 1500    1500    1500    1500    1000    1500    1000    1500    500     1000    1000    800     1500    600     1100    900     1000    600     800     
	454    2018 2200    1600    1800    1300    1100    1800    2200    400     1300    500     1000    1100    800     1000    800     800     2200    800     600     
	454    2019 2900    2000    2300    1800    2900    1600    700     700     1800    700     2300    900     1100    1100    800     600     600     700     700     
	454    2020 1800    1600    1700    800     1800    1100    1700    800     400     1600    1700    1300    1100    800     1100    1700    900     900     600     
	454    2021 2100    1000    2100    600     800     1700    1100    500     600     800     700     400     1700    1100    800     1100    600     700     600     
	454    2022 3600    1600    3600    1000    3600    1400    1200    1000    300     1300    2100    1500    1400    1300    1200    600     1000    800     700     
	454    2023 2800    1100    2800    1100    900     1900    1000    600     1100    600     600     900     1900    300     1200    1000    800     200     500     
	454    2024 1200    700     1100    700     800     800     1200    700     300     500     400     800     800     400     600     1100    600     1000    1000    
	454    2025 2900    2300    2900    1200    2900    2600    800     1100    1200    2200    1200    2300    1300    500     2600    800     800     600     1200    
	454    2026 -999999 1000    -999999 1000    -999999 -999999 -999999 1000    900     900     1900    -999999 -999999 -999999 -999999 -999999 -999999 -999999 -999999 
	