EUROPEAN CLIMATE ASSESSMENT & DATASET (ECA&D), file created on: 17-05-2026
THESE DATA CAN BE USED FOR NON-COMMERCIAL RESEARCH AND EDUCATION PROVIDED THAT THE FOLLOWING SOURCE IS ACKNOWLEDGED: 

Klein Tank, A.M.G. and Coauthors, 2002. Daily dataset of 20th-century surface
air temperature and precipitation series for the European Climate Assessment.
Int. J. of Climatol., 22, 1441-1453.
Data and metadata available at http://www.ecad.eu

FILE FORMAT (MISSING VALUE CODE = -999999):

THIS FILE HOLDS DATA FOR STATION NETHERLANDS                              ROODESCHOOL                              (STAID:   2504)
LATITUDE: dd:mm:ss +53:25:59
LONGITUDE: ddd:mm:ss +006:46:59
ELEVATION: m    2

DATA IS FOR INDEX Maximum no of consecutive dry days (RR < 1 mm) (CDD) with unit 0.01 No of days

01-06 SOUID: Source identifier
08-11 YEAR : YYYY
13-20 ANNUAL DATA VALUES
21-28 WINTER HALF YEAR DATA VALUES
29-36 SUMMER HALF YEAR DATA VALUES
37-44 WINTER (DJF) DATA VALUES
45-52 SPRING (MAM) DATA VALUES
53-60 SUMMER (JJA) DATA VALUES
61-68 AUTUMN (SON) DATA VALUES
69-76 JANUARY DATA VALUES
etc. 
157-164 DECEMBER DATA VALUES

2504   1950 -999999 -999999 -999999 -999999 -999999 -999999 -999999 -999999 -999999 -999999 -999999 -999999 -999999 -999999 -999999 -999999 -999999 -999999 -999999 
	2504   1951 2400    -999999 1700    -999999 1700    1100    2400    900     400     900     1400    700     800     1100    600     800     1900    400     700     
	2504   1952 1500    1000    1500    700     1500    800     600     700     600     1000    800     1500    700     800     500     500     600     500     800     
	2504   1953 2900    2000    1000    1400    1700    1000    1500    1400    1100    1700    900     700     700     600     1000    500     1000    1500    1400    
	2504   1954 1800    1800    1700    1800    1700    800     500     1200    1200    1600    1600    1300    500     400     800     400     500     500     500     
	2504   1955 1800    1600    1800    1200    1200    1800    700     1000    1200    800     1200    800     600     1300    700     700     700     500     600     
	2504   1956 2700    2500    1500    1800    2700    800     1400    500     1300    2500    1500    800     800     700     300     1400    900     900     600     
	2504   1957 1400    1200    1100    1200    1400    1100    1000    1200    300     700     1100    800     1100    300     600     300     1000    600     700     
	2504   1958 2100    2100    1100    1000    2100    1000    1600    900     300     2100    800     700     1000    900     600     500     1000    1600    300     
	2504   1959 3000    1500    3000    1500    2300    1500    2700    600     1400    600     500     2300    1500    1300    800     2000    1800    1200    1300    
	2504   1960 2100    2100    1700    1200    2100    900     1100    400     900     2100    800     1000    900     500     400     900     300     700     600     
	2504   1961 1400    900     1300    700     1100    700     1400    700     500     900     800     1100    700     300     700     1300    800     1400    700     
	2504   1962 2300    1400    1600    1200    1500    1600    2300    500     1200    500     1000    700     1600    800     300     300     2300    400     900     
	2504   1963 1800    1700    1300    1000    800     800     1200    1000    1000    700     500     800     700     700     500     1200    800     400     1500    
	2504   1964 1900    1900    1100    1900    1500    800     1000    1900    600     1500    1000    1100    600     800     600     700     600     1000    300     
	2504   1965 2300    1300    2300    600     1300    2300    1400    500     600     1300    500     600     700     800     2300    700     1400    1000    200     
	2504   1966 1700    1000    1700    1000    900     1200    1100    900     1000    500     300     900     1100    900     800     1100    800     300     300     
	2504   1967 1500    1000    1500    1000    1400    1500    700     1000    900     700     900     500     1500    700     1200    500     200     700     400     
	2504   1968 2000    1100    1700    800     1700    1000    1100    500     800     800     1700    700     700     900     900     1100    1000    800     1900    
	2504   1969 2200    1900    2200    700     1500    2200    1800    600     700     1500    900     300     1200    2000    900     1500    1800    400     700     
	2504   1970 2000    900     2000    800     1800    2000    800     800     500     900     300     1800    2000    400     900     800     600     700     600     
	2504   1971 2200    1100    2200    900     2200    1400    1600    700     900     600     1500    800     500     1300    800     1000    1100    500     900     
	2504   1972 2200    2200    1400    1300    2200    1200    2200    1000    800     2200    600     700     800     1200    800     700     1800    400     2100    
	2504   1973 2600    1300    2400    1300    1000    2400    1300    1100    700     1000    700     700     2400    600     1100    1200    900     500     800     
	2504   1974 3500    1100    2400    1100    3500    1200    800     500     1100    1100    2400    900     800     400     1200    800     300     400     500     
	2504   1975 2100    1200    2100    1100    900     2100    2100    800     1100    700     900     700     1000    700     1400    500     2100    500     1800    
	2504   1976 2300    1500    2300    1300    1500    2300    1000    500     1000    1500    1100    600     1100    1200    2300    800     800     1000    400     
	2504   1977 1800    600     1800    500     1700    1100    1600    300     400     600     400     1700    1100    1100    500     1100    1600    300     900     
	2504   1978 1500    1100    1300    1100    900     1000    1500    600     1000    600     900     800     1000    500     500     300     600     1100    700     
	2504   1979 1000    900     900     900     900     700     1000    900     800     400     900     500     600     700     400     500     1000    400     400     
	2504   1980 2700    1600    2700    1400    2700    900     700     1300    1400    1200    900     2600    600     900     800     700     400     500     200     
	2504   1981 1600    1600    1400    1600    1400    900     1000    600     1600    500     1400    1100    900     800     700     1000    300     300     900     
	2504   1982 2100    1700    2100    1700    1000    2100    1700    1700    1400    1000    1000    800     1000    1700    400     1700    800     400     400     
	2504   1983 1600    1300    1300    1300    1300    1100    1600    500     1300    1300    600     200     1000    1000    1100    900     400     1300    600     
	2504   1984 2500    1600    2500    1100    1800    2500    2200    200     1100    1300    1800    1100    1000    1200    2500    400     900     1900    500     
	2504   1985 2300    2300    1600    2300    1600    900     1600    600     2200    500     400     1600    500     500     900     700     1600    1300    700     
	2504   1986 1900    1800    1600    1800    1100    1600    1900    400     1800    1100    900     800     1300    900     700     1300    1000    900     500     
	2504   1987 1400    1400    1000    1400    1300    1000    900     1200    1400    1300    1000    700     500     700     600     300     600     900     900     
	2504   1988 1700    800     1500    500     1700    1100    1000    500     400     200     1500    1400    1100    300     700     1000    900     700     500     
	2504   1989 1700    1000    1700    1000    1700    1200    1100    1000    600     700     500     1700    1200    900     700     900     400     1100    800     
	2504   1990 1700    800     1700    700     1700    1200    1000    700     700     800     600     1700    1100    1200    1000    700     1000    500     600     
	2504   1991 2500    2500    1500    2500    1200    1000    1000    1100    1400    1200    700     900     400     700     900     700     1000    700     1600    
	2504   1992 1800    1300    1800    1300    1800    1200    1100    1200    700     400     1000    1800    1100    600     800     1100    400     700     1300    
	2504   1993 2500    1800    2500    1800    2500    1300    1700    500     1500    1500    800     1700    1300    900     400     600     1000    1600    300     
	2504   1994 1700    900     1100    900     900     1100    1700    800     900     200     900     500     600     1100    1000    600     1700    1000    300     
	2504   1995 2900    1400    2600    500     1600    2600    1300    500     300     500     800     800     1300    700     2200    300     1300    1100    1800    
	2504   1996 2700    2700    2000    2700    2000    1300    1100    2400    500     1800    2000    600     800     1300    800     1100    800     300     1300    
	2504   1997 3100    1800    2000    1800    1200    2000    1500    1800    400     1200    700     1000    600     1100    2000    1500    900     1500    400     
	2504   1998 1700    1300    1700    1300    1700    900     800     700     1300    1000    300     1700    300     800     900     800     200     700     300     
	2504   1999 2500    900     2500    800     1400    1300    1400    500     300     900     600     1400    800     900     1100    1400    1000    500     200     
	2504   2000 1000    800     1000    700     800     1000    700     700     300     600     700     800     800     1000    600     400     700     300     700     
	2504   2001 1300    1300    1000    1300    1000    900     700     1300    900     700     500     1000    700     900     700     200     700     300     1200    
	2504   2002 2300    1000    1700    1000    2300    1000    800     500     500     1000    1300    1700    500     1000    800     600     800     600     1400    
	2504   2003 2900    2300    2900    2300    2000    2900    1100    600     2300    2000    1400    700     1000    1300    2800    1100    1000    800     1000    
	2504   2004 1500    1500    1500    1300    1400    1500    1200    400     1300    1100    900     1400    1300    600     900     1000    1200    400     1200    
	2504   2005 1700    1200    1000    800     600     1000    1700    500     600     400     600     400     800     1000    500     700     1700    300     700     
	2504   2006 1900    1600    1900    1600    1300    1200    1900    1100    900     1300    600     1300    1200    1100    200     1900    1100    600     900     
	2504   2007 3000    800     2200    500     3000    700     1500    400     500     800     2200    500     400     400     700     500     1500    700     1100    
	2504   2008 1500    1500    1500    1500    1500    700     1200    300     1500    300     800     1500    700     400     700     1200    600     600     1200    
	2504   2009 2200    1200    2200    1200    1800    1200    2200    800     400     800     1800    500     1000    300     900     2200    500     300     500     
	2504   2010 1500    800     1500    800     1500    1400    800     800     600     600     1500    1000    1200    400     400     400     800     500     500     
	2504   2011 2700    1100    2700    800     2700    700     2500    600     800     1100    1900    800     400     700     400     400     600     2500    400     
	2504   2012 1300    1300    1100    900     1300    800     1000    500     900     1300    500     1100    600     700     800     1000    500     600     300     
	2504   2013 2500    1100    2500    900     1900    2500    1300    900     400     1100    800     700     1100    2300    1100    1100    400     600     400     
	2504   2014 1400    1300    1400    500     1300    1400    800     500     500     1300    400     800     1400    600     400     800     700     600     600     
	2504   2015 1200    1000    1200    900     1200    900     1100    400     900     1000    1200    800     700     400     900     600     700     400     300     
	2504   2016 1300    1200    1300    400     1200    900     1300    200     400     1200    500     1200    900     800     700     1300    900     1000    600     
	2504   2017 1600    1300    1600    1300    1100    1000    900     1300    1100    800     500     1100    1000    500     500     900     800     300     500     
	2504   2018 2100    2100    2100    1800    1500    2100    1500    300     1800    700     800     1500    900     2100    600     600     1400    1500    500     
	2504   2019 1900    800     1900    700     1900    1700    700     400     700     600     1900    900     1000    1000    1000    500     400     700     700     
	2504   2020 4000    1300    2700    500     4000    900     1300    500     300     1300    2700    900     500     500     900     1300    800     800     500     
	2504   2021 -999999 -999999 -999999 -999999 1600    -999999 1200    -999999 1000    900     1600    500     1200    -999999 400     1200    500     400     500     
	2504   2022 3100    1600    3100    700     3100    1600    700     700     400     1300    2100    1000    900     500     1600    500     700     500     1000    
	2504   2023 3900    1100    3900    1100    2000    1900    1000    600     1100    500     900     2000    1900    300     1100    1000    200     200     400     
	2504   2024 1200    -999999 1100    -999999 1000    900     1200    500     -999999 900     500     1000    900     600     700     1100    600     900     800     
	2504   2025 2700    1400    2700    1200    2700    1100    1000    1100    900     1200    1400    2100    1100    1100    1100    800     1000    400     1200    
	2504   2026 -999999 -999999 -999999 800     -999999 -999999 -999999 800     400     -999999 -999999 -999999 -999999 -999999 -999999 -999999 -999999 -999999 -999999 
	