EUROPEAN CLIMATE ASSESSMENT & DATASET (ECA&D), file created on: 17-05-2026
THESE DATA CAN BE USED FOR NON-COMMERCIAL RESEARCH AND EDUCATION PROVIDED THAT THE FOLLOWING SOURCE IS ACKNOWLEDGED: 

Klein Tank, A.M.G. and Coauthors, 2002. Daily dataset of 20th-century surface
air temperature and precipitation series for the European Climate Assessment.
Int. J. of Climatol., 22, 1441-1453.
Data and metadata available at http://www.ecad.eu

FILE FORMAT (MISSING VALUE CODE = -999999):

THIS FILE HOLDS DATA FOR STATION NETHERLANDS                              KAMPEREILAND                             (STAID:  20546)
LATITUDE: dd:mm:ss +52:35:07
LONGITUDE: ddd:mm:ss +005:53:26
ELEVATION: m    0

DATA IS FOR INDEX Maximum no of consecutive dry days (RR < 1 mm) (CDD) with unit 0.01 No of days

01-06 SOUID: Source identifier
08-11 YEAR : YYYY
13-20 ANNUAL DATA VALUES
21-28 WINTER HALF YEAR DATA VALUES
29-36 SUMMER HALF YEAR DATA VALUES
37-44 WINTER (DJF) DATA VALUES
45-52 SPRING (MAM) DATA VALUES
53-60 SUMMER (JJA) DATA VALUES
61-68 AUTUMN (SON) DATA VALUES
69-76 JANUARY DATA VALUES
etc. 
157-164 DECEMBER DATA VALUES

20546  1912 -999999 -999999 2000    -999999 -999999 800     1000    -999999 -999999 -999999 1900    500     600     800     200     1000    1000    400     800     
	20546  1913 1900    1900    1900    1900    1700    1800    1600    1400    1900    900     1000    700     600     900     1800    1000    1600    400     600     
	20546  1914 2100    1600    2100    1600    2100    1200    1400    1600    1000    400     1700    1000    900     1000    1200    1000    1100    700     400     
	20546  1915 1900    1100    1200    500     1000    1200    1900    500     400     700     700     1000    1200    700     700     1100    1900    700     400     
	20546  1916 2600    1800    2600    1300    1800    2600    1100    1000    1100    1800    1000    900     1100    1300    1300    1000    800     900     700     
	20546  1917 2800    2800    1500    2800    1800    1100    1000    1800    1000    1800    700     1200    500     900     400     800     700     1000    800     
	20546  1918 2200    2200    1300    1200    1800    1300    900     700     700     1800    1000    600     700     700     800     300     500     900     500     
	20546  1919 3100    2000    3100    2000    2800    1600    1900    700     1500    800     900     2800    700     800     1600    1800    1000    1600    800     
	20546  1920 2800    1600    2000    1200    1200    1900    2800    800     1200    1200    400     700     1900    500     800     800     1600    1400    1900    
	20546  1921 3000    1500    1700    1500    1600    1500    2300    700     1200    1400    1200    1600    1000    1500    700     1700    1600    2300    700     
	20546  1922 -999999 1600    -999999 1200    -999999 -999999 -999999 1200    1100    1600    700     -999999 -999999 -999999 -999999 -999999 -999999 -999999 -999999 
	20546  1923 -999999 -999999 -999999 -999999 -999999 -999999 -999999 -999999 -999999 -999999 -999999 -999999 -999999 -999999 -999999 -999999 -999999 -999999 -999999 
	20546  1924 -999999 -999999 -999999 -999999 -999999 -999999 -999999 -999999 -999999 -999999 -999999 -999999 -999999 -999999 -999999 -999999 -999999 -999999 -999999 
	20546  1925 -999999 -999999 -999999 -999999 -999999 -999999 -999999 -999999 -999999 -999999 -999999 -999999 -999999 -999999 -999999 -999999 -999999 -999999 -999999 
	20546  1926 -999999 -999999 -999999 -999999 -999999 -999999 -999999 -999999 -999999 -999999 -999999 -999999 -999999 -999999 -999999 -999999 -999999 -999999 -999999 
	20546  1927 -999999 -999999 -999999 -999999 -999999 -999999 -999999 -999999 -999999 -999999 -999999 -999999 -999999 -999999 -999999 -999999 -999999 -999999 -999999 
	20546  1928 -999999 -999999 -999999 -999999 -999999 -999999 -999999 -999999 -999999 -999999 -999999 -999999 -999999 -999999 -999999 -999999 -999999 -999999 -999999 
	20546  1929 -999999 -999999 -999999 -999999 -999999 -999999 -999999 -999999 -999999 -999999 -999999 -999999 -999999 -999999 -999999 -999999 -999999 -999999 -999999 
	20546  1930 -999999 -999999 -999999 -999999 -999999 -999999 -999999 -999999 -999999 -999999 -999999 -999999 -999999 -999999 -999999 -999999 -999999 -999999 -999999 
	20546  1931 -999999 -999999 -999999 -999999 -999999 -999999 -999999 -999999 -999999 -999999 -999999 -999999 -999999 -999999 -999999 -999999 -999999 -999999 -999999 
	20546  1932 -999999 -999999 -999999 -999999 -999999 -999999 -999999 -999999 -999999 -999999 -999999 -999999 -999999 -999999 -999999 -999999 -999999 -999999 -999999 
	20546  1933 -999999 -999999 -999999 -999999 -999999 -999999 -999999 -999999 -999999 -999999 -999999 -999999 -999999 -999999 -999999 -999999 -999999 -999999 -999999 
	20546  1934 -999999 -999999 -999999 -999999 -999999 -999999 -999999 -999999 -999999 -999999 -999999 -999999 -999999 -999999 -999999 -999999 -999999 -999999 -999999 
	20546  1935 -999999 -999999 -999999 -999999 -999999 -999999 -999999 -999999 -999999 -999999 -999999 -999999 -999999 -999999 -999999 -999999 -999999 -999999 -999999 
	20546  1936 -999999 -999999 -999999 -999999 -999999 -999999 -999999 -999999 -999999 -999999 -999999 -999999 -999999 -999999 -999999 -999999 -999999 -999999 -999999 
	20546  1937 -999999 -999999 -999999 -999999 -999999 -999999 -999999 -999999 -999999 -999999 -999999 -999999 -999999 -999999 -999999 -999999 -999999 -999999 -999999 
	20546  1938 -999999 -999999 -999999 -999999 -999999 -999999 -999999 -999999 -999999 -999999 -999999 -999999 -999999 -999999 -999999 -999999 -999999 -999999 -999999 
	20546  1939 -999999 -999999 -999999 -999999 -999999 -999999 -999999 -999999 -999999 -999999 -999999 -999999 -999999 -999999 -999999 -999999 -999999 -999999 -999999 
	20546  1940 -999999 -999999 -999999 -999999 -999999 -999999 -999999 -999999 -999999 -999999 -999999 -999999 -999999 -999999 -999999 -999999 -999999 -999999 -999999 
	20546  1941 -999999 -999999 -999999 -999999 -999999 1900    1500    -999999 -999999 -999999 -999999 1300    1600    800     500     1500    700     700     800     
	20546  1942 3100    3100    3000    2100    3000    1200    1100    2100    1500    1500    2000    1000    1200    500     600     1100    400     800     800     
	20546  1943 3100    3100    2000    1300    1800    2000    1400    900     1300    1800    1200    1100    900     1800    600     1200    1400    600     1500    
	20546  1944 2100    2100    1900    1900    1300    1900    1300    600     1900    1100    1000    700     1000    700     1800    1300    800     200     800     
	20546  1945 1400    1000    1400    800     1400    1300    1400    800     300     1000    1400    1100    700     1300    500     1300    900     1400    600     
	20546  1946 1900    1600    1900    1600    1900    900     1500    1600    400     900     1700    1200    400     900     500     700     1500    700     1300    
	20546  1947 2400    1900    2400    1900    2100    2400    1000    700     1300    400     900     2100    600     1100    2400    700     800     400     300     
	20546  1948 2100    2100    1400    1500    1400    1400    1200    200     1500    900     1400    1100    1000    1400    1000    700     700     1200    1100    
	20546  1949 2400    1300    1600    800     1500    1600    2400    800     800     1300    800     600     1300    1200    1200    800     1600    600     500     
	20546  1950 1600    1400    1600    1400    900     1300    900     1400    400     800     900     900     1300    400     600     200     900     400     1600    
	20546  1951 2200    1400    1600    1200    1100    1100    2200    1000    400     1000    1100    500     1100    800     700     700     2000    400     600     
	20546  1952 1700    1700    1200    1700    1200    900     800     1100    1700    900     1200    1200    500     700     900     800     800     300     700     
	20546  1953 2500    2000    1600    1700    1600    1000    1700    1400    1100    1600    1200    1400    1000    600     1000    500     1200    1700    900     
	20546  1954 1800    1800    1400    1800    1600    700     600     1100    700     1600    1300    1400    500     500     600     300     300     600     700     
	20546  1955 3700    1400    1900    1100    1900    1300    3700    900     1100    800     1900    800     600     1300    1300    800     3100    1000    3000    
	20546  1956 3000    3000    1300    3000    1400    900     1300    500     2800    1100    1300    1000    900     400     400     1300    800     1100    600     
	20546  1957 1500    1100    1100    1100    1500    1100    600     1100    400     500     1100    800     1100    200     800     400     500     600     700     
	20546  1958 1700    1300    1100    600     1300    1000    1700    500     200     1300    600     500     1000    800     600     800     800     1700    700     
	20546  1959 3900    2100    3900    2100    1500    2700    2700    500     2000    400     900     1500    1500    2700    1900    2000    1800    1700    700     
	20546  1960 1900    1400    1900    500     1900    800     900     400     500     1400    700     1200    500     400     800     900     300     400     900     
	20546  1961 1800    1000    1000    1000    1000    700     1800    700     1000    900     400     1000    700     600     700     700     1200    1800    1500    
	20546  1962 9100    1200    9000    1100    6200    2900    1600    500     1100    800     3000    3100    2900    700     400     400     1600    800     700     
	20546  1963 2300    2300    1300    1500    1000    700     1100    1100    1500    1000    600     900     700     700     300     1100    1000    500     1700    
	20546  1964 2400    2400    1000    1800    1800    1000    1000    1800    600     1800    800     700     700     1000    500     700     600     900     500     
	20546  1965 3200    1300    3200    900     1300    3200    1400    600     900     1300    500     600     800     300     3000    900     1400    1400    300     
	20546  1966 1700    1700    1600    1700    600     1100    1500    1700    500     600     300     600     1100    300     700     1500    800     700     300     
	20546  1967 1400    1100    1100    1100    900     1100    1400    1100    900     900     900     500     900     700     1100    800     300     1400    400     
	20546  1968 2300    1300    1700    1300    1700    700     1000    400     1300    800     1700    500     600     700     700     600     1000    800     1600    
	20546  1969 2300    1400    2300    900     1400    2200    2000    900     700     1400    900     700     1000    2100    600     2000    2000    300     600     
	20546  1970 2000    1400    2000    800     800     2000    1300    800     400     800     300     800     2000    300     1400    1200    1300    900     1200    
	20546  1971 2000    1000    1500    1000    2000    1200    1800    800     700     500     1500    800     600     1100    500     1200    1200    600     900     
	20546  1972 3000    1500    1600    1300    1500    1200    3000    1000    900     1500    900     400     400     1200    1100    1200    1800    600     2100    
	20546  1973 4000    2300    2500    2300    900     2500    1300    1900    600     900     800     700     2500    1000    2100    1300    800     1000    600     
	20546  1974 3800    1100    2700    1100    3800    1300    800     500     1100    1100    2700    900     800     400     1300    800     500     400     400     
	20546  1975 2100    1100    2100    1100    900     2100    1400    700     1100    300     900     700     900     700     1400    900     1400    700     700     
	20546  1976 2500    1500    2500    1500    2500    2100    1000    500     1500    1100    2300    800     1800    1100    1400    1000    800     400     500     
	20546  1977 1700    800     1700    600     1500    1500    1700    500     400     400     700     1500    1300    1500    500     1700    1400    500     600     
	20546  1978 1600    1100    1600    1100    1600    1200    1500    1100    700     500     1600    700     1000    1200    1100    500     1500    900     800     
	20546  1979 1100    800     1100    800     600     1100    1000    800     700     400     500     600     600     600     1100    1000    1000    600     400     
	20546  1980 2100    1500    2100    1400    2100    800     700     1400    1400    700     800     2100    500     800     700     400     500     500     400     
	20546  1981 2300    1300    1800    1300    2300    900     1100    1200    1200    500     1800    900     400     600     900     1100    300     300     600     
	20546  1982 1400    1400    1200    1400    1000    1200    1400    1400    1400    900     1000    1000    600     1200    600     1200    800     600     600     
	20546  1983 1800    1700    1700    1700    1300    1700    1800    400     1700    1300    400     200     1100    1600    1700    900     600     1400    700     
	20546  1984 2100    1200    2100    1100    2100    1500    900     400     1100    1200    1900    1000    700     900     1500    200     700     900     500     
	20546  1985 2200    2200    1200    2200    900     900     1800    600     2200    500     800     900     300     600     900     800     1800    1000    400     
	20546  1986 2400    2400    2400    2400    1100    2400    2100    300     2100    1100    700     1100    2000    1000    600     1500    700     400     700     
	20546  1987 1700    1400    1700    1400    1300    1700    800     1300    1400    1300    900     700     300     1400    400     400     600     800     900     
	20546  1988 1200    1100    1200    1100    1100    1200    1000    1100    1000    200     1100    1000    1200    200     900     600     1000    900     500     
	20546  1989 3300    1300    2100    1300    1900    2000    2200    1300    600     700     500     1900    1700    2000    800     1000    400     2200    1100    
	20546  1990 1800    1000    1700    1000    1600    1700    1800    500     600     900     500     1600    1000    1700    800     500     1800    500     900     
	20546  1991 2700    2100    2600    2100    1100    2300    1400    1100    1000    1100    900     1100    200     700     1600    1400    1200    1100    1600    
	20546  1992 1900    1300    1900    1300    1900    1300    1600    1200    700     500     800     1900    1100    1100    500     1600    400     400     1100    
	20546  1993 1700    1000    1600    900     1600    1100    1700    500     900     1000    1000    800     1100    300     600     500     1100    1600    200     
	20546  1994 1600    1300    1300    1300    1000    1300    1600    500     1300    400     800     600     900     1300    900     300     1600    600     500     
	20546  1995 2600    1600    2600    600     1400    2600    2200    600     300     700     800     800     1300    900     2200    700     2200    800     1600    
	20546  1996 3100    3100    1300    3100    1600    1300    1000    2100    1000    1600    1300    600     700     1300    600     1000    800     600     1000    
	20546  1997 2000    1900    1900    1900    1900    1700    2000    1800    300     900     1900    1000    600     600     1700    1600    1700    600     600     
	20546  1998 1600    1300    1600    1300    1500    1600    1000    1000    1300    600     300     1500    300     600     1600    1000    200     700     400     
	20546  1999 2500    700     2500    700     1400    1500    1400    300     400     500     800     1400    900     900     1100    1400    1000    500     200     
	20546  2000 1300    1200    1300    1200    1300    600     600     1200    300     600     900     1300    600     500     600     600     400     500     600     
	20546  2001 1500    1500    1000    1500    1000    1000    700     1500    300     500     400     1000    800     600     1000    200     700     400     1300    
	20546  2002 2300    1200    1300    1200    2300    900     1000    1000    600     1000    1300    800     500     800     900     1000    700     900     1300    
	20546  2003 2900    2900    2200    2300    2000    2200    1200    900     2300    2000    1400    700     1000    1200    2100    900     1000    1200    1000    
	20546  2004 1800    1600    1800    900     1800    1500    1200    400     500     1100    1800    1400    700     600     900     1200    1000    300     1400    
	20546  2005 1800    1000    1300    600     1000    1100    1800    600     600     1000    600     700     1100    800     500     1100    1800    600     700     
	20546  2006 1500    1500    1500    1500    1500    1300    1300    1100    900     1400    1300    1500    1300    1100    400     1300    1000    600     900     
	20546  2007 3700    1000    3500    800     3700    1300    1300    400     700     800     3000    500     1300    300     1000    500     1300    800     1500    
	20546  2008 1400    1400    1200    1400    1200    900     1000    400     1400    400     900     1200    600     300     900     1000    600     600     1200    
	20546  2009 1400    1000    1400    1000    1300    900     1400    800     500     1000    1300    600     700     200     900     1400    500     200     500     
	20546  2010 1600    900     1600    900     1600    1100    1200    600     900     900     1500    1600    1100    700     300     500     1200    800     300     
	20546  2011 2000    1600    1600    700     1600    800     2000    700     700     1600    1600    800     300     600     300     1200    1100    2000    500     
	20546  2012 2700    2200    1000    800     2700    900     1000    500     800     2200    500     700     500     700     800     1000    900     1000    200     
	20546  2013 2200    1500    2200    1400    2200    2200    1300    600     1400    1400    800     600     1100    2200    500     1100    500     700     400     
	20546  2014 1800    1800    1600    500     1700    800     1500    500     500     1700    500     600     800     600     500     1500    500     600     600     
	20546  2015 1400    1400    1300    1400    1300    800     1400    400     1400    1100    1300    700     700     400     800     600     1000    400     400     
	20546  2016 1700    1300    1300    700     1300    800     1300    500     700     1300    500     1300    800     400     800     1300    1000    1000    800     
	20546  2017 1300    1300    1200    1300    1100    1200    800     1300    400     1100    1000    1100    1200    400     900     800     700     400     500     
	20546  2018 1800    1700    1800    1400    900     1800    1800    900     1400    500     900     800     900     1800    600     800     1800    700     600     
	20546  2019 2100    900     2100    900     2100    1500    700     600     900     700     2100    900     1000    1000    700     600     300     700     700     
	20546  2020 2500    1900    2500    1000    2500    1600    1600    1000    300     1900    2500    1100    800     500     1200    1600    800     700     400     
	20546  2021 -999999 -999999 1500    -999999 1500    -999999 1100    -999999 1000    700     1500    400     1200    -999999 600     1100    500     700     800     
	20546  2022 3100    2200    3100    700     3100    1600    700     700     400     1900    2100    1000    1000    1300    1600    500     700     500     1000    
	20546  2023 2900    1100    2900    1100    1000    1900    900     600     1100    500     800     1000    1900    300     1200    900     700     200     500     
	20546  2024 1200    -999999 1200    -999999 1100    800     1200    600     -999999 500     400     1100    800     400     700     1200    600     900     900     
	20546  2025 2700    1100    2700    1000    2700    1600    1200    700     1000    1100    1100    2100    1400    400     1600    1000    1000    800     1200    
	20546  2026 -999999 -999999 -999999 1300    -999999 -999999 -999999 1300    900     -999999 -999999 -999999 -999999 -999999 -999999 -999999 -999999 -999999 -999999 
	