EUROPEAN CLIMATE ASSESSMENT & DATASET (ECA&D), file created on: 17-05-2026
THESE DATA CAN BE USED FOR NON-COMMERCIAL RESEARCH AND EDUCATION PROVIDED THAT THE FOLLOWING SOURCE IS ACKNOWLEDGED: 

Klein Tank, A.M.G. and Coauthors, 2002. Daily dataset of 20th-century surface
air temperature and precipitation series for the European Climate Assessment.
Int. J. of Climatol., 22, 1441-1453.
Data and metadata available at http://www.ecad.eu

FILE FORMAT (MISSING VALUE CODE = -999999):

THIS FILE HOLDS DATA FOR STATION NETHERLANDS                              KOEDIJK                                  (STAID:  20548)
LATITUDE: dd:mm:ss +52:39:00
LONGITUDE: ddd:mm:ss +004:45:00
ELEVATION: m -100

DATA IS FOR INDEX Maximum no of consecutive dry days (RR < 1 mm) (CDD) with unit 0.01 No of days

01-06 SOUID: Source identifier
08-11 YEAR : YYYY
13-20 ANNUAL DATA VALUES
21-28 WINTER HALF YEAR DATA VALUES
29-36 SUMMER HALF YEAR DATA VALUES
37-44 WINTER (DJF) DATA VALUES
45-52 SPRING (MAM) DATA VALUES
53-60 SUMMER (JJA) DATA VALUES
61-68 AUTUMN (SON) DATA VALUES
69-76 JANUARY DATA VALUES
etc. 
157-164 DECEMBER DATA VALUES

20548  1937 -999999 -999999 -999999 -999999 -999999 1500    800     -999999 -999999 -999999 -999999 -999999 700     700     1000    800     700     700     1000    
	20548  1938 2300    2300    1700    1400    2300    1700    1400    300     1400    2200    1400    1000    1700    1500    600     700     600     1400    900     
	20548  1939 2300    1200    2300    1200    1300    2000    800     400     800     400     700     1300    1000    600     2000    500     400     400     1500    
	20548  1940 2100    1000    2100    1000    2100    1100    800     1000    900     800     700     2100    1100    400     700     800     800     500     600     
	20548  1941 2800    1500    2800    1500    2800    1100    1600    1100    500     1100    1100    1700    1000    1100    200     1600    700     700     500     
	20548  1942 3100    1900    3100    1600    3100    1100    600     1400    1600    1200    2100    1000    1100    500     600     600     300     600     500     
	20548  1943 3200    3200    2000    1300    1900    2000    1400    400     1300    1900    1400    1100    1000    2000    500     700     1000    500     1000    
	20548  1944 2000    2000    1900    2000    1300    1900    700     600     2000    900     1000    900     900     1500    1800    600     700     200     500     
	20548  1945 1800    1800    1500    500     1800    900     1400    400     400     1800    800     1500    900     800     700     800     1000    1400    400     
	20548  1946 1700    1200    1700    800     1700    1500    1400    800     400     1200    1700    1300    600     1300    800     800     1400    300     1400    
	20548  1947 3100    1000    3100    1000    1100    2500    1600    1000    700     300     1100    700     1000    1800    2500    1200    1500    400     400     
	20548  1948 2100    2100    1900    1500    1900    1500    1200    200     1500    1000    1900    1100    1100    1400    900     700     700     1200    1100    
	20548  1949 2300    1100    2300    800     1200    2300    1400    600     800     1100    900     700     2000    1400    1200    600     800     600     600     
	20548  1950 1600    1400    1600    1400    900     1200    1100    1400    400     800     400     900     1200    400     600     300     1100    200     1600    
	20548  1951 2400    1400    1600    800     1400    1100    2400    400     400     1000    1400    1100    1100    900     300     700     2000    300     700     
	20548  1952 1900    1000    1900    900     1900    1100    600     500     900     1000    1200    1900    800     900     1100    600     600     200     800     
	20548  1953 3800    3800    1100    1400    2700    1000    1600    1400    1100    2700    1100    800     500     600     1000    700     1600    1600    800     
	20548  1954 1800    1800    1700    1800    1700    700     500     1100    700     1100    1600    1700    500     500     700     300     500     500     600     
	20548  1955 -999999 1700    2700    1100    2000    2300    -999999 900     1100    800     2000    1000    600     1300    2300    800     -999999 -999999 -999999 
	