EUROPEAN CLIMATE ASSESSMENT & DATASET (ECA&D), file created on: 17-05-2026
THESE DATA CAN BE USED FOR NON-COMMERCIAL RESEARCH AND EDUCATION PROVIDED THAT THE FOLLOWING SOURCE IS ACKNOWLEDGED: 

Klein Tank, A.M.G. and Coauthors, 2002. Daily dataset of 20th-century surface
air temperature and precipitation series for the European Climate Assessment.
Int. J. of Climatol., 22, 1441-1453.
Data and metadata available at http://www.ecad.eu

FILE FORMAT (MISSING VALUE CODE = -999999):

THIS FILE HOLDS DATA FOR STATION NETHERLANDS                              LAAGHALEN                                (STAID:   2460)
LATITUDE: dd:mm:ss +52:55:00
LONGITUDE: ddd:mm:ss +006:31:59
ELEVATION: m   16

DATA IS FOR INDEX Maximum no of consecutive dry days (RR < 1 mm) (CDD) with unit 0.01 No of days

01-06 SOUID: Source identifier
08-11 YEAR : YYYY
13-20 ANNUAL DATA VALUES
21-28 WINTER HALF YEAR DATA VALUES
29-36 SUMMER HALF YEAR DATA VALUES
37-44 WINTER (DJF) DATA VALUES
45-52 SPRING (MAM) DATA VALUES
53-60 SUMMER (JJA) DATA VALUES
61-68 AUTUMN (SON) DATA VALUES
69-76 JANUARY DATA VALUES
etc. 
157-164 DECEMBER DATA VALUES

2460   1950 -999999 -999999 -999999 -999999 -999999 -999999 -999999 -999999 -999999 -999999 -999999 -999999 -999999 -999999 -999999 -999999 -999999 -999999 -999999 
	2460   1951 2700    -999999 1100    -999999 1000    700     2700    1300    300     900     1000    600     700     600     600     700     1900    300     800     
	2460   1952 1300    1000    1300    1000    1300    900     1300    1000    800     1000    1100    1300    700     900     600     1300    800     700     700     
	2460   1953 2300    2000    1400    1700    1600    1000    1500    1400    1100    1600    1200    1300    600     600     1000    700     1200    1500    800     
	2460   1954 1700    1700    1300    1700    1600    800     600     1100    700     1600    1200    1300    500     400     800     400     300     600     500     
	2460   1955 1600    1500    1600    1100    1200    1200    800     1100    1100    800     1200    400     400     800     1200    800     800     800     300     
	2460   1956 1600    1600    1400    1600    1400    600     1400    500     1100    1200    1300    800     600     400     400     1400    900     1000    600     
	2460   1957 1400    1200    1400    1200    1400    1400    600     1200    500     600     1100    800     1400    500     800     400     500     600     600     
	2460   1958 1700    1700    1000    600     1700    800     1200    500     300     1700    600     600     800     700     500     500     800     1200    400     
	2460   1959 2400    1500    2400    1500    2400    1500    2100    500     1400    600     1000    2400    1500    1500    1500    2000    1700    1200    800     
	2460   1960 1600    1200    1600    400     1600    700     900     200     400     1200    700     1200    700     400     500     900     400     300     400     
	2460   1961 1400    1000    1300    1000    1200    700     1400    700     1000    900     1200    700     700     500     700     1300    800     1400    800     
	2460   1962 2100    1700    1000    1200    1000    900     2100    400     1200    500     1000    400     900     600     300     300     2100    1100    700     
	2460   1963 2400    2400    1200    1600    800     800     900     900     1600    800     500     800     700     700     500     900     900     500     1600    
	2460   1964 2400    2400    1000    1600    1800    1000    1000    1600    600     1800    700     900     500     1000    400     600     700     900     200     
	2460   1965 1400    800     1100    700     900     1100    1400    500     700     600     500     600     700     600     1100    900     1400    1300    200     
	2460   1966 1600    1000    1600    1000    900     1100    1600    1000    600     600     300     900     1100    300     700     1500    800     800     200     
	2460   1967 1800    1000    1800    1000    1100    1800    900     1000    900     600     900     300     1800    600     1100    700     300     900     400     
	2460   1968 2600    1300    1700    1300    1700    1000    1400    400     1300    700     1700    700     1000    900     800     600     1000    1400    1900    
	2460   1969 2300    1400    2300    600     1200    2300    2000    600     400     1200    900     800     1000    2100    600     1500    2000    500     800     
	2460   1970 2000    1200    2000    800     1300    2000    1300    800     600     800     300     1300    2000    300     900     1300    1100    700     1200    
	2460   1971 2100    900     1600    900     2100    1600    1700    900     400     600     1500    900     700     1500    400     1600    1100    600     800     
	2460   1972 2200    1700    2000    1300    1700    1200    2200    1000    800     1700    600     600     400     1000    1200    800     1800    300     2200    
	2460   1973 2700    2000    2400    1100    2000    2400    1300    1100    600     2000    900     600     2400    500     2100    1200    900     500     500     
	2460   1974 3500    1100    2400    700     3500    900     800     500     700     1100    2400    800     800     400     900     800     300     400     500     
	2460   1975 2000    1200    2000    1100    1300    2000    1000    800     1100    600     900     1300    1000    700     1400    900     1000    600     700     
	2460   1976 2200    1300    2200    1300    1500    2200    1200    500     1000    700     1500    600     1600    1200    2200    500     1000    500     300     
	2460   1977 2300    1000    1900    600     1800    1200    2300    500     600     700     500     1800    1200    700     500     1200    2300    300     700     
	2460   1978 1500    1100    1300    1100    1300    1300    1500    1100    1000    600     900     700     1300    500     800     500     1500    900     800     
	2460   1979 1000    900     1000    900     700     900     1000    900     600     300     700     500     500     700     700     1000    1000    400     400     
	2460   1980 1900    1500    1900    1500    1900    1000    700     1500    1400    1300    800     1900    1000    500     800     700     600     500     400     
	2460   1981 1700    1300    1700    1300    1100    1700    1200    1200    700     500     1100    600     800     700     1700    1100    300     300     700     
	2460   1982 1900    1600    1400    1600    1900    1100    1100    1300    1600    1400    1000    900     1000    1000    700     1100    800     400     400     
	2460   1983 2000    1600    1200    1600    1300    1000    2000    300     1600    1300    300     200     900     900     1000    900     400     1700    700     
	2460   1984 2500    1200    2500    1200    1500    2500    1000    300     1200    1200    1500    500     800     900     2500    200     600     1000    500     
	2460   1985 2200    2200    900     2200    900     500     1700    900     2200    400     900     600     500     500     400     800     1700    600     500     
	2460   1986 2100    1500    1800    1500    1600    1600    2100    700     1500    1100    700     1600    1300    1100    900     1500    1000    600     500     
	2460   1987 1400    1400    900     1400    1200    900     800     1100    1400    1200    900     800     300     900     400     300     600     800     900     
	2460   1988 1400    800     1400    500     1400    1300    1400    500     500     200     1400    1400    1100    400     900     600     1400    700     500     
	2460   1989 1500    900     1500    900     1500    1500    1300    600     600     700     400     1500    1200    1500    600     900     400     1300    800     
	2460   1990 1700    800     1700    700     1600    1700    1000    400     700     800     500     1600    1000    1700    900     500     1000    300     600     
	2460   1991 2500    2500    1800    2500    1200    1200    1200    1100    1400    1200    700     800     400     1000    1200    700     1200    800     1600    
	2460   1992 3200    1300    3200    1300    1900    3200    1600    1200    700     400     800     1900    2100    1100    800     1200    500     400     1200    
	2460   1993 2500    1500    2500    900     2500    1300    1900    500     800     1500    1000    1700    1300    400     600     500     1000    1600    300     
	2460   1994 1700    1700    1100    1700    900     1100    1600    600     1700    200     900     600     600     1100    1000    600     1600    600     500     
	2460   1995 2900    1600    2600    500     1900    2600    2100    500     500     500     1200    700     1300    1000    2200    800     2100    1100    1800    
	2460   1996 2000    1800    2000    1800    2000    1300    1700    1800    700     1800    2000    600     1100    1300    800     1000    1700    400     900     
	2460   1997 2200    1800    2200    1800    2200    2000    1700    1800    400     900     2200    1000    600     800     2000    1700    1000    1100    500     
	2460   1998 1800    900     1800    900     1800    1600    800     900     800     500     300     1800    200     700     1600    800     200     800     300     
	2460   1999 1900    700     1900    700     1700    1300    1400    400     300     700     800     1700    1000    900     500     1400    1000    500     200     
	2460   2000 1100    700     1100    700     800     1100    600     700     300     600     800     800     700     800     1100    600     400     300     700     
	2460   2001 1000    900     1000    900     1000    800     700     900     300     500     400     1000    700     700     700     200     700     300     1000    
	2460   2002 2200    1100    1500    1100    2200    800     1000    1000    500     900     1300    800     300     800     800     1000    700     500     1300    
	2460   2003 2400    2400    1900    2400    2000    1900    1500    500     2400    2000    1400    700     800     1100    1800    1100    1500    800     1000    
	2460   2004 1500    1400    1500    1300    1400    1500    1200    400     1300    1000    900     1400    500     600     900     1200    800     300     1400    
	2460   2005 1800    800     1200    800     700     1100    1800    500     800     500     600     700     1100    900     500     900     1800    400     700     
	2460   2006 2400    1600    2400    1600    1400    1400    2400    1000    900     1400    900     700     1400    1100    200     2400    500     600     900     
	2460   2007 4300    800     3500    800     4300    800     1200    400     500     800     3000    500     600     300     800     500     1200    800     1400    
	2460   2008 1500    1400    1500    1400    1400    700     1500    400     1400    300     900     1400    700     500     700     1500    600     400     1200    
	2460   2009 2300    1200    2300    1200    1700    1100    2300    800     600     600     1700    500     900     300     900     2300    500     200     500     
	2460   2010 1700    900     1700    900     1700    1300    800     800     900     700     1700    1600    1100    800     400     600     800     800     500     
	2460   2011 2700    1600    2700    700     2700    700     2300    600     700     1600    1900    800     700     600     300     1300    1100    2300    500     
	2460   2012 2700    2200    1200    800     2700    900     1000    500     800     2200    500     700     600     700     700     1000    900     600     200     
	2460   2013 2500    1400    2500    800     2200    2500    1300    800     800     1400    1000    700     1100    2300    1200    1100    400     500     400     
	2460   2014 2000    1300    2000    600     1400    1000    1900    500     600     1300    600     700     800     1000    500     1900    400     700     600     
	2460   2015 1600    1600    1300    1600    1300    800     1400    400     1600    1000    1300    500     700     300     800     600     1000    400     300     
	2460   2016 1700    1100    1300    500     1100    1100    1300    300     500     1100    500     1100    1100    400     800     1300    900     1000    700     
	2460   2017 1300    1300    1200    1300    1100    1200    1000    1300    800     1100    1000    700     1200    400     900     1000    800     400     500     
	2460   2018 2000    1700    1700    1400    900     1700    2000    400     1400    700     900     800     900     1100    700     500     2000    700     500     
	2460   2019 2000    800     2000    700     1600    2000    700     400     700     700     1000    1600    1000    1000    1000    600     500     700     700     
	2460   2020 2800    1700    2700    700     2800    1500    1300    700     500     1700    2700    2100    900     500     1500    1300    800     500     400     
	2460   2021 -999999 -999999 1400    -999999 1400    1300    1400    -999999 1000    700     1400    400     1300    800     500     1400    700     400     1000    
	2460   2022 2400    1900    2400    700     2400    1600    1000    700     400     1500    1300    1800    1000    1300    1600    500     1000    500     1000    
	2460   2023 3900    1100    3900    1100    2000    1900    1000    600     1100    400     500     2000    1900    300     1100    1000    300     300     500     
	2460   2024 1300    -999999 1200    -999999 1300    800     1200    600     -999999 1300    500     1100    800     400     700     1200    500     900     900     
	2460   2025 2700    2200    2700    1200    2700    2500    1200    1100    900     2100    1400    2100    1100    700     2500    1000    1000    600     1200    
	2460   2026 -999999 -999999 -999999 1300    -999999 -999999 -999999 1300    300     -999999 -999999 -999999 -999999 -999999 -999999 -999999 -999999 -999999 -999999 
	