EUROPEAN CLIMATE ASSESSMENT & DATASET (ECA&D), file created on: 17-05-2026
THESE DATA CAN BE USED FOR NON-COMMERCIAL RESEARCH AND EDUCATION PROVIDED THAT THE FOLLOWING SOURCE IS ACKNOWLEDGED: 

Klein Tank, A.M.G. and Coauthors, 2002. Daily dataset of 20th-century surface
air temperature and precipitation series for the European Climate Assessment.
Int. J. of Climatol., 22, 1441-1453.
Data and metadata available at http://www.ecad.eu

FILE FORMAT (MISSING VALUE CODE = -999999):

THIS FILE HOLDS DATA FOR STATION NETHERLANDS                              WESTFRIESESLUIS                          (STAID:  20639)
LATITUDE: dd:mm:ss +52:46:00
LONGITUDE: ddd:mm:ss +004:55:00
ELEVATION: m -100

DATA IS FOR INDEX Maximum no of consecutive dry days (RR < 1 mm) (CDD) with unit 0.01 No of days

01-06 SOUID: Source identifier
08-11 YEAR : YYYY
13-20 ANNUAL DATA VALUES
21-28 WINTER HALF YEAR DATA VALUES
29-36 SUMMER HALF YEAR DATA VALUES
37-44 WINTER (DJF) DATA VALUES
45-52 SPRING (MAM) DATA VALUES
53-60 SUMMER (JJA) DATA VALUES
61-68 AUTUMN (SON) DATA VALUES
69-76 JANUARY DATA VALUES
etc. 
157-164 DECEMBER DATA VALUES

20639  1934 -999999 -999999 -999999 -999999 -999999 1500    1600    -999999 -999999 -999999 -999999 1400    1400    1200    800     800     400     1600    700     
	20639  1935 2200    1600    2200    600     1800    2200    700     600     400     1600    600     1200    500     1800    900     700     400     500     600     
	20639  1936 1500    1300    1500    1000    1300    1200    1000    300     1000    1300    900     900     800     400     1200    600     1000    1000    900     
	20639  1937 1800    600     1800    600     1300    1400    800     600     200     400     800     1300    700     500     1200    800     800     700     700     
	20639  1938 1500    1300    1500    1200    1500    1300    1400    300     1200    1300    1500    1400    1300    800     1000    700     600     1400    1000    
	20639  1939 2500    1300    2500    1300    1600    2000    600     500     800     400     700     1600    900     1300    2000    600     500     300     1500    
	20639  1940 1300    1000    1300    900     1200    1100    700     800     900     800     700     1200    1100    400     700     700     700     400     600     
	20639  1941 1600    1200    1600    1200    1500    1100    1600    1100    500     1100    1100    800     1000    1100    400     1600    700     500     500     
	20639  1942 3000    1900    3000    1600    3000    1100    600     1500    1600    1300    2000    1000    1100    500     600     600     300     600     500     
	20639  1943 3100    3100    2000    1200    1900    2000    1400    400     1200    1900    1400    1100    1000    1900    600     1300    1000    500     1500    
	20639  1944 2100    2100    1900    1900    1300    1900    800     500     1900    800     1000    800     900     1500    1800    600     800     200     1400    
	20639  1945 1600    900     1200    500     900     1200    1400    500     300     900     800     800     500     1200    500     1100    1100    1400    600     
	20639  1946 1500    1200    1500    900     1500    1500    1400    900     500     1200    1300    1300    400     1300    700     700     1400    300     1300    
	20639  1947 3100    1100    3100    1000    2000    2500    1700    1000    600     400     1000    2000    900     1400    2500    1300    1600    400     900     
	20639  1948 2100    2100    1500    1500    1100    1500    1100    200     1500    1000    700     1100    600     1400    600     700     800     1100    1100    
	20639  1949 2300    1400    2300    1400    1500    2300    2000    600     1400    1400    900     900     2000    1300    1200    1200    800     600     600     
	20639  1950 2400    2400    1700    2400    900     1300    900     2400    400     800     600     900     1300    400     600     300     900     200     1500    
	20639  1951 2400    1400    1600    900     1100    1100    2400    500     400     1000    1100    500     1100    900     300     600     2000    400     1300    
	20639  1952 1900    1000    1900    900     1900    1100    800     400     900     1000    1200    1900    800     800     1100    400     800     300     700     
	20639  1953 2000    2000    1500    1100    1500    1000    1900    800     1100    1500    1100    1400    500     600     1000    600     1900    1700    500     
	20639  1954 2500    1700    2500    1700    2500    700     500     1100    600     1100    2400    1400    500     500     700     300     500     500     600     
	20639  1955 -999999 1700    2700    1100    2000    2300    -999999 900     1100    800     2000    1000    600     1300    2300    800     -999999 -999999 -999999 
	