EUROPEAN CLIMATE ASSESSMENT & DATASET (ECA&D), file created on: 17-05-2026
THESE DATA CAN BE USED FOR NON-COMMERCIAL RESEARCH AND EDUCATION PROVIDED THAT THE FOLLOWING SOURCE IS ACKNOWLEDGED: 

Klein Tank, A.M.G. and Coauthors, 2002. Daily dataset of 20th-century surface
air temperature and precipitation series for the European Climate Assessment.
Int. J. of Climatol., 22, 1441-1453.
Data and metadata available at http://www.ecad.eu

FILE FORMAT (MISSING VALUE CODE = -999999):

THIS FILE HOLDS DATA FOR STATION NETHERLANDS                              MIDDELBURG                               (STAID:   2474)
LATITUDE: dd:mm:ss +51:28:59
LONGITUDE: ddd:mm:ss +003:36:00
ELEVATION: m   -1

DATA IS FOR INDEX Maximum no of consecutive dry days (RR < 1 mm) (CDD) with unit 0.01 No of days

01-06 SOUID: Source identifier
08-11 YEAR : YYYY
13-20 ANNUAL DATA VALUES
21-28 WINTER HALF YEAR DATA VALUES
29-36 SUMMER HALF YEAR DATA VALUES
37-44 WINTER (DJF) DATA VALUES
45-52 SPRING (MAM) DATA VALUES
53-60 SUMMER (JJA) DATA VALUES
61-68 AUTUMN (SON) DATA VALUES
69-76 JANUARY DATA VALUES
etc. 
157-164 DECEMBER DATA VALUES

2474   1854 -999999 -999999 -999999 -999999 -999999 -999999 -999999 -999999 -999999 -999999 -999999 -999999 -999999 -999999 -999999 -999999 -999999 -999999 -999999 
	2474   1855 2300    -999999 2300    -999999 2300    1400    2100    1600    1700    900     1700    1400    1200    600     1000    1300    400     2100    700     
	2474   1856 4200    1900    1600    1600    1400    1600    4200    700     1600    1400    1100    600     1000    800     800     1400    2400    1800    1200    
	2474   1857 12700   7500    5200    4400    8300    4700    8200    1600    2800    3100    3000    2200    1900    1600    3100    2900    3100    2200    3100    
	2474   1858 4500    2900    2100    2900    2100    2000    2200    700     2800    1400    2100    600     1300    700     1600    1100    700     2200    1300    
	2474   1859 2300    1600    2300    1600    1200    2300    1000    1000    1600    700     500     1200    600     2100    900     300     600     1000    500     
	2474   1860 2500    600     1400    500     900     1400    2500    400     500     300     600     600     200     1400    400     800     1200    1300    400     
	2474   1861 3600    1600    1600    1600    1600    1400    3600    1300    1000    600     1600    800     1000    400     1400    400     3100    400     1300    
	2474   1862 2600    2600    1400    2400    1400    900     1300    1100    2400    400     800     1000    400     800     900     1300    600     900     700     
	2474   1863 2300    1400    2300    1400    1800    2300    1400    900     1400    1000    800     1400    600     1700    1100    800     1200    1400    600     
	2474   1864 1900    1700    1400    1700    1400    1100    1600    1600    900     1200    1400    1000    800     1100    900     600     1000    700     1900    
	2474   1865 2700    1400    2600    1400    1600    2600    2700    600     800     1200    1300    800     2600    700     400     1900    800     600     1400    
	2474   1866 2000    1100    1400    1100    1400    1100    2000    800     500     500     1400    1200    800     1100    600     700     1300    400     1000    
	2474   1867 1100    1100    1100    800     1000    1100    700     400     800     800     300     1000    800     800     1100    600     700     600     900     
	2474   1868 2400    600     2400    600     1400    2400    1800    400     600     400     600     800     1600    2400    500     1800    800     700     400     
	2474   1869 2200    1000    2200    1000    800     2200    1000    1000    800     500     600     500     1000    1200    1400    1000    700     300     400     
	2474   1870 1900    1200    1600    1200    1600    1200    1900    800     1200    600     1600    900     900     1200    700     1300    600     400     1200    
	2474   1871 2600    1600    1500    1600    2600    1200    2000    1000    1600    1600    1000    1500    700     700     1200    1100    1300    1100    800     
	2474   1872 1500    1100    1500    1100    1300    1500    900     500     700     900     800     1300    800     1100    1500    800     900     400     900     
	2474   1873 2600    1800    1700    1800    1600    1700    2200    900     1000    1600    800     1400    1700    1300    700     1500    600     1600    2600    
	2474   1874 2200    1400    2200    1400    2200    1100    1200    1200    600     800     1900    800     700     1100    1000    900     1200    1000    1100    
	2474   1875 2100    2100    2000    1200    2100    1500    1100    900     1200    2100    1600    1200    800     1100    800     800     800     1000    900     
	2474   1876 2300    1300    2300    1300    2300    1600    1600    1300    1100    700     900     2300    1300    1400    1600    500     1600    500     800     
	2474   1877 1200    700     1200    400     1200    1100    700     400     300     400     1200    800     1000    500     400     600     600     700     500     
	2474   1878 1400    800     1400    800     1200    1400    1100    300     800     400     1200    500     900     1400    300     600     1100    700     400     
	2474   1879 1700    1200    1000    900     1200    800     1100    900     600     1200    600     500     300     800     500     700     1100    700     1700    
	2474   1880 2600    2600    2500    1700    2600    1500    900     900     1000    2600    700     2400    500     700     1500    800     400     500     700     
	2474   1881 1300    1000    1000    900     1300    1000    900     900     800     1000    1000    1000    1000    900     700     600     400     900     1000    
	2474   1882 1900    1900    1300    1900    1500    1000    600     1900    1200    1500    1200    1300    700     300     400     600     300     200     600     
	2474   1883 2500    1000    1800    900     2500    900     1100    500     900     1000    1800    1100    600     300     900     900     800     400     1200    
	2474   1884 1700    1300    1700    1000    1600    1700    1200    1000    900     1100    1600    1200    1400    400     1100    1200    1200    900     600     
	2474   1885 3200    1500    3200    1500    1600    3200    1100    1500    600     1100    1600    600     700     3100    800     400     300     1100    1500    
	2474   1886 2400    2400    1800    2400    1800    1800    1700    500     2400    1800    1200    1000    800     1000    1200    1700    1000    900     500     
	2474   1887 3400    1800    3400    1500    1600    3400    800     1200    1500    1100    1600    800     2700    1500    1600    800     600     800     600     
	2474   1888 2500    2500    1900    1800    1500    900     1300    1800    1800    700     900     1500    400     200     900     800     1300    800     1500    
	2474   1889 2100    1800    2100    1800    800     2100    1700    1700    700     800     600     500     2000    600     500     1700    700     1300    800     
	2474   1890 3300    3300    1400    2900    1200    1200    1400    500     2800    900     700     1100    700     1200    700     1400    700     700     2800    
	2474   1891 4200    3200    1200    2500    1200    1200    1300    1400    2500    700     1200    500     1200    900     800     900     800     800     900     
	2474   1892 2200    1600    1900    1600    2200    1000    800     1600    1400    1000    1900    1700    600     1000    1000    500     800     700     1800    
	2474   1893 5900    1500    4600    1000    5900    900     1000    1000    400     1500    3000    1600    900     300     800     600     1000    700     800     
	2474   1894 2600    1500    1900    1200    2600    1500    1500    1200    900     1500    1100    800     1000    500     600     1500    500     1000    600     
	2474   1895 2900    2900    2000    2900    1800    1200    2200    800     2300    900     900     1500    1200    700     800     2000    500     600     700     
	2474   1896 1900    1900    1800    1900    1800    1200    1600    1000    1900    600     600     1800    600     1200    500     300     300     1600    800     
	2474   1897 3400    1400    1200    1400    1200    1200    3400    1200    1400    1200    700     900     600     1200    400     800     2100    1300    1400    
	2474   1898 1900    1200    1900    1000    1600    1300    1700    1000    500     1200    1300    800     1300    1100    1000    1700    1000    800     1000    
	2474   1899 2300    1600    2300    1300    1400    2000    1300    800     1300    1400    300     700     1700    900     2000    300     1300    1000    1600    
	2474   1900 1400    1000    1400    1000    1300    1000    1400    500     900     600     1200    1300    800     1000    900     1400    400     700     600     
	2474   1901 1900    1600    1800    1600    1800    1100    1900    1600    1500    700     1100    1800    1100    1000    900     700     800     1200    500     
	2474   1902 1700    1700    900     1700    700     900     1200    700     1700    700     700     600     900     900     400     600     1200    1100    1200    
	2474   1903 2600    2000    2600    2000    1400    2600    1000    700     1300    1200    500     1400    1100    1500    600     1000    600     500     2200    
	2474   1904 2800    1600    2800    1600    1200    2800    1900    900     1000    1200    1200    1200    900     2300    1100    900     1400    1200    1500    
	2474   1905 2100    2100    1000    2100    1000    1000    1000    1500    600     600     1000    1000    600     800     500     700     400     1000    1000    
	2474   1906 1900    700     1700    700     1900    1200    800     400     500     500     1700    500     1200    1100    700     800     800     500     800     
	2474   1907 2500    1200    2500    1100    1400    1100    2500    1000    1100    1200    700     1000    400     1100    600     2500    700     1100    800     
	2474   1908 1800    1400    1800    1400    1700    1800    1800    900     1100    1000    1600    700     900     1400    500     900     900     1000    1400    
	2474   1909 2300    2300    1200    1400    1200    700     1000    1400    1200    1100    1000    1200    500     600     700     700     400     800     800     
	2474   1910 1600    1300    900     900     1600    900     900     800     400     1300    400     900     900     900     500     700     900     400     400     
	2474   1911 3200    2500    3200    2500    1700    3200    1200    1900    600     500     1600    1700    1300    2800    1400    1200    700     600     200     
	2474   1912 1700    1300    1700    1300    1000    1700    1300    1300    500     700     1000    700     500     1700    400     1300    1000    600     700     
	2474   1913 2400    2400    1900    2400    1000    1500    900     900     2400    300     500     1000    600     800     1100    800     900     900     1000    
	2474   1914 1500    1500    1500    1500    1300    1500    1000    1500    1000    500     1300    1100    800     600     1500    1000    700     800     400     
	2474   1915 2000    1000    1800    900     1100    1300    2000    900     400     1000    700     1100    1300    500     700     1800    2000    400     200     
	2474   1916 2700    700     2700    700     900     2700    1200    400     300     700     800     800     800     1400    1300    1000    500     900     300     
	2474   1917 3200    3200    1800    3200    1800    1000    1200    1300    1900    1000    1100    1200    600     1000    1000    1100    200     800     1000    
	2474   1918 2200    2200    2100    1300    1800    1300    800     800     600     1800    700     900     1300    700     1100    300     800     600     600     
	2474   1919 2300    900     2300    900     2000    1700    1800    700     800     800     1000    2000    1500    700     1700    1800    900     400     700     
	2474   1920 3800    1200    1200    1000    1200    1000    3800    700     1000    1200    400     400     800     1000    700     1200    2500    1300    1000    
	2474   1921 3800    2800    3800    2600    1600    3800    2200    500     2600    900     1200    1600    1000    2800    800     1200    1600    2200    700     
	2474   1922 2000    1300    1300    1000    1300    800     2000    300     1000    1300    600     1200    800     300     800     600     2000    700     500     
	2474   1923 1900    1500    1900    600     1500    1900    900     600     400     1500    1400    500     600     1400    1400    900     300     600     400     
	2474   1924 1700    1700    1100    700     1700    1100    1600    700     700     1700    1000    300     1000    1000    500     600     1000    1600    1100    
	2474   1925 2100    1000    2100    800     1100    2000    1400    800     400     1000    600     700     2000    800     800     300     1100    1200    900     
	2474   1926 2200    2200    1600    800     2200    1600    1100    600     800     2200    1000    800     1300    1200    600     1100    700     400     800     
	2474   1927 1600    1400    1600    1400    1600    800     1000    400     1400    900     900     1100    500     800     600     400     1000    600     1600    
	2474   1928 3100    3100    2000    1400    1700    2000    1100    200     1400    1700    900     800     700     2000    500     1100    600     600     400     
	2474   1929 2600    2600    2000    1500    2100    2000    700     1400    800     2100    1200    800     800     2000    900     700     600     600     1100    
	2474   1930 2200    2200    2100    1200    1400    1500    1000    800     1200    1200    800     600     1500    500     1000    500     1000    300     600     
	2474   1931 1500    1100    1500    500     1100    1500    1200    400     500     1100    900     1000    1100    400     700     800     1200    600     1100    
	2474   1932 2700    2700    1800    2700    1600    1800    1000    2000    700     1600    300     900     1800    600     700     700     400     1000    2700    
	2474   1933 3200    2500    2000    2500    1800    1300    1200    1300    800     1200    1700    1400    1100    700     1000    1200    800     700     2600    
	2474   1934 2500    2500    1600    2500    1600    1500    1800    700     2500    1100    600     1500    1300    1200    900     1100    500     1800    500     
	2474   1935 2300    2100    2300    500     2100    2300    900     500     500     2100    500     1300    500     1900    900     900     800     500     600     
	2474   1936 2400    1700    2400    1000    2400    1200    900     600     1000    1700    800     2000    700     400     1200    900     600     900     900     
	2474   1937 2000    500     2000    500     1200    2000    1300    500     200     400     600     1200    800     800     1200    500     900     800     400     
	2474   1938 2400    2400    1900    1300    2400    1900    1100    400     1300    2400    1500    1500    1900    1000    900     700     700     1100    500     
	2474   1939 2400    1200    2400    1200    1400    1000    900     600     700     400     600     1400    1000    900     900     900     300     300     1500    
	2474   1940 2000    1300    2000    1300    2000    1100    700     1000    1000    1100    500     2000    1100    600     600     700     700     600     500     
	2474   1941 3400    1400    3400    1200    1600    3400    1500    1100    500     1400    1100    1600    2400    1000    300     1500    800     500     700     
	2474   1942 2100    1900    2100    1600    2100    1800    900     1100    1600    1200    2100    800     1400    400     900     900     500     800     600     
	2474   1943 3100    3100    1600    1200    1900    1600    1600    500     1200    1900    1000    1300    1000    900     700     600     1600    500     800     
	2474   1944 2000    2000    2000    1800    1900    2000    800     700     1800    1000    1000    1900    900     900     1800    600     800     400     1000    
	2474   1945 2500    2400    1800    900     2500    1800    1600    800     900     2400    800     1100    1400    1800    700     1300    1600    1400    700     
	2474   1946 1600    1600    1300    900     1400    1000    1600    800     500     1400    1100    1100    400     900     700     700     1600    600     1600    
	2474   1947 2700    1100    2700    1100    1200    2600    1400    1000    1100    300     1200    1000    700     600     2600    700     900     400     300     
	2474   1948 3000    3000    2100    1600    2100    1500    1200    200     1600    1400    2100    1400    700     1400    900     800     1200    900     1000    
	2474   1949 2900    2200    2900    2200    1300    2900    2000    1600    600     1200    800     600     1700    1300    800     600     1500    400     500     
	2474   1950 1700    1300    1700    1300    1100    1300    1000    1300    400     800     600     1100    1300    400     600     300     1000    300     700     
	2474   1951 2400    1200    1500    600     1200    1100    2400    500     400     1000    1200    600     1100    900     600     700     2000    300     1500    
	2474   1952 2500    1100    2500    1100    2500    1100    800     400     1100    700     2300    1300    800     1000    1100    800     600     200     600     
	2474   1953 3800    3800    1400    1200    2700    1400    2600    1200    1100    2700    900     700     1000    900     1400    900     1500    2600    800     
	2474   1954 1600    1600    1500    1600    1500    700     700     1000    600     1400    1500    1500    700     700     400     300     700     600     700     
	2474   1955 2100    1100    2100    1100    2100    1200    800     900     900     1000    2100    800     800     1200    1100    800     800     500     700     
	2474   1956 2500    800     2500    800     2500    800     1400    500     800     700     1700    1600    800     700     500     1400    900     1100    1000    
	2474   1957 1500    1200    1300    1200    1500    1300    1000    1200    400     600     1100    800     1300    400     400     300     700     1000    1000    
	2474   1958 1900    1400    1400    600     1400    1400    1900    500     200     1400    500     800     1400    800     500     1100    800     1900    600     
	2474   1959 2500    2100    2200    2100    1900    1500    2500    600     2000    500     800     1900    1200    1500    700     2000    1600    800     900     
	2474   1960 1700    1400    1700    700     1700    1300    900     500     700     1400    1700    1000    1300    400     800     900     200     300     600     
	2474   1961 1800    1800    1300    1200    1700    800     1300    600     1200    1700    500     900     700     800     700     1300    800     1200    1500    
	2474   1962 2800    2000    2800    1300    1500    2400    2100    600     1300    1000    1200    500     2400    700     800     600     2100    700     700     
	2474   1963 2400    2000    1300    1200    800     800     1500    1100    1200    800     600     800     700     800     200     1300    1100    900     1500    
	2474   1964 1700    1600    1700    1500    1700    1600    1000    1500    500     1100    800     1700    800     1000    1200    800     700     900     700     
	2474   1965 1400    1400    1100    500     1300    1100    1400    200     500     1300    500     700     800     300     800     600     1400    700     400     
	2474   1966 1600    1000    1500    1000    1100    1300    1600    1000    400     500     600     1100    500     400     1300    1500    800     400     200     
	2474   1967 1800    1000    1800    1000    800     1800    1000    1000    700     700     800     400     1800    800     1200    500     700     1000    400     
	2474   1968 1600    1300    1600    800     1600    800     1400    500     800     600     1600    600     600     800     800     600     1200    1400    1600    
	2474   1969 1900    1100    1600    900     1100    1200    1900    900     600     1100    1000    400     1100    1200    900     1600    1900    300     600     
	2474   1970 1900    1500    1900    600     900     1200    1400    400     600     500     300     900     1200    500     1200    1400    1400    600     1000    
	2474   1971 2200    900     2200    900     2000    2200    1500    700     900     500     1500    600     800     2100    800     1300    1100    400     900     
	2474   1972 2200    1500    2000    800     1500    1300    2200    600     800     1500    1200    600     400     900     1300    800     1800    300     1500    
	2474   1973 2800    2400    2100    1700    2400    2100    1500    1300    600     2400    400     400     1700    700     2100    1500    900     1000    400     
	2474   1974 2100    1100    1300    800     2100    1300    800     500     600     1100    1300    900     800     700     1300    800     300     400     700     
	2474   1975 2400    1100    1800    1000    1500    1000    2400    800     1000    300     1100    1500    1000    600     1000    800     1900    700     1000    
	2474   1976 2500    1300    2500    1300    1800    2500    700     700     900     1100    1600    800     1700    1200    2500    400     700     400     800     
	2474   1977 1300    600     1300    600     1100    800     1000    400     400     500     500     1100    500     800     500     700     1000    400     600     
	2474   1978 2000    1000    2000    700     1700    1600    1600    500     700     1000    900     1700    700     1000    1600    1000    1600    900     700     
	2474   1979 1400    700     1400    700     500     1200    1400    600     700     500     400     500     700     700     500     1400    1100    700     400     
	2474   1980 1600    1200    1600    1200    1600    800     1200    1200    800     1200    1100    1600    800     800     600     700     500     900     700     
	2474   1981 2200    1600    2200    1600    1100    1300    1100    400     1600    500     1000    700     1300    800     1100    1100    400     600     300     
	2474   1982 1700    1500    1700    1500    1700    1200    1400    1200    1500    900     1700    900     900     1200    500     1300    800     600     900     
	2474   1983 1700    1700    1700    1700    1300    1700    1700    500     1700    1300    400     400     1300    1700    1300    600     1000    1400    700     
	2474   1984 2700    1300    2700    1100    2100    2400    900     500     1100    1300    1900    800     800     800     2400    300     700     900     800     
	2474   1985 2000    2000    1900    2000    1200    1900    1900    700     2000    500     1200    700     400     1700    500     800     1900    600     400     
	2474   1986 2500    2500    1500    2500    1000    1100    2500    400     2500    1000    600     700     1100    800     600     1500    1000    600     700     
	2474   1987 1400    1400    1300    1400    1200    1300    1100    1300    1000    1200    800     700     400     1300    700     500     1100    900     1000    
	2474   1988 2000    1200    2000    1200    1100    2000    700     400     1200    300     1100    400     2000    300     900     600     700     600     700     
	2474   1989 2200    2200    1800    2200    1800    1800    1200    1000    1200    800     500     1800    1800    1300    900     900     500     1200    800     
	2474   1990 3600    900     3600    700     2000    3600    900     500     600     900     900     2000    1000    2200    1400    600     900     500     700     
	2474   1991 2300    1900    2300    1900    1500    1700    1400    1200    1100    1100    600     1500    400     700     1000    1400    700     800     1500    
	2474   1992 1400    1400    1400    1400    1400    900     700     1200    1300    400     1000    1400    900     700     300     700     500     400     1200    
	2474   1993 1800    1600    1600    900     1600    1600    1800    500     900     1600    800     600     1200    400     600     300     1000    1500    500     
	2474   1994 2200    1300    2200    1300    1000    2200    1600    500     1300    700     900     700     2000    1700    600     600     1600    800     400     
	2474   1995 2900    1300    2900    400     1300    2900    1200    400     300     500     800     1200    1300    800     2500    500     1200    1100    1600    
	2474   1996 2900    2900    2000    2900    2000    1200    800     2100    800     1600    2000    1000    1000    1200    700     800     600     300     1400    
	2474   1997 2300    1800    1900    1800    1900    1900    2300    1700    300     1200    1900    1100    500     1400    1900    1800    900     500     700     
	2474   1998 1700    1300    1700    1300    1700    1600    900     900     1300    1000    200     1700    300     1000    1600    900     300     600     300     
	2474   1999 1600    900     1600    700     1000    1200    1000    400     400     900     400     1000    900     900     1200    700     1000    500     200     
	2474   2000 1200    900     1200    600     900     1200    800     600     400     900     600     600     1200    700     900     800     400     300     900     
	2474   2001 1400    800     1300    800     1300    1100    900     800     800     400     300     1300    800     1000    600     300     900     600     1400    
	2474   2002 2300    1100    1200    1000    2300    800     900     900     400     1100    1200    500     800     600     600     900     400     300     900     
	2474   2003 2900    2200    2900    2200    2000    2900    1400    400     2200    2000    1400    600     1300    1200    2700    1000    1400    800     1000    
	2474   2004 1700    1000    1200    1000    1200    1000    1000    300     400     1000    1100    1200    800     600     400     1000    700     600     1500    
	2474   2005 1500    800     1500    800     900     1100    1500    500     600     500     700     900     800     1100    600     900     1500    700     700     
	2474   2006 1500    1300    1500    1200    1300    1100    1500    600     600     1300    700     700     1100    800     500     1500    1000    400     1000    
	2474   2007 3700    900     3500    900     3700    1100    1000    500     500     800     3000    500     1100    400     1000    500     1000    500     1400    
	2474   2008 1800    1800    1300    1800    1300    1100    1000    800     1800    400     900     1300    1100    500     700     1000    900     600     1100    
	2474   2009 2000    1200    1700    900     1200    1700    2000    800     600     1200    900     800     1600    700     1500    1600    800     500     600     
	2474   2010 2100    1300    2100    1000    2100    1200    900     1000    400     1300    2100    900     1100    1000    500     600     900     700     600     
	2474   2011 2500    1800    1500    700     1700    800     2500    600     700     1700    1500    800     400     500     400     1200    600     2500    500     
	2474   2012 1900    1400    1100    1000    1900    1000    700     900     1000    1400    500     1100    500     700     1000    700     500     400     300     
	2474   2013 2300    900     2300    800     1600    2300    1300    600     800     800     1100    600     1100    2300    900     1100    500     300     1200    
	2474   2014 2100    1700    2100    500     1700    1700    1900    400     400     1700    900     600     1700    900     500     1900    400     600     400     
	2474   2015 2000    2000    1300    1500    2000    900     1000    400     1500    2000    1300    900     800     400     900     700     700     300     500     
	2474   2016 1600    1600    1300    700     1600    1300    1200    500     700     1600    400     800     700     1300    700     1200    1000    700     700     
	2474   2017 2400    1300    1400    1300    2400    1300    800     1300    400     1100    1300    1300    1300    500     900     800     700     300     400     
	2474   2018 3200    1000    3200    900     900     3200    2500    400     900     500     500     900     2300    1600    700     700     2500    1200    800     
	2474   2019 2100    1900    2100    1800    2100    1600    1000    700     1800    1500    2100    800     1100    1200    1400    1000    500     400     500     
	2474   2020 3700    2000    3300    700     3700    1800    1900    700     400     2000    1700    3000    1100    800     1400    1900    500     800     400     
	2474   2021 1700    1700    1700    1000    1300    1200    1700    300     1000    800     1300    700     1200    1100    700     1700    500     600     1100    
	2474   2022 3300    3300    2400    1000    2900    2400    700     1000    500     2900    1800    1000    900     1900    1400    400     700     500     400     
	2474   2023 3200    1800    3200    1800    1600    1600    1100    600     1800    400     700     1600    1600    700     700     1000    1000    200     600     
	2474   2024 1200    1000    1200    1000    700     800     900     1000    500     400     600     700     800     500     600     900     800     500     1000    
	2474   2025 3000    1500    3000    1000    3000    1800    1000    1000    900     1500    1300    2300    800     600     1800    800     500     800     900     
	2474   2026 -999999 1100    -999999 1100    -999999 -999999 -999999 1100    300     1000    2800    -999999 -999999 -999999 -999999 -999999 -999999 -999999 -999999 
	