EUROPEAN CLIMATE ASSESSMENT & DATASET (ECA&D), file created on: 17-05-2026
THESE DATA CAN BE USED FOR NON-COMMERCIAL RESEARCH AND EDUCATION PROVIDED THAT THE FOLLOWING SOURCE IS ACKNOWLEDGED: 

Klein Tank, A.M.G. and Coauthors, 2002. Daily dataset of 20th-century surface
air temperature and precipitation series for the European Climate Assessment.
Int. J. of Climatol., 22, 1441-1453.
Data and metadata available at http://www.ecad.eu

FILE FORMAT (MISSING VALUE CODE = -999999):

THIS FILE HOLDS DATA FOR STATION NETHERLANDS                              HELMOND                                  (STAID:    582)
LATITUDE: dd:mm:ss +51:28:59
LONGITUDE: ddd:mm:ss +005:37:00
ELEVATION: m   18

DATA IS FOR INDEX Maximum no of consecutive dry days (RR < 1 mm) (CDD) with unit 0.01 No of days

01-06 SOUID: Source identifier
08-11 YEAR : YYYY
13-20 ANNUAL DATA VALUES
21-28 WINTER HALF YEAR DATA VALUES
29-36 SUMMER HALF YEAR DATA VALUES
37-44 WINTER (DJF) DATA VALUES
45-52 SPRING (MAM) DATA VALUES
53-60 SUMMER (JJA) DATA VALUES
61-68 AUTUMN (SON) DATA VALUES
69-76 JANUARY DATA VALUES
etc. 
157-164 DECEMBER DATA VALUES

582    1868 -999999 -999999 -999999 -999999 -999999 -999999 -999999 -999999 -999999 -999999 -999999 -999999 -999999 -999999 -999999 -999999 -999999 -999999 -999999 
	582    1869 3500    -999999 3500    -999999 1500    3500    900     1100    800     1200    700     500     1200    2200    1400    600     900     900     700     
	582    1870 2900    2900    1500    2900    1500    1000    1900    900     2000    800     1000    1500    1000    1000    500     1300    600     1000    1200    
	582    1871 3200    1600    1500    1500    1500    1300    1600    700     600     1400    800     1500    800     1200    1300    1100    1200    1400    1800    
	582    1872 -999999 2700    -999999 2700    1600    -999999 -999999 2000    700     1600    700     900     1300    1000    -999999 -999999 -999999 -999999 -999999 
	582    1873 -999999 -999999 -999999 -999999 -999999 -999999 -999999 -999999 -999999 -999999 -999999 -999999 -999999 -999999 -999999 -999999 -999999 -999999 -999999 
	582    1874 -999999 -999999 -999999 -999999 -999999 -999999 -999999 -999999 -999999 -999999 -999999 -999999 -999999 -999999 -999999 -999999 -999999 -999999 -999999 
	582    1875 -999999 -999999 -999999 -999999 -999999 -999999 -999999 -999999 -999999 -999999 -999999 -999999 -999999 -999999 -999999 -999999 -999999 -999999 -999999 
	582    1876 -999999 -999999 -999999 -999999 -999999 -999999 -999999 -999999 -999999 -999999 -999999 -999999 -999999 -999999 -999999 -999999 -999999 -999999 -999999 
	582    1877 -999999 -999999 -999999 -999999 -999999 -999999 -999999 -999999 -999999 -999999 -999999 -999999 -999999 -999999 -999999 -999999 -999999 -999999 -999999 
	582    1878 -999999 -999999 -999999 -999999 -999999 -999999 -999999 -999999 -999999 -999999 -999999 -999999 -999999 -999999 -999999 -999999 -999999 -999999 -999999 
	582    1879 -999999 -999999 -999999 -999999 -999999 -999999 -999999 -999999 -999999 -999999 -999999 -999999 -999999 -999999 -999999 -999999 -999999 -999999 -999999 
	582    1880 -999999 -999999 3300    -999999 3300    1600    900     -999999 -999999 1900    900     2600    400     700     1600    800     400     500     300     
	582    1881 2100    900     2100    900     1100    2100    1000    900     800     900     1100    1100    700     1800    600     500     800     900     1000    
	582    1882 1700    1700    1300    1700    1500    700     700     1700    1400    1500    1300    1300    500     500     700     700     700     200     600     
	582    1883 3900    1200    3800    1200    3900    800     1200    1200    1000    900     3000    1700    500     600     800     1200    700     400     800     
	582    1884 2400    1400    2400    1100    2400    1500    2200    800     700     1100    2400    1200    700     500     1300    1300    700     1900    700     
	582    1885 3200    3200    1900    3200    2000    1900    1200    1700    1500    2000    1300    400     1600    1700    900     500     400     1200    1500    
	582    1886 2400    2400    1800    2300    1700    1800    1200    200     2300    1700    1300    1000    1000    800     700     1200    900     900     600     
	582    1887 3000    1800    3000    1800    1800    3000    1000    1700    1500    1200    1800    500     2500    1300    2900    900     700     1000    400     
	582    1888 2200    2000    1300    2000    1200    600     1400    1800    1100    700     500     1200    600     300     600     1300    1400    1300    1300    
	582    1889 2000    2000    1400    2000    900     1400    1400    2000    500     600     900     400     1400    500     600     900     700     1400    800     
	582    1890 2900    2900    1600    2900    1200    800     1600    400     2800    800     500     900     800     700     600     1600    700     400     3100    
	582    1891 3400    2600    1200    2500    900     1200    2000    700     2500    900     600     600     1200    800     400     1000    1100    400     1000    
	582    1892 1700    1600    1700    1100    1700    1700    600     800     1100    1000    1400    700     600     1700    400     600     600     600     1600    
	582    1893 5000    1400    3600    1200    5000    1800    900     1200    400     1400    3000    1000    1800    900     800     400     800     900     700     
	582    1894 3000    1800    1900    1500    3000    1900    1100    1500    700     1800    1200    800     1200    700     400     1100    900     1000    1300    
	582    1895 2700    2700    2300    2700    1400    1200    2400    700     2000    1400    900     1000    900     1000    1200    2300    700     400     1300    
	582    1896 1900    1600    1900    1600    1900    1300    1500    900     1600    600     1300    1800    700     1300    700     300     300     1500    500     
	582    1897 2000    1200    1200    1200    700     1200    2000    1200    700     600     700     600     800     1200    600     900     1200    2000    1500    
	582    1898 1700    1000    1700    900     1000    1700    1400    900     400     700     600     500     1100    500     1700    1100    1100    1200    800     
	582    1899 2200    2100    2200    1500    1100    1800    1200    1100    1300    1000    300     1100    1800    700     1000    400     1200    1000    1700    
	582    1900 1500    1400    1500    700     1400    600     1500    400     500     1400    700     1300    500     500     600     1500    500     800     600     
	582    1901 2600    2600    2200    2600    2200    1100    1600    2500    500     900     1000    2200    1100    1000    1000    1300    900     800     500     
	582    1902 1400    1400    1200    1400    700     1200    1000    800     1400    700     600     500     1200    700     300     1000    300     1000    1300    
	582    1903 2700    1300    2700    1300    1400    1600    800     1300    800     1000    300     1400    1300    700     500     800     700     500     2200    
	582    1904 2800    1000    2700    1000    1700    2700    1000    900     700     1000    1700    1000    600     2300    600     900     800     900     900     
	582    1905 1400    800     1400    800     1100    800     800     800     700     500     1000    1100    600     600     800     800     200     500     1100    
	582    1906 1400    600     1300    600     1400    1000    1100    300     600     500     1300    600     1000    500     700     1000    1000    600     900     
	582    1907 2300    1200    2300    1200    1700    1200    2300    900     1000    1200    900     500     800     1200    400     2300    300     700     800     
	582    1908 2800    1600    1200    1300    1600    1200    2800    800     600     1600    500     500     600     600     600     1000    2400    1100    1200    
	582    1909 1600    1600    1500    1300    1200    1500    900     900     1300    300     1100    1200    1500    600     1200    900     600     400     1000    
	582    1910 1900    1300    800     1000    1900    800     800     900     200     1300    600     600     800     400     500     700     800     500     400     
	582    1911 3400    3400    1500    3400    1500    1300    1200    1900    1500    500     1500    700     1100    1200    1300    1200    700     400     200     
	582    1912 2400    900     2400    900     2400    1100    1700    900     500     300     1900    500     500     1100    300     1700    1200    400     700     
	582    1913 2100    2100    1700    2100    600     1700    1200    700     2100    300     600     600     500     800     1700    800     800     300     600     
	582    1914 1600    1600    1600    1600    1600    900     1200    1600    1000    300     1600    900     800     600     900     900     700     1000    500     
	582    1915 2000    700     2000    700     1300    1100    1700    700     300     600     700     1300    1100    500     600     1700    1300    400     600     
	582    1916 2600    1000    2600    700     1300    2600    1200    400     400     1000    800     600     700     1300    1300    1000    500     1000    600     
	582    1917 3000    3000    1100    3000    1000    700     1200    1400    1600    700     700     700     600     700     700     1100    400     400     1300    
	582    1918 1600    1600    1500    1400    1600    800     1100    900     600     1600    600     900     800     400     500     500     1000    700     500     
	582    1919 2200    1000    2200    1000    2000    1700    1300    600     1000    700     800     2000    1400    500     1700    1300    700     500     700     
	582    1920 2800    1200    1000    1100    1200    1000    2800    700     1100    1200    400     400     1000    400     600     900     1600    1400    1200    
	582    1921 2400    1500    1400    1500    800     1400    1700    500     1000    800     700     700     900     900     900     1000    900     1700    700     
	582    1922 2200    1600    2200    1100    1600    1000    1300    500     1100    1600    700     1400    1000    300     400     300     1300    500     500     
	582    1923 1900    1000    1900    500     1800    1900    800     400     500     1000    800     400     500     1400    1500    600     500     800     600     
	582    1924 1700    1700    1100    1300    1700    1100    1000    900     1300    1700    700     500     1000    900     400     500     1000    900     1200    
	582    1925 1500    600     1400    600     1200    1100    1500    600     500     500     900     1200    1100    800     700     400     1200    900     600     
	582    1926 1500    1500    1100    900     1500    800     800     900     300     1500    700     500     800     700     600     800     700     600     700     
	582    1927 1900    1000    1900    1000    1900    800     1300    700     1000    700     600     1400    300     400     600     400     1300    600     1200    
	582    1928 2200    1900    2200    1300    1300    1700    2200    400     1300    1300    700     800     800     1700    600     2200    500     700     1000    
	582    1929 3600    3600    1900    1300    3100    1900    1600    1200    700     3100    1000    1300    700     1900    900     1600    700     600     500     
	582    1930 2200    2200    1200    1300    1200    800     700     800     1300    900     800     500     800     500     700     400     700     300     600     
	582    1931 1700    1000    1700    500     1000    1700    1300    500     400     1000    700     700     1300    400     500     700     1200    1300    1300    
	582    1932 2400    1900    2400    1600    1900    2400    900     1600    900     1900    400     600     2400    500     800     400     500     900     2000    
	582    1933 1900    1900    1600    1900    1600    1400    1100    1900    700     900     1600    1000    800     800     1400    1100    800     600     1000    
	582    1934 2200    2200    1400    2200    1400    1400    800     700     2200    800     700     900     1100    1200    1000    800     400     700     400     
	582    1935 1900    1600    1900    600     1900    1300    700     600     500     1600    600     1300    400     1200    1300    700     600     600     400     
	582    1936 1900    1900    1600    1000    1900    1600    1100    500     1000    1900    800     800     1600    200     1200    500     1100    1100    900     
	582    1937 1200    600     1200    600     1000    1200    1200    500     400     400     400     1000    600     600     900     400     1100    700     500     
	582    1938 2300    2300    1700    1000    2300    1700    900     400     1000    2300    900     1400    1700    1300    600     900     800     800     900     
	582    1939 2300    1300    2300    1300    1300    1000    700     600     700     500     600     1300    1000    800     1000    600     700     300     1900    
	582    1940 1300    800     1300    800     1200    1300    1300    700     500     600     500     1200    1100    300     1100    700     1300    200     700     
	582    1941 1300    1200    1300    1200    1300    1000    1100    1200    300     1200    1000    1300    1000    600     200     1100    800     500     600     
	582    1942 2200    1400    2200    1400    2200    800     1100    1400    900     1100    2200    700     800     500     800     1100    500     900     600     
	582    1943 1900    1900    1100    1200    1900    1100    1400    400     1200    1900    700     1100    500     900     600     500     1400    700     900     
	582    1944 1600    1000    1600    1000    900     1600    600     500     1000    900     800     700     800     700     1600    400     600     300     1000    
	582    1945 1300    900     1000    600     1000    800     1300    600     300     900     800     1000    800     500     400     1000    1300    1300    600     
	582    1946 1800    1500    1800    1500    1800    800     1600    1500    400     1200    1100    1200    400     600     600     600     1600    700     1300    
	582    1947 3100    1900    3100    1900    1000    2600    1600    1700    500     800     1000    800     800     700     2600    500     1400    400     500     
	582    1948 2900    2900    2000    1400    2000    1300    1900    100     1400    1500    900     2000    900     1300    1000    800     1100    900     1100    
	582    1949 2100    1800    2100    1800    1500    2100    1500    1000    800     1300    800     600     1700    1200    500     700     900     400     700     
	582    1950 1300    1200    1300    900     1300    700     1000    900     400     800     700     1300    700     700     700     300     1000    600     800     
	582    1951 2200    800     1000    700     1000    1000    2200    400     600     800     1000    500     900     700     700     700     2000    300     800     
	582    1952 2400    1700    2400    1700    2400    1600    800     500     1700    1000    2200    1300    1500    700     900     800     800     800     700     
	582    1953 2900    1700    1500    800     1500    800     2100    800     700     1400    1400    1300    500     500     800     700     600     2100    900     
	582    1954 1700    1700    1200    1700    1500    700     700     1000    700     1500    1100    900     500     700     500     400     700     600     600     
	582    1955 1500    900     1300    900     1200    1300    900     900     400     900     1200    500     900     1300    1100    800     700     900     600     
	582    1956 1500    1300    1500    1300    1500    700     1200    500     1300    1200    1500    800     700     600     500     1200    900     1000    500     
	582    1957 2100    800     2100    500     2100    1200    1000    500     300     600     1800    800     1100    700     700     300     1000    800     900     
	582    1958 1700    1400    1200    800     1400    900     1700    600     300     1400    600     400     900     700     700     900     800     1700    700     
	582    1959 3000    2800    3000    2800    1500    1900    2000    800     2000    400     900     1500    1500    1900    1000    2000    900     800     800     
	582    1960 2200    900     2200    700     2200    900     800     500     700     900     600     1700    900     400     300     800     300     400     500     
	582    1961 1500    1500    1400    1100    1500    800     1400    600     1100    1500    700     900     700     700     800     1400    900     900     1500    
	582    1962 2200    1700    1300    1300    1200    1000    2200    500     1300    1200    600     500     1000    400     700     700     2200    600     700     
	582    1963 2400    2400    1500    1800    900     900     1300    1600    1600    800     600     900     600     900     700     1300    1300    500     1300    
	582    1964 1800    1800    1500    1300    1200    1200    1000    1300    600     1200    800     500     500     1200    1200    700     800     900     500     
	582    1965 1400    1200    1300    1000    1200    1300    1400    400     1000    1200    400     600     800     500     700     1100    1400    1400    400     
	582    1966 1600    1100    1600    1100    900     1000    1400    1100    600     800     400     900     1000    400     800     1400    800     400     200     
	582    1967 1200    900     1200    900     800     1200    1000    900     900     600     800     500     1000    500     1200    700     600     1000    400     
	582    1968 2400    1200    2400    800     2400    800     1900    400     800     400     2400    500     600     800     500     600     1500    1900    1500    
	582    1969 2400    1200    1700    1200    1000    1100    2400    1200    600     900     1000    700     1100    700     900     1500    2100    300     700     
	582    1970 1800    1300    1800    600     700     1300    1200    500     400     400     500     700     1300    500     800     1200    1200    700     1000    
	582    1971 2100    2000    2100    2000    2000    2100    1500    1900    700     500     1500    800     300     2000    1000    1200    1100    500     900     
	582    1972 3100    1900    1600    1800    1500    1200    3100    900     1700    1500    900     800     400     1200    1100    1200    1900    500     1800    
	582    1973 3700    2300    1300    2300    2100    1300    1100    1900    600     2100    400     400     1300    900     1200    800     800     1000    600     
	582    1974 3400    1100    2300    1000    3400    900     400     600     1000    1100    2300    900     900     700     900     300     300     400     400     
	582    1975 1900    1100    1500    1100    1400    1000    1400    900     1100    300     900     1400    1000    700     900     900     1400    800     1900    
	582    1976 2500    1500    2500    1500    2500    2300    900     500     1500    1100    2300    800     1700    1100    2300    700     800     600     500     
	582    1977 2700    1300    2700    600     1100    1600    2700    400     500     1000    700     1100    800     1600    800     2700    2000    500     900     
	582    1978 1500    1500    1000    1400    1000    1000    1500    900     1400    500     900     900     400     1000    1000    1000    1500    900     700     
	582    1979 1300    700     1100    700     900     1000    1300    700     500     200     800     900     500     600     400     1100    1300    700     400     
	582    1980 1600    1600    1200    1400    1200    800     800     1400    1400    700     900     1200    800     400     700     800     400     500     400     
	582    1981 2100    1700    2100    1700    1100    1100    1000    500     1700    700     600     400     1000    800     1100    1000    200     500     600     
	582    1982 1600    1600    1400    1600    900     1000    1400    1600    1500    900     900     800     300     1000    800     1400    800     600     600     
	582    1983 1600    1600    1600    1600    1300    1600    1300    500     1600    1300    800     300     1300    1600    1300    600     700     1300    700     
	582    1984 1400    1300    1400    1000    1400    1300    900     300     1000    1300    1400    700     700     1000    1300    300     700     900     700     
	582    1985 2200    2000    1400    2000    1000    1400    2200    600     2000    500     1000    1000    300     1400    400     800     2200    500     500     
	582    1986 3200    2600    1500    2300    1300    1300    3200    400     2300    1300    600     800     1200    1100    1300    1500    1700    600     700     
	582    1987 1500    1200    1500    1100    1500    900     1200    800     500     1200    800     1000    300     800     700     600     400     900     900     
	582    1988 1600    800     1600    700     1300    1600    1500    700     400     400     1100    1300    1600    500     700     600     1000    1500    700     
	582    1989 2100    1300    2100    1300    1900    1400    1200    1000    800     700     400     1900    1100    1200    1400    900     700     1100    800     
	582    1990 1800    900     1800    600     1600    1800    800     500     600     900     600     1600    900     1800    1000    600     800     600     800     
	582    1991 2500    2100    2300    2100    1500    900     1400    1100    1000    1200    800     1500    300     500     900     1400    1200    1000    1500    
	582    1992 2200    1300    1700    1300    1100    1700    2200    1200    1000    500     900     1100    1100    1100    600     1700    700     300     1100    
	582    1993 1700    1600    1200    900     1600    900     1600    400     900     1600    1200    800     900     500     600     500     500     1600    200     
	582    1994 2000    1100    1300    1100    1300    1100    2000    600     1100    400     1300    500     500     1000    800     300     2000    600     600     
	582    1995 2600    1200    2600    400     1300    2600    1100    300     300     500     800     900     1300    800     2200    800     1100    1100    800     
	582    1996 2300    2300    1900    2300    1900    1800    900     2200    800     1600    1900    700     1800    1300    900     900     800     400     1200    
	582    1997 2200    1800    2200    1800    1900    2000    2200    1800    500     1200    1900    900     600     800     2000    2200    1100    500     500     
	582    1998 1700    1300    1700    1300    1700    1400    1000    700     1300    1000    300     1700    500     800     1400    600     400     1000    300     
	582    1999 2500    800     2500    400     800     1200    1400    400     300     800     500     800     1100    900     1100    1400    1100    300     400     
	582    2000 1200    1000    1200    1000    900     1200    800     1000    300     400     600     700     800     800     1200    800     400     300     800     
	582    2001 1300    900     1300    900     1300    900     1000    900     400     300     300     1300    900     500     800     200     1000    700     1300    
	582    2002 1300    1100    1300    1100    1300    800     1100    1000    500     900     1300    700     500     600     800     1100    700     1000    1300    
	582    2003 2000    2000    1800    1900    2000    1800    1300    600     1900    2000    1800    700     900     1600    1600    900     1300    1200    1000    
	582    2004 1500    900     1200    900     1200    1100    1200    400     700     900     1000    1200    700     500     600     900     1200    400     1500    
	582    2005 1700    1100    1500    800     900     1500    1700    500     600     900     500     700     1500    1300    900     800     1700    700     700     
	582    2006 1400    1300    1400    1000    1400    1400    1400    1000    600     1300    1300    1400    1200    1400    400     1400    1100    500     900     
	582    2007 3700    800     3500    800     3700    800     700     300     700     700     3000    500     700     300     800     500     700     400     1500    
	582    2008 1800    1800    1400    1800    1400    900     900     500     1800    400     700     1300    800     400     900     900     700     700     1100    
	582    2009 2000    1000    2000    1000    1000    2000    1400    800     600     1000    900     800     1500    500     700     1400    700     400     900     
	582    2010 3000    1100    3000    1100    1600    3000    1300    1000    1100    900     1600    800     2100    900     400     500     1300    900     600     
	582    2011 2600    1300    1500    800     1500    1000    2600    600     800     1200    1500    800     500     1000    400     1300    600     2600    300     
	582    2012 2700    2400    1000    900     2700    800     1200    500     900     2400    400     700     600     600     800     1000    1200    1000    400     
	582    2013 2400    1100    2400    800     1900    2400    1400    700     800     1100    800     600     1200    2400    600     1200    500     800     500     
	582    2014 1800    1800    1700    600     1700    1600    1700    500     600     1700    1500    600     1600    700     200     1700    700     600     600     
	582    2015 2000    1700    2000    1700    2000    1400    1100    400     1700    1700    2000    900     700     700     900     600     700     400     500     
	582    2016 1500    1300    1500    600     1500    1000    1300    600     400     1300    700     1500    700     700     1000    1300    1100    900     1000    
	582    2017 1400    1400    1400    1400    1000    1400    1200    1400    800     1000    1000    700     1400    400     900     800     1200    600     300     
	582    2018 5300    1500    5300    1400    800     5300    2400    400     1400    500     700     800     1600    3100    700     900     2400    1000    600     
	582    2019 2100    1700    2100    1700    2100    1500    1000    500     1700    1400    2100    800     1000    600     900     1000    500     700     500     
	582    2020 2200    1100    2100    1000    2200    900     1900    1000    300     1100    1500    2100    600     800     900     1900    900     800     400     
	582    2021 -999999 -999999 1200    -999999 1000    1200    1200    -999999 600     800     1000    500     1200    800     800     1200    600     900     1100    
	582    2022 3200    3200    1900    1000    2900    1900    1400    1000    300     2900    1700    800     1000    1900    1200    400     1400    400     900     
	582    2023 3900    1300    3900    1300    2000    1900    900     500     1300    400     700     2000    1900    500     700     900     700     300     500     
	582    2024 1100    -999999 1100    -999999 900     800     1100    700     -999999 900     600     600     800     500     800     1100    600     900     600     
	582    2025 2900    2200    2900    1200    2900    2300    1700    1200    900     2100    1200    2300    900     700     2300    1500    600     800     1300    
	582    2026 -999999 -999999 -999999 1300    -999999 -999999 -999999 1300    400     -999999 -999999 -999999 -999999 -999999 -999999 -999999 -999999 -999999 -999999 
	