EUROPEAN CLIMATE ASSESSMENT & DATASET (ECA&D), file created on: 17-05-2026
THESE DATA CAN BE USED FOR NON-COMMERCIAL RESEARCH AND EDUCATION PROVIDED THAT THE FOLLOWING SOURCE IS ACKNOWLEDGED: 

Klein Tank, A.M.G. and Coauthors, 2002. Daily dataset of 20th-century surface
air temperature and precipitation series for the European Climate Assessment.
Int. J. of Climatol., 22, 1441-1453.
Data and metadata available at http://www.ecad.eu

FILE FORMAT (MISSING VALUE CODE = -999999):

THIS FILE HOLDS DATA FOR STATION NETHERLANDS                              OOSTVAARDERSDIEP                         (STAID:    538)
LATITUDE: dd:mm:ss +52:25:00
LONGITUDE: ddd:mm:ss +005:13:00
ELEVATION: m    1

DATA IS FOR INDEX Maximum no of consecutive dry days (RR < 1 mm) (CDD) with unit 0.01 No of days

01-06 SOUID: Source identifier
08-11 YEAR : YYYY
13-20 ANNUAL DATA VALUES
21-28 WINTER HALF YEAR DATA VALUES
29-36 SUMMER HALF YEAR DATA VALUES
37-44 WINTER (DJF) DATA VALUES
45-52 SPRING (MAM) DATA VALUES
53-60 SUMMER (JJA) DATA VALUES
61-68 AUTUMN (SON) DATA VALUES
69-76 JANUARY DATA VALUES
etc. 
157-164 DECEMBER DATA VALUES

538    1943 -999999 -999999 -999999 -999999 -999999 -999999 1400    -999999 -999999 -999999 -999999 -999999 -999999 2100    600     1300    1400    500     1000    
	538    1944 1900    1500    1900    1500    1400    1900    1100    500     1500    1100    1000    700     800     1200    1800    600     1100    200     1200    
	538    1945 2000    2000    1100    800     2000    800     1400    800     500     2000    800     1100    800     800     400     1000    1100    1400    700     
	538    1946 2200    1200    2200    1100    2200    2000    1400    1100    400     1200    1100    1500    600     1400    400     600     1400    700     1300    
	538    1947 3300    3300    3200    3300    1100    2500    1100    1000    2700    700     1100    600     1000    1400    2500    700     900     500     600     
	538    1948 3000    3000    1400    1500    1500    1400    1200    200     1500    1500    1300    1300    1100    1400    900     800     1200    900     1100    
	538    1949 2300    1600    2300    1600    1400    2300    800     1000    600     1300    800     900     2000    1000    1200    700     800     500     600     
	538    1950 1700    1400    1700    1400    900     1300    1000    1400    400     800     300     900     1300    400     500     300     1000    400     1300    
	538    1951 2700    1600    1600    600     1500    1100    2700    500     600     1000    1500    600     1100    1000    400     1000    2000    400     600     
	538    1952 1800    1000    1800    1000    1800    1100    1000    500     1000    1000    1100    1800    800     800     1100    1000    800     300     800     
	538    1953 3800    3800    1500    1100    2700    1000    2800    800     1100    2700    1200    1300    500     600     1000    600     2200    1000    900     
	538    1954 1800    1800    1700    1800    1700    700     600     1100    700     1600    1600    1400    500     400     700     300     300     600     700     
	538    1955 2200    1500    2200    1100    1200    1800    800     900     1100    800     1200    800     800     1300    1800    800     700     800     500     
	538    1956 1800    1400    1800    1400    1400    1000    1800    500     1400    1200    1300    1200    1000    400     300     1800    800     900     1000    
	538    1957 1400    1300    1100    1300    1300    1000    1200    1300    400     600     900     800     700     300     700     400     1200    1100    600     
	538    1958 1600    1300    1000    600     1300    1000    1600    500     200     1300    600     400     1000    900     400     900     700     1600    400     
	538    1959 3000    2100    3000    2100    1500    1800    2600    600     2000    700     800     1500    1700    1800    1000    2000    1700    700     500     
	538    1960 1400    1100    1400    600     1400    900     1000    200     600     1100    1000    1100    900     400     700     1000    300     400     400     
	538    1961 -999999 -999999 -999999 -999999 -999999 -999999 -999999 -999999 -999999 -999999 -999999 -999999 -999999 -999999 -999999 -999999 -999999 -999999 -999999 
	538    1962 -999999 -999999 -999999 -999999 -999999 -999999 -999999 -999999 -999999 -999999 -999999 -999999 -999999 -999999 -999999 -999999 -999999 -999999 -999999 
	538    1963 -999999 -999999 -999999 -999999 -999999 -999999 -999999 -999999 -999999 -999999 -999999 -999999 -999999 -999999 -999999 -999999 -999999 -999999 -999999 
	538    1964 -999999 -999999 -999999 -999999 -999999 -999999 -999999 -999999 -999999 -999999 -999999 -999999 -999999 -999999 -999999 -999999 -999999 -999999 -999999 
	538    1965 -999999 -999999 -999999 -999999 -999999 -999999 -999999 -999999 -999999 -999999 -999999 -999999 -999999 -999999 -999999 -999999 -999999 -999999 -999999 
	538    1966 -999999 -999999 -999999 -999999 -999999 -999999 -999999 -999999 -999999 -999999 -999999 -999999 -999999 -999999 -999999 -999999 -999999 -999999 -999999 
	538    1967 -999999 -999999 -999999 -999999 -999999 -999999 -999999 -999999 -999999 -999999 -999999 -999999 -999999 -999999 -999999 -999999 -999999 -999999 -999999 
	538    1968 -999999 -999999 -999999 -999999 -999999 -999999 -999999 -999999 -999999 -999999 -999999 -999999 -999999 -999999 -999999 -999999 -999999 -999999 -999999 
	538    1969 -999999 -999999 -999999 -999999 -999999 -999999 -999999 -999999 -999999 -999999 -999999 -999999 -999999 -999999 -999999 -999999 -999999 200     600     
	538    1970 2800    -999999 2800    700     900     2200    1300    700     400     700     500     900     2200    400     1400    1300    1100    800     1300    
	538    1971 2200    1000    2200    1000    2000    1700    2200    800     900     500     1500    800     700     1600    500     2200    1200    600     900     
	538    1972 3000    1900    1400    1400    1900    1200    3000    1000    800     1900    900     600     400     1200    600     1200    1800    400     1800    
	538    1973 3700    2300    2400    2300    2100    2400    1200    1900    600     2100    800     400     2400    400     2100    1200    800     700     400     
	538    1974 3300    1100    2200    800     3300    1400    500     500     800     1100    2200    700     800     400     1400    500     200     400     500     
	538    1975 2300    1100    2300    1100    2200    2100    1500    600     1100    400     900     2200    1100    900     1400    900     1500    500     1100    
	538    1976 2900    1500    2900    1500    1500    2900    800     400     1500    1100    1500    800     1600    1200    2900    700     800     500     400     
	538    1977 2000    800     2000    600     1800    2000    1900    400     600     800     500     1800    1100    1600    500     1900    1000    500     700     
	538    1978 2000    1100    2000    1100    1500    1400    1100    1100    700     500     900     1500    700     1200    1100    500     1100    900     800     
	538    1979 1500    800     1500    800     900     1500    1100    700     800     400     500     900     800     1500    700     1000    1100    700     400     
	538    1980 2400    1900    2400    1400    2400    800     1000    1400    1400    1100    900     1900    800     800     600     1000    600     500     400     
	538    1981 2100    1500    2100    1500    2100    1100    1000    500     1500    300     1800    300     900     500     1100    1000    300     600     900     
	538    1982 1800    1400    1800    1400    1100    1600    1800    1300    1400    1000    1000    1100    800     1400    300     1800    800     600     500     
	538    1983 2500    2000    2500    2000    1300    2500    1800    500     2000    1300    500     200     800     2500    900     900     600     1400    600     
	538    1984 2800    1200    2800    1100    2100    2600    900     500     1100    1200    1900    600     800     900     2600    300     700     700     500     
	538    1985 2800    2800    1200    2800    1000    1200    1900    900     2800    500     1000    1000    500     1200    500     900     1900    600     500     
	538    1986 3400    3400    1600    3100    1100    1600    2100    400     2800    1100    800     1100    1300    1500    900     1500    1000    400     400     
	538    1987 1600    1400    1600    1400    1200    1600    900     1200    1400    1200    1000    700     500     1300    300     500     600     900     900     
	538    1988 2500    1100    2500    1100    1200    2500    800     1100    700     200     1200    900     2500    600     900     600     800     800     500     
	538    1989 1600    1000    1600    1000    1600    1300    1200    1000    600     700     500     1600    1300    1200    1000    900     400     1200    800     
	538    1990 1700    900     1700    800     1600    1700    1100    800     700     900     600     1600    1000    1700    800     500     1100    500     600     
	538    1991 2700    1800    2300    1800    1500    900     1400    1100    700     1200    900     1500    200     600     900     1400    1200    1100    1600    
	538    1992 1800    1300    1800    1300    1800    1400    1600    1200    700     500     1000    1800    1200    700     700     1600    500     500     1100    
	538    1993 1600    1000    1600    900     1600    1500    1600    400     900     1000    800     800     1200    400     600     300     1000    1500    300     
	538    1994 1700    1200    1300    1200    1000    1300    1700    400     1200    500     900     500     500     1300    600     500     1700    1000    400     
	538    1995 2800    1700    2700    400     1500    2700    2200    300     300     500     900     600     1300    500     2300    400     2200    1200    1700    
	538    1996 3100    3100    2200    3100    2200    1300    900     2200    900     1500    2000    600     1300    1300    800     900     800     500     1200    
	538    1997 3000    1800    1900    1800    1000    1900    1600    1800    300     900     900     1000    600     1000    1900    1600    1000    500     600     
	538    1998 1900    1400    1900    1300    1900    1600    700     800     1300    1400    300     1900    200     1000    1600    700     200     700     400     
	538    1999 2000    600     2000    600     1200    1400    1400    300     400     600     800     700     900     1400    600     1400    1000    400     200     
	538    2000 1200    1200    900     1200    900     800     600     1200    400     600     900     700     600     800     600     600     400     300     600     
	538    2001 1400    1100    1400    1100    1400    1000    800     1100    900     500     500     1400    1000    700     1000    200     700     800     1200    
	538    2002 2300    1100    1300    1100    2300    800     1100    1000    600     1000    1300    700     700     700     800     1100    500     900     1300    
	538    2003 2300    2300    2200    2300    2200    2200    1400    600     2300    2000    2200    700     1200    1200    2100    900     1400    1100    1000    
	538    2004 1500    1300    1500    1300    1400    1500    1200    300     1300    800     900     1400    700     600     900     1200    1000    400     1100    
	538    2005 1700    1000    1400    800     900     1100    1700    500     600     900     600     700     1100    900     700     900     1700    600     700     
	538    2006 2100    1700    2100    1700    1500    1200    2100    1100    900     1300    500     1500    1200    800     400     2100    1100    600     1000    
	538    2007 4500    1100    3500    900     4500    1200    1300    400     600     1000    3000    500     700     300     1100    500     1300    1000    1500    
	538    2008 1600    1600    1500    1600    1500    900     900     400     1600    300     900     1400    600     400     900     900     600     600     1200    
	538    2009 1500    1200    1400    1000    1200    800     1400    800     900     1200    900     700     500     500     800     1400    500     200     600     
	538    2010 2100    900     2100    700     2100    1300    1400    500     700     900     2100    1200    1100    600     300     500     800     1400    1300    
	538    2011 2700    1400    1500    700     1500    900     2700    700     700     1200    1500    800     300     600     300     1200    600     2700    500     
	538    2012 2400    2200    900     800     2400    800     900     500     800     2200    500     700     500     700     800     800     900     600     200     
	538    2013 2400    1300    2400    700     2100    2400    1300    600     700     1300    1200    700     1100    2400    700     1100    400     800     400     
	538    2014 1900    1700    1900    500     1700    800     1900    400     500     1700    800     800     800     800     300     1900    700     1000    600     
	538    2015 1600    1600    1300    1600    1500    1100    1400    400     1600    1500    1300    600     1100    400     800     600     1000    400     400     
	538    2016 1500    1100    1500    400     1500    1100    1300    200     400     1100    400     1500    1100    1000    700     1300    1100    900     700     
	538    2017 2100    1400    1200    1400    2100    1200    800     1400    1100    1000    1100    800     1200    500     900     800     700     300     300     
	538    2018 3500    1700    3500    1400    900     3500    1800    400     1400    600     900     800     1200    2700    600     600     1800    1500    800     
	538    2019 2000    1400    2000    1300    2000    1600    600     600     900     1400    2000    1600    1100    1000    1200    600     500     600     700     
	538    2020 4500    1800    2700    400     4500    1000    1300    300     400     1800    2700    1100    600     500     1000    1300    800     700     400     
	538    2021 -999999 -999999 2100    -999999 1500    1600    1000    -999999 1000    900     1500    500     1600    800     500     1000    400     600     300     
	538    2022 3300    3300    3100    700     3100    1400    700     700     400     2900    2100    1000    900     1300    1400    500     700     500     1000    
	538    2023 3900    1100    3900    1100    2000    1900    900     600     1100    500     700     2000    1900    300     1100    900     700     200     500     
	538    2024 1300    -999999 1300    -999999 800     1300    1100    600     -999999 500     600     800     900     600     700     1100    500     900     800     
	538    2025 4300    3200    2200    1200    4200    2200    1100    1100    1200    3100    1100    2100    1200    700     2200    900     1000    700     1100    
	538    2026 -999999 -999999 -999999 1100    -999999 -999999 -999999 1100    300     -999999 -999999 -999999 -999999 -999999 -999999 -999999 -999999 -999999 -999999 
	