EUROPEAN CLIMATE ASSESSMENT & DATASET (ECA&D), file created on: 17-05-2026
THESE DATA CAN BE USED FOR NON-COMMERCIAL RESEARCH AND EDUCATION PROVIDED THAT THE FOLLOWING SOURCE IS ACKNOWLEDGED: 

Klein Tank, A.M.G. and Coauthors, 2002. Daily dataset of 20th-century surface
air temperature and precipitation series for the European Climate Assessment.
Int. J. of Climatol., 22, 1441-1453.
Data and metadata available at http://www.ecad.eu

FILE FORMAT (MISSING VALUE CODE = -999999):

THIS FILE HOLDS DATA FOR STATION NETHERLANDS                              BALINGE                                  (STAID:  20480)
LATITUDE: dd:mm:ss +52:48:42
LONGITUDE: ddd:mm:ss +006:37:50
ELEVATION: m -100

DATA IS FOR INDEX Maximum no of consecutive dry days (RR < 1 mm) (CDD) with unit 0.01 No of days

01-06 SOUID: Source identifier
08-11 YEAR : YYYY
13-20 ANNUAL DATA VALUES
21-28 WINTER HALF YEAR DATA VALUES
29-36 SUMMER HALF YEAR DATA VALUES
37-44 WINTER (DJF) DATA VALUES
45-52 SPRING (MAM) DATA VALUES
53-60 SUMMER (JJA) DATA VALUES
61-68 AUTUMN (SON) DATA VALUES
69-76 JANUARY DATA VALUES
etc. 
157-164 DECEMBER DATA VALUES

20480  1891 -999999 -999999 -999999 -999999 -999999 -999999 -999999 -999999 -999999 -999999 -999999 -999999 -999999 -999999 -999999 -999999 600     800     900     
	20480  1892 2100    2100    1500    2100    1800    1400    1000    1400    2100    1100    1400    700     500     1000    1400    500     400     1000    1100    
	20480  1893 2900    1400    1700    600     2900    1700    1000    600     400     1400    1500    1300    1700    800     1300    600     600     1000    600     
	20480  1894 3300    1900    1700    1400    3300    800     1700    1400    800     1900    1400    1100    600     400     800     1700    500     1200    1300    
	20480  1895 1800    900     1700    900     1300    1200    1800    400     900     800     1300    1100    900     700     1200    1700    300     700     1000    
	20480  1896 1600    1400    1600    1400    1600    1300    1100    700     1200    700     700     1400    700     1300    800     400     300     1100    600     
	20480  1897 2600    1200    1400    1200    1000    1400    2600    1200    1100    800     900     1000    1400    1400    500     900     1200    1400    1200    
	20480  1898 1400    1200    1400    1200    1200    1400    1300    1200    600     800     1200    1000    1000    500     1400    1100    1100    700     700     
	20480  1899 3500    1500    3500    1300    1500    3000    1200    800     1300    1500    1000    700     3000    1200    1400    600     1200    800     1000    
	20480  1900 1800    1700    1800    1500    1800    600     1300    600     1000    1100    800     1800    400     600     600     700     500     1100    500     
	20480  1901 2300    1800    2300    1800    1400    2300    1500    1800    900     700     800     1400    800     1800    1000    1300    900     700     400     
	20480  1902 1800    1500    1300    1500    1000    1200    1800    500     1500    700     800     1000    1200    800     400     1300    600     1400    1300    
	20480  1903 -999999 1300    -999999 1300    900     -999999 1500    1300    600     900     400     900     1000    400     -999999 -999999 500     500     1900    
	20480  1904 -999999 1000    -999999 1000    1000    -999999 -999999 1000    900     600     800     1000    1200    -999999 -999999 -999999 -999999 -999999 -999999 
	20480  1905 -999999 -999999 -999999 -999999 -999999 -999999 -999999 -999999 -999999 500     1200    -999999 -999999 -999999 -999999 -999999 -999999 -999999 -999999 
	20480  1906 -999999 -999999 -999999 -999999 -999999 -999999 -999999 -999999 -999999 -999999 -999999 -999999 -999999 -999999 -999999 -999999 -999999 -999999 -999999 
	20480  1907 -999999 -999999 -999999 -999999 -999999 -999999 -999999 -999999 -999999 -999999 -999999 -999999 -999999 -999999 -999999 -999999 -999999 -999999 -999999 
	20480  1908 -999999 -999999 -999999 -999999 -999999 -999999 -999999 -999999 -999999 -999999 -999999 -999999 -999999 -999999 -999999 -999999 -999999 -999999 -999999 
	20480  1909 -999999 -999999 -999999 -999999 -999999 -999999 -999999 -999999 -999999 -999999 -999999 -999999 -999999 -999999 -999999 -999999 -999999 -999999 -999999 
	20480  1910 -999999 -999999 -999999 -999999 -999999 -999999 -999999 -999999 -999999 -999999 -999999 -999999 -999999 -999999 -999999 -999999 -999999 -999999 -999999 
	20480  1911 -999999 -999999 -999999 -999999 -999999 -999999 -999999 -999999 -999999 -999999 -999999 -999999 -999999 -999999 -999999 -999999 -999999 -999999 -999999 
	20480  1912 -999999 -999999 -999999 -999999 -999999 -999999 -999999 -999999 -999999 -999999 -999999 -999999 -999999 -999999 -999999 -999999 -999999 -999999 -999999 
	20480  1913 -999999 -999999 -999999 -999999 -999999 -999999 -999999 -999999 -999999 -999999 -999999 -999999 -999999 -999999 -999999 -999999 -999999 -999999 -999999 
	20480  1914 -999999 -999999 -999999 -999999 -999999 -999999 -999999 -999999 -999999 -999999 -999999 -999999 -999999 -999999 -999999 -999999 -999999 -999999 -999999 
	20480  1915 -999999 -999999 -999999 -999999 -999999 -999999 -999999 -999999 -999999 -999999 -999999 -999999 -999999 -999999 -999999 -999999 -999999 -999999 -999999 
	20480  1916 -999999 -999999 -999999 -999999 -999999 -999999 -999999 -999999 -999999 -999999 -999999 -999999 -999999 -999999 -999999 -999999 -999999 -999999 -999999 
	20480  1917 -999999 -999999 -999999 -999999 -999999 -999999 -999999 -999999 -999999 -999999 -999999 -999999 -999999 -999999 -999999 -999999 -999999 -999999 -999999 
	20480  1918 -999999 -999999 -999999 -999999 -999999 -999999 -999999 -999999 -999999 -999999 -999999 -999999 -999999 -999999 -999999 -999999 -999999 -999999 -999999 
	20480  1919 -999999 -999999 -999999 -999999 -999999 -999999 -999999 -999999 -999999 -999999 -999999 -999999 -999999 -999999 -999999 -999999 -999999 -999999 -999999 
	20480  1920 -999999 -999999 -999999 -999999 -999999 -999999 -999999 -999999 -999999 -999999 -999999 -999999 -999999 -999999 -999999 -999999 -999999 -999999 -999999 
	20480  1921 -999999 -999999 -999999 -999999 -999999 -999999 -999999 -999999 -999999 -999999 -999999 -999999 -999999 -999999 -999999 -999999 -999999 -999999 -999999 
	20480  1922 -999999 -999999 -999999 -999999 -999999 -999999 -999999 -999999 -999999 -999999 -999999 -999999 -999999 -999999 -999999 -999999 -999999 -999999 -999999 
	20480  1923 -999999 -999999 -999999 -999999 -999999 -999999 -999999 -999999 -999999 -999999 -999999 -999999 -999999 -999999 -999999 -999999 -999999 -999999 -999999 
	20480  1924 -999999 -999999 -999999 -999999 -999999 -999999 -999999 -999999 -999999 -999999 -999999 -999999 -999999 -999999 -999999 -999999 -999999 -999999 -999999 
	20480  1925 -999999 -999999 -999999 -999999 -999999 -999999 -999999 -999999 -999999 -999999 -999999 -999999 -999999 -999999 -999999 -999999 -999999 -999999 -999999 
	20480  1926 -999999 -999999 -999999 -999999 -999999 -999999 -999999 -999999 -999999 -999999 -999999 -999999 -999999 -999999 -999999 -999999 -999999 -999999 -999999 
	20480  1927 -999999 -999999 -999999 -999999 -999999 -999999 -999999 -999999 -999999 -999999 -999999 -999999 -999999 -999999 -999999 -999999 -999999 600     1400    
	20480  1928 2100    -999999 2100    800     1100    800     2000    400     800     1100    600     700     500     800     400     1900    700     400     500     
	20480  1929 1300    1200    1300    1200    1000    1300    800     1200    800     900     1000    700     600     1300    700     800     500     700     800     
	20480  1930 2200    2200    2000    1600    1400    2000    1100    1600    1300    1000    500     500     2000    600     800     500     1100    600     600     
	20480  1931 1300    1100    1100    1100    1200    1100    1300    500     900     1000    400     800     900     500     500     600     1200    1300    700     
	20480  1932 2000    2000    2000    2000    1900    2000    1000    1800    1000    1900    800     300     2000    500     700     500     600     1000    1200    
	20480  1933 2100    2100    1300    2100    1300    900     1500    2100    700     1200    1300    1000    900     800     900     1200    700     700     1000    
	20480  1934 2200    2200    1400    2200    800     1400    1700    700     2200    700     600     700     1200    1200    1400    1400    800     1700    700     
	20480  1935 1800    1600    1800    1000    1800    1400    500     1000    400     1600    600     1200    400     1100    1400    500     400     500     700     
	20480  1936 2400    2400    1300    600     2400    1300    1300    500     500     2400    700     900     1300    300     1200    500     1000    1000    900     
	20480  1937 1300    900     1100    500     1000    1100    1300    500     300     400     600     700     800     800     900     400     1000    700     500     
	20480  1938 1700    1700    1400    1300    1700    1200    1400    300     1300    1700    1100    700     1200    700     600     1400    1200    800     1200    
	20480  1939 2300    1200    2300    1200    1300    1500    900     500     800     400     600     1300    1000    500     1500    500     500     500     1500    
	20480  1940 1400    1000    1400    1000    900     1100    900     900     900     400     600     900     1100    500     600     900     800     500     600     
	20480  1941 1800    1300    1700    1300    1200    1700    1300    1200    600     1000    1100    1200    1500    900     500     1100    800     1300    800     
	20480  1942 3000    1900    3000    1900    3000    1000    700     1900    1500    1100    2000    1000    1000    600     700     600     400     700     800     
	20480  1943 3100    3100    1900    1300    1800    1900    1500    900     1300    1800    1200    1100    900     1800    500     1000    1500    700     1000    
	20480  1944 1200    1100    1100    1100    1200    1000    1100    700     1100    1000    900     600     800     700     1000    1100    700     200     1100    
	20480  1945 1400    1100    1400    600     1100    1400    1300    600     300     1100    900     1100    400     1400    700     1300    1300    1300    600     
	20480  1946 2000    1400    2000    1400    2000    900     1400    1400    400     1000    1100    1200    400     900     300     700     1400    700     1200    
	20480  1947 2300    1000    2300    1000    1100    2300    900     1000    900     700     1100    1100    900     1100    2300    700     800     500     300     
	20480  1948 2200    2200    1400    1600    1400    1000    1000    200     1600    900     1400    1100    900     1000    1000    500     1000    900     1200    
	20480  1949 2300    1800    2300    1800    1600    2300    2100    1000    800     1400    800     600     2000    600     1000    1100    1000    500     500     
	20480  1950 -999999 1400    -999999 1400    -999999 -999999 -999999 1400    300     800     -999999 -999999 -999999 -999999 -999999 -999999 -999999 -999999 -999999 
	