EUROPEAN CLIMATE ASSESSMENT & DATASET (ECA&D), file created on: 17-05-2026
THESE DATA CAN BE USED FOR NON-COMMERCIAL RESEARCH AND EDUCATION PROVIDED THAT THE FOLLOWING SOURCE IS ACKNOWLEDGED: 

Klein Tank, A.M.G. and Coauthors, 2002. Daily dataset of 20th-century surface
air temperature and precipitation series for the European Climate Assessment.
Int. J. of Climatol., 22, 1441-1453.
Data and metadata available at http://www.ecad.eu

FILE FORMAT (MISSING VALUE CODE = -999999):

THIS FILE HOLDS DATA FOR STATION NETHERLANDS                              HELLEVOETSLUIS                           (STAID:  20535)
LATITUDE: dd:mm:ss +51:49:49
LONGITUDE: ddd:mm:ss +004:07:05
ELEVATION: m -100

DATA IS FOR INDEX Maximum no of consecutive dry days (RR < 1 mm) (CDD) with unit 0.01 No of days

01-06 SOUID: Source identifier
08-11 YEAR : YYYY
13-20 ANNUAL DATA VALUES
21-28 WINTER HALF YEAR DATA VALUES
29-36 SUMMER HALF YEAR DATA VALUES
37-44 WINTER (DJF) DATA VALUES
45-52 SPRING (MAM) DATA VALUES
53-60 SUMMER (JJA) DATA VALUES
61-68 AUTUMN (SON) DATA VALUES
69-76 JANUARY DATA VALUES
etc. 
157-164 DECEMBER DATA VALUES

20535  1879 -999999 -999999 -999999 -999999 -999999 -999999 -999999 -999999 -999999 -999999 -999999 -999999 -999999 -999999 -999999 -999999 -999999 -999999 -999999 
	20535  1880 3700    -999999 1700    -999999 2600    1700    900     3000    500     2600    1000    1500    700     600     1700    800     400     500     300     
	20535  1881 2600    2600    1200    2500    1500    1000    900     2500    2200    1000    1000    1200    800     900     700     700     500     900     900     
	20535  1882 3300    3300    1400    3300    1400    1100    700     2100    1200    1100    1200    1400    500     400     1100    700     300     500     600     
	20535  1883 2300    900     2200    900     2300    800     1200    900     900     600     2200    1100    800     300     800     1200    600     300     1100    
	20535  1884 1700    1100    1700    1100    1400    1700    1400    700     700     1000    800     1200    1300    400     1100    1400    1100    1300    700     
	20535  1885 -999999 1900    3400    1500    1900    3400    -999999 1500    600     1900    1300    500     800     3100    800     600     300     -999999 -999999 
	20535  1886 3300    -999999 3300    -999999 3300    2300    2100    1100    2800    2600    2200    1100    1200    1100    900     2100    1000    700     1200    
	20535  1887 -999999 2800    3500    1500    2100    3500    1200    1200    1500    2100    1600    900     2800    2100    1700    900     800     1200    -999999 
	20535  1888 -999999 -999999 1800    -999999 1300    1500    1800    -999999 1900    700     1000    1300    700     400     1500    1800    1300    1000    1800    
	20535  1889 2100    2100    2100    2100    1000    2100    1300    2000    700     600     1000    900     2000    500     500     500     600     1300    700     
	20535  1890 3000    3000    1400    3000    1200    900     1400    400     2700    800     500     900     500     900     600     1400    700     700     3100    
	20535  1891 3900    3100    1300    2500    1300    1200    1900    900     2500    700     1300    1000    1200    600     400     1000    1100    800     900     
	20535  1892 1800    1400    1500    1400    1800    1100    900     1400    700     500     1500    1300    600     1000    1100    500     500     900     1700    
	20535  1893 4500    1400    3100    700     4500    1600    800     500     400     1400    3000    1400    1600    400     800     600     400     800     600     
	20535  1894 3000    1900    1500    1300    3000    1500    1000    1300    600     1900    1200    800     1000    500     500     600     600     1000    600     
	20535  1895 1900    1100    1800    1100    1800    900     1900    600     1100    900     1000    1500    900     800     800     1800    500     700     700     
	20535  1896 2700    1900    2700    1900    1600    2700    1500    700     1900    600     1000    1600    1300    1400    500     300     300     1500    1200    
	20535  1897 2500    1100    1200    1000    900     1200    2500    700     800     200     500     900     800     1200    400     800     1200    1300    1000    
	20535  1898 1900    1200    1900    1200    1300    1300    1700    1200    500     1000    1300    800     900     800     1300    1700    1000    600     600     
	20535  1899 2200    1600    2200    1300    900     1900    1200    700     1300    600     400     700     1700    900     1400    300     1200    1000    1300    
	20535  1900 1800    1800    1700    1800    1700    1000    900     500     1400    1700    1700    900     400     1000    700     900     400     700     500     
	20535  1901 1900    1800    1900    1800    1900    1100    1600    1800    600     1800    1400    1900    1100    1000    1000    1200    600     1000    300     
	20535  1902 1200    1200    1000    1000    700     1000    1100    700     1000    700     700     500     1000    800     400     600     500     1100    1200    
	20535  1903 1700    1700    1700    1700    1000    1700    800     1100    1300    900     400     1000    1100    600     500     800     700     800     2000    
	20535  1904 2800    1400    2800    1200    1400    2800    1900    1000    900     1400    1200    1000    900     2300    800     1600    1400    900     1100    
	20535  1905 -999999 2000    -999999 2000    1300    -999999 -999999 1400    600     600     1300    1000    -999999 -999999 -999999 -999999 -999999 -999999 -999999 
	