EUROPEAN CLIMATE ASSESSMENT & DATASET (ECA&D), file created on: 17-05-2026
THESE DATA CAN BE USED FOR NON-COMMERCIAL RESEARCH AND EDUCATION PROVIDED THAT THE FOLLOWING SOURCE IS ACKNOWLEDGED: 

Klein Tank, A.M.G. and Coauthors, 2002. Daily dataset of 20th-century surface
air temperature and precipitation series for the European Climate Assessment.
Int. J. of Climatol., 22, 1441-1453.
Data and metadata available at http://www.ecad.eu

FILE FORMAT (MISSING VALUE CODE = -999999):

THIS FILE HOLDS DATA FOR STATION NETHERLANDS                              WEMELDINGE                               (STAID:  20636)
LATITUDE: dd:mm:ss +51:31:03
LONGITUDE: ddd:mm:ss +003:59:08
ELEVATION: m -100

DATA IS FOR INDEX Maximum no of consecutive dry days (RR < 1 mm) (CDD) with unit 0.01 No of days

01-06 SOUID: Source identifier
08-11 YEAR : YYYY
13-20 ANNUAL DATA VALUES
21-28 WINTER HALF YEAR DATA VALUES
29-36 SUMMER HALF YEAR DATA VALUES
37-44 WINTER (DJF) DATA VALUES
45-52 SPRING (MAM) DATA VALUES
53-60 SUMMER (JJA) DATA VALUES
61-68 AUTUMN (SON) DATA VALUES
69-76 JANUARY DATA VALUES
etc. 
157-164 DECEMBER DATA VALUES

20636  1881 -999999 -999999 -999999 -999999 -999999 -999999 800     -999999 -999999 -999999 -999999 -999999 -999999 -999999 700     800     500     800     600     
	20636  1882 -999999 1600    1400    1600    1500    700     -999999 1600    1100    1500    1100    1400    700     400     500     600     300     -999999 -999999 
	20636  1883 -999999 -999999 -999999 -999999 2300    -999999 -999999 900     700     900     1800    1400    -999999 -999999 600     -999999 -999999 -999999 -999999 
	20636  1884 -999999 -999999 1900    -999999 1600    1900    1200    -999999 -999999 800     1600    1200    1100    800     1000    1200    900     600     1000    
	20636  1885 3600    1500    3600    1500    1600    3600    1100    1500    500     1100    1600    600     600     3100    1000    300     800     1100    1100    
	20636  1886 -999999 2800    -999999 2800    1800    -999999 -999999 700     2800    1700    1800    1000    1000    1100    -999999 -999999 800     600     300     
	20636  1887 -999999 -999999 -999999 -999999 -999999 -999999 -999999 1000    -999999 -999999 1500    -999999 -999999 1800    1200    800     -999999 -999999 800     
	20636  1888 -999999 -999999 -999999 -999999 -999999 -999999 -999999 1100    -999999 -999999 -999999 -999999 600     300     -999999 -999999 -999999 -999999 -999999 
	20636  1889 -999999 -999999 -999999 -999999 -999999 -999999 -999999 -999999 -999999 -999999 -999999 -999999 -999999 -999999 -999999 -999999 -999999 -999999 -999999 
	20636  1890 -999999 -999999 -999999 -999999 -999999 -999999 -999999 -999999 -999999 -999999 -999999 -999999 -999999 -999999 -999999 -999999 -999999 -999999 -999999 
	20636  1891 -999999 -999999 -999999 -999999 -999999 1200    1300    -999999 -999999 -999999 -999999 600     1200    600     600     900     500     800     1100    
	20636  1892 1700    1300    1400    1300    1700    900     1000    1300    900     1000    1400    1100    600     900     900     500     700     1000    1700    
	20636  1893 4600    1500    3100    600     4600    1700    900     500     400     1500    3000    1400    1700    400     700     600     800     900     700     
	20636  1894 2800    2000    1500    1500    2800    1500    1600    1500    600     2000    800     800     1000    500     400     1500    600     1600    600     
	20636  1895 2100    1000    2000    1000    1100    1100    2100    900     1000    800     1000    1100    1100    900     700     2000    500     700     500     
	20636  1896 3100    3100    1700    3100    1700    1300    1100    1200    2800    600     1000    1700    600     1300    500     300     300     1100    700     
	20636  1897 3200    800     1200    800     900     1200    3200    700     800     600     400     900     600     1200    600     800     1900    1300    1400    
	20636  1898 1800    1000    1800    900     1300    1300    1700    900     500     1000    1300    400     700     1000    1300    1700    1000    900     800     
	20636  1899 4500    3000    4500    1300    1700    4500    1900    800     1300    1700    300     500     1700    1900    2600    300     1300    1900    1300    
	20636  1900 2300    1500    2300    800     2300    1100    1600    400     700     1500    1800    1300    1100    1000    800     1600    400     900     600     
	20636  1901 1900    1900    1900    1900    1900    1200    1700    1800    800     900     1400    1900    1200    1000    1000    700     700     1000    400     
	20636  1902 -999999 -999999 900     1300    -999999 900     1100    1000    1300    -999999 700     700     900     900     400     600     900     1100    1300    
	20636  1903 3000    2000    3000    2000    2100    1500    800     1100    1200    900     300     2100    1100    900     600     700     400     800     2200    
	20636  1904 2800    1800    2800    1500    1800    2800    1900    900     900     1800    800     900     900     2300    500     1300    1400    900     1400    
	20636  1905 1000    800     1000    800     1000    900     500     800     700     700     800     1000    600     700     900     400     400     500     700     
	20636  1906 2300    600     1700    400     2300    1200    1300    400     400     600     1700    600     1200    1100    700     1300    600     500     800     
	20636  1907 2200    1600    2200    1600    1200    1100    2200    1600    1100    900     800     1100    400     1100    600     2200    500     1100    800     
	20636  1908 1800    1400    1800    1400    1200    1800    1800    900     1100    1100    1200    800     1100    1300    600     900     900     1100    1700    
	20636  1909 2300    2300    1300    1500    1300    800     1000    1500    1200    1100    1100    1300    800     700     700     700     500     900     900     
	20636  1910 1500    1300    1200    1300    1400    1200    1500    1000    400     1300    1000    900     1200    800     700     1000    1500    400     600     
	20636  1911 2700    2200    2700    2200    1600    2700    1200    1900    500     600     1600    1500    1200    2700    1900    1200    600     500     600     
	20636  1912 1800    800     1800    800     1600    1100    1800    800     600     800     1200    900     400     1100    700     1800    1100    700     800     
	20636  1913 2500    2500    1600    2500    800     1600    1000    1100    2500    400     500     800     900     900     1600    800     1000    800     600     
	20636  1914 2100    2000    2100    2000    1400    1200    1100    1200    1200    500     1400    1100    1000    500     1200    1000    700     800     500     
	