EUROPEAN CLIMATE ASSESSMENT & DATASET (ECA&D), file created on: 17-05-2026
THESE DATA CAN BE USED FOR NON-COMMERCIAL RESEARCH AND EDUCATION PROVIDED THAT THE FOLLOWING SOURCE IS ACKNOWLEDGED: 

Klein Tank, A.M.G. and Coauthors, 2002. Daily dataset of 20th-century surface
air temperature and precipitation series for the European Climate Assessment.
Int. J. of Climatol., 22, 1441-1453.
Data and metadata available at http://www.ecad.eu

FILE FORMAT (MISSING VALUE CODE = -999999):

THIS FILE HOLDS DATA FOR STATION NETHERLANDS                              APPELSCHA                                (STAID:    506)
LATITUDE: dd:mm:ss +52:58:00
LONGITUDE: ddd:mm:ss +006:21:00
ELEVATION: m    9

DATA IS FOR INDEX Maximum no of consecutive dry days (RR < 1 mm) (CDD) with unit 0.01 No of days

01-06 SOUID: Source identifier
08-11 YEAR : YYYY
13-20 ANNUAL DATA VALUES
21-28 WINTER HALF YEAR DATA VALUES
29-36 SUMMER HALF YEAR DATA VALUES
37-44 WINTER (DJF) DATA VALUES
45-52 SPRING (MAM) DATA VALUES
53-60 SUMMER (JJA) DATA VALUES
61-68 AUTUMN (SON) DATA VALUES
69-76 JANUARY DATA VALUES
etc. 
157-164 DECEMBER DATA VALUES

506    1904 -999999 -999999 -999999 -999999 -999999 -999999 -999999 -999999 -999999 -999999 -999999 -999999 -999999 -999999 -999999 -999999 -999999 -999999 -999999 
	506    1905 2300    -999999 2300    -999999 2300    1100    1600    1200    800     600     700     2300    900     1100    800     1600    300     1000    1000    
	506    1906 1800    700     1700    600     1800    1400    1200    400     600     700     1700    600     600     1300    500     1100    800     500     800     
	506    1907 2700    1400    2700    1400    1500    1600    2700    900     1200    1000    1200    600     500     1600    700     2700    500     1100    800     
	506    1908 3100    1700    1800    1300    1700    1800    3100    800     700     1700    800     400     1200    600     400     900     2100    1000    1100    
	506    1909 1500    1400    1200    1400    1100    1200    700     1400    1100    1100    1000    1000    600     400     1200    700     500     700     900     
	506    1910 2100    1300    1300    700     2100    1300    1900    700     400     1300    800     900     1300    1100    900     800     1800    500     600     
	506    1911 2700    2100    2000    2100    2700    1500    1100    1200    1500    900     2000    1000    1000    1400    1500    500     600     1100    400     
	506    1912 1800    900     1800    900     1700    1600    1800    800     400     300     1700    600     500     1600    500     1800    1100    300     700     
	506    1913 2200    2200    1700    2100    1400    1700    1400    1100    2100    300     1100    700     600     900     1700    1300    800     500     700     
	506    1914 3000    2000    3000    2000    2000    2000    1100    2000    1200    600     1700    900     800     800     2000    1000    1100    800     500     
	506    1915 2200    1100    2200    900     1400    1000    2200    900     600     700     1400    1300    1000    500     600     2200    1200    500     400     
	506    1916 1800    1600    1800    1600    1200    1800    1300    1100    500     1100    900     900     500     1000    1300    1100    800     900     1100    
	506    1917 -999999 7500    2500    5700    2500    1800    -999999 2900    2800    1800    1400    1100    1800    1500    400     1100    -999999 -999999 -999999 
	506    1918 -999999 -999999 -999999 -999999 -999999 1900    2100    -999999 -999999 -999999 -999999 1900    700     800     1900    300     700     2100    300     
	506    1919 3100    2900    3100    2900    2900    1300    1800    1700    1100    800     1100    2900    900     700     1300    1800    1200    500     900     
	506    1920 4100    1200    2100    1100    1200    2000    4100    1000    1100    1200    1000    1000    2000    500     800     1500    2800    1400    1500    
	506    1921 -999999 1700    -999999 1300    -999999 -999999 -999999 400     1300    1700    -999999 -999999 -999999 -999999 -999999 -999999 -999999 -999999 -999999 
	506    1922 -999999 -999999 -999999 -999999 -999999 1500    1800    -999999 -999999 -999999 -999999 1400    1500    700     900     1100    1800    1200    500     
	506    1923 1500    1500    1500    600     1500    1500    1000    600     600     1500    1100    800     800     1500    1400    800     400     1000    800     
	506    1924 -999999 -999999 -999999 -999999 -999999 -999999 -999999 -999999 -999999 -999999 -999999 -999999 -999999 -999999 -999999 -999999 -999999 -999999 -999999 
	506    1925 -999999 -999999 -999999 -999999 -999999 -999999 -999999 -999999 -999999 -999999 -999999 1400    -999999 -999999 -999999 -999999 -999999 -999999 -999999 
	506    1926 -999999 -999999 -999999 -999999 2600    -999999 -999999 -999999 -999999 2000    900     400     -999999 -999999 -999999 -999999 -999999 -999999 -999999 
	506    1927 -999999 -999999 -999999 -999999 -999999 -999999 -999999 500     -999999 -999999 -999999 -999999 900     -999999 -999999 -999999 -999999 -999999 -999999 
	506    1928 -999999 -999999 -999999 -999999 -999999 -999999 -999999 -999999 -999999 -999999 -999999 -999999 -999999 -999999 -999999 -999999 -999999 -999999 -999999 
	506    1929 -999999 -999999 -999999 -999999 -999999 -999999 -999999 -999999 -999999 -999999 -999999 -999999 -999999 -999999 -999999 -999999 -999999 -999999 -999999 
	506    1930 -999999 -999999 -999999 -999999 -999999 -999999 -999999 -999999 -999999 -999999 -999999 -999999 -999999 -999999 -999999 -999999 -999999 -999999 -999999 
	506    1931 -999999 -999999 -999999 -999999 -999999 -999999 -999999 -999999 -999999 -999999 -999999 -999999 -999999 -999999 -999999 -999999 -999999 -999999 -999999 
	506    1932 -999999 -999999 -999999 -999999 -999999 -999999 -999999 -999999 -999999 -999999 -999999 -999999 -999999 -999999 -999999 -999999 -999999 -999999 -999999 
	506    1933 -999999 -999999 -999999 -999999 -999999 -999999 -999999 -999999 -999999 -999999 -999999 -999999 -999999 -999999 -999999 -999999 -999999 -999999 -999999 
	506    1934 -999999 -999999 -999999 -999999 -999999 -999999 -999999 -999999 -999999 -999999 -999999 -999999 -999999 -999999 -999999 -999999 -999999 -999999 -999999 
	506    1935 -999999 -999999 -999999 -999999 -999999 -999999 -999999 -999999 -999999 -999999 -999999 -999999 -999999 -999999 -999999 -999999 -999999 -999999 -999999 
	506    1936 -999999 -999999 -999999 -999999 -999999 -999999 -999999 -999999 -999999 -999999 -999999 -999999 -999999 -999999 -999999 -999999 -999999 -999999 -999999 
	506    1937 -999999 -999999 -999999 -999999 -999999 -999999 -999999 -999999 -999999 -999999 -999999 -999999 -999999 -999999 -999999 -999999 -999999 -999999 -999999 
	506    1938 -999999 -999999 -999999 -999999 -999999 -999999 -999999 -999999 -999999 -999999 -999999 -999999 -999999 -999999 -999999 -999999 -999999 -999999 -999999 
	506    1939 -999999 -999999 -999999 -999999 -999999 -999999 -999999 -999999 -999999 -999999 -999999 -999999 -999999 -999999 -999999 -999999 -999999 -999999 -999999 
	506    1940 -999999 -999999 -999999 -999999 -999999 -999999 -999999 -999999 -999999 -999999 -999999 -999999 -999999 -999999 -999999 -999999 -999999 -999999 -999999 
	506    1941 -999999 -999999 -999999 -999999 -999999 -999999 -999999 -999999 -999999 -999999 -999999 -999999 -999999 -999999 -999999 -999999 -999999 -999999 -999999 
	506    1942 -999999 -999999 -999999 -999999 -999999 -999999 -999999 -999999 -999999 -999999 -999999 -999999 -999999 -999999 -999999 -999999 -999999 -999999 -999999 
	506    1943 -999999 -999999 -999999 -999999 -999999 -999999 -999999 -999999 -999999 -999999 -999999 -999999 -999999 -999999 -999999 -999999 -999999 -999999 -999999 
	506    1944 -999999 -999999 -999999 -999999 -999999 -999999 -999999 -999999 -999999 -999999 -999999 -999999 -999999 -999999 -999999 -999999 -999999 -999999 -999999 
	506    1945 -999999 -999999 -999999 -999999 -999999 -999999 -999999 -999999 -999999 -999999 -999999 -999999 -999999 -999999 -999999 -999999 -999999 -999999 -999999 
	506    1946 -999999 -999999 -999999 -999999 -999999 -999999 -999999 -999999 -999999 -999999 -999999 -999999 -999999 -999999 -999999 -999999 -999999 -999999 -999999 
	506    1947 -999999 -999999 -999999 -999999 -999999 -999999 -999999 -999999 -999999 -999999 -999999 -999999 -999999 -999999 -999999 -999999 -999999 -999999 -999999 
	506    1948 -999999 -999999 -999999 -999999 -999999 -999999 -999999 -999999 -999999 -999999 -999999 -999999 -999999 -999999 -999999 -999999 -999999 -999999 -999999 
	506    1949 -999999 -999999 -999999 -999999 -999999 -999999 -999999 -999999 -999999 -999999 -999999 -999999 -999999 -999999 -999999 -999999 -999999 -999999 -999999 
	506    1950 -999999 -999999 -999999 -999999 -999999 -999999 -999999 -999999 -999999 -999999 -999999 -999999 -999999 -999999 -999999 -999999 -999999 -999999 -999999 
	506    1951 2200    -999999 1400    -999999 1100    1000    2200    1000    500     900     1100    500     1000    800     700     800     1900    400     700     
	506    1952 1900    900     1900    600     1900    900     1000    400     600     900     1100    1900    700     900     500     1000    800     300     600     
	506    1953 3000    1600    1100    1100    1600    1100    1600    800     1100    1600    800     900     1100    600     1000    700     1500    1600    1400    
	506    1954 1800    1800    1300    1800    1700    800     600     1100    700     1700    1200    1300    500     400     800     400     300     600     3100    
	506    1955 4100    1200    1200    1100    1200    800     800     1100    800     800     1200    400     700     800     800     800     700     600     300     
	506    1956 1400    1200    1300    800     1400    700     1300    500     700     1200    400     800     700     400     300     1300    900     700     500     
	506    1957 3200    3000    1300    3000    1400    1300    1000    3000    400     600     1100    800     1300    300     800     400     1000    600     600     
	506    1958 2400    1400    1100    600     1400    800     1700    500     200     1400    600     500     800     700     600     500     800     1700    700     
	506    1959 3400    3300    3400    2900    2700    1700    2100    500     2800    800     900     2700    1100    1700    800     2000    1700    700     700     
	506    1960 1800    1200    1800    500     1800    900     800     300     500     1200    800     1200    900     400     600     800     300     300     400     
	506    1961 1800    1000    1000    1000    900     700     1800    700     1000    900     500     700     700     500     700     700     800     1800    800     
	506    1962 2100    1600    1000    1200    1000    800     2100    400     1200    800     1000    400     800     500     300     400     2100    800     700     
	506    1963 2300    2300    1400    2000    900     700     900     2000    1600    700     500     900     600     700     500     900     900     500     1600    
	506    1964 2400    2400    1100    1600    1800    900     1000    1600    600     1800    700     1100    500     900     500     800     700     900     300     
	506    1965 1400    800     1100    800     900     1100    1400    500     800     600     500     600     700     600     1100    900     1400    700     200     
	506    1966 1700    1100    1700    1100    900     1100    1500    1100    900     600     300     900     1100    300     800     1500    800     700     200     
	506    1967 1800    800     1800    800     700     1800    1100    800     700     700     700     300     1800    700     1100    700     300     1100    500     
	506    1968 1700    1300    1700    1300    1700    800     1400    400     1300    700     1700    600     800     600     800     1100    1000    1400    1600    
	506    1969 1700    1300    1700    700     1200    1200    1700    600     400     1200    900     800     1000    1200    600     1500    1700    300     600     
	506    1970 2000    1200    2000    800     1800    2000    1300    800     600     500     300     1800    2000    300     900     1300    1100    800     700     
	506    1971 1700    600     1600    600     1100    1600    1700    600     400     500     1100    800     700     1500    400     1200    1100    600     800     
	506    1972 2400    1600    2000    1300    1600    1200    2400    1000    800     1600    700     500     500     1000    1200    800     1800    200     1800    
	506    1973 2400    1400    2400    1400    900     2400    1400    1400    600     900     900     600     2400    1000    2100    1400    800     500     500     
	506    1974 3300    1100    2200    700     3300    900     800     400     700     1100    2200    800     800     300     900     800     300     400     500     
	506    1975 2000    1200    2000    1100    1200    2000    1700    400     1100    600     900     1200    1000    700     1400    800     1700    500     600     
	506    1976 2200    1300    2200    1300    2000    2200    1100    500     1000    1100    2000    600     1700    1200    2200    1100    700     500     300     
	506    1977 1900    700     1900    600     1800    1000    1700    500     600     700     400     1800    1000    700     500     1700    1300    300     1100    
	506    1978 1400    1100    1300    1100    1200    1100    1400    1100    900     500     900     700     1000    1100    600     500     1400    900     800     
	506    1979 1000    800     1000    800     700     800     1000    800     600     300     700     400     600     700     400     1000    1000    400     400     
	506    1980 1900    1500    1900    1500    1900    1000    800     1500    1400    600     800     1900    500     1000    800     800     600     500     300     
	506    1981 1700    1300    1700    1300    1100    1700    1100    1200    700     500     1100    700     600     600     1700    1100    200     300     600     
	506    1982 1700    1600    1700    1600    1100    1200    1700    1200    1600    1100    1000    900     500     1000    700     1700    800     400     400     
	506    1983 1700    1600    1700    1600    1300    1700    1600    400     1600    1300    300     300     1100    1600    1400    900     600     1300    600     
	506    1984 2500    1200    2500    1100    1900    2500    1000    300     1100    1200    1900    600     700     1100    2500    300     600     1000    500     
	506    1985 2200    2200    1000    2200    800     500     1600    600     2200    300     800     600     500     300     500     900     1600    600     500     
	506    1986 2100    1500    1600    1500    1000    1600    2100    300     1500    1000    700     800     1300    1100    900     1500    1000    600     500     
	506    1987 1400    1400    900     1400    1200    800     800     1200    1400    1200    900     700     500     800     400     300     600     800     600     
	506    1988 1800    800     1800    500     1800    1300    1400    500     400     200     1500    1800    1100    400     900     600     1400    700     500     
	506    1989 2000    1000    2000    1000    1800    2000    1100    1000    600     700     400     1800    1700    2000    900     900     400     1100    1100    
	506    1990 1900    900     1900    700     1900    1700    1000    600     700     900     500     1900    1100    1700    900     500     1000    300     700     
	506    1991 3500    2100    3500    2100    1100    2100    1400    1100    1000    1100    800     1100    400     600     2100    1400    1000    800     1600    
	506    1992 2000    1300    2000    1300    1900    1800    2000    1200    700     400     900     1900    1100    1000    800     1600    400     500     1200    
	506    1993 1800    1000    1300    1000    1100    1300    1800    500     700     900     800     1100    1300    400     400     500     1000    1600    200     
	506    1994 1900    1900    1200    1900    900     1200    1700    600     1900    200     900     600     1000    1100    900     600     1700    600     500     
	506    1995 2900    1500    2700    500     1700    2700    1400    500     500     500     1000    800     1300    1000    2300    1000    1400    1100    1800    
	506    1996 1800    1800    1300    1600    1800    1300    1400    1600    900     1800    1300    500     800     1300    800     800     1400    600     800     
	506    1997 2200    1800    2200    1800    2200    1700    1600    1800    300     800     2200    1000    600     800     1700    1600    1000    700     400     
	506    1998 1600    800     1600    800     1600    900     1200    800     800     600     400     1600    200     600     900     700     200     1200    300     
	506    1999 1300    600     1300    600     1300    1300    1000    300     300     500     900     1300    800     900     500     800     1000    400     200     
	506    2000 1100    600     1100    600     800     1100    600     600     300     600     700     800     700     1100    600     600     400     300     600     
	506    2001 1200    900     1200    900     1000    1200    600     900     300     500     400     1000    1200    900     900     200     600     400     1000    
	506    2002 2300    1100    1600    1100    2300    800     1000    1000    300     1000    1300    1600    400     600     800     1000    700     600     1300    
	506    2003 2000    2000    1800    2000    2000    1800    1500    500     2000    2000    1400    700     800     1100    1700    1000    1500    800     1000    
	506    2004 1500    1000    1500    900     1400    1500    1000    400     700     800     900     1400    600     600     900     1000    1000    300     1400    
	506    2005 1800    1000    1200    800     700     900     1800    400     600     500     600     700     800     900     500     800     1800    400     700     
	506    2006 2400    1700    2400    1700    1400    1800    2400    1100    900     1400    900     1300    1800    1100    300     2400    1100    600     900     
	506    2007 3700    1100    3500    800     3700    1300    1300    400     500     700     3000    500     1300    400     900     500     1300    800     1500    
	506    2008 1500    1400    1500    1400    1400    700     1500    300     1400    300     700     1400    700     400     700     1500    600     300     1200    
	506    2009 1700    1000    1700    1000    1700    1100    1300    800     300     700     1700    500     900     200     900     1300    500     200     500     
	506    2010 1700    900     1700    900     1700    1400    800     900     700     500     1700    1600    1200    800     200     300     800     700     500     
	506    2011 2700    1600    2700    900     2700    600     2000    700     700     1600    1900    800     500     500     300     700     600     2000    500     
	506    2012 2500    2200    1100    800     2500    800     1000    500     800     2200    600     700     600     700     800     1000    800     600     200     
	506    2013 2200    1400    2200    800     2200    2200    1300    800     400     1400    800     700     1100    2200    1200    1100    400     400     400     
	506    2014 1900    1300    1900    600     1300    1100    1900    400     600     1300    600     600     800     1000    700     1900    400     600     600     
	506    2015 1300    1000    1200    900     1200    900     1300    400     900     1000    1200    600     700     300     900     600     1000    300     400     
	506    2016 1700    1300    1300    800     1300    1100    1300    500     800     1300    600     1100    1100    400     800     1300    1100    1000    700     
	506    2017 1300    1300    1300    1300    1300    1300    1000    1300    800     700     1000    1300    1300    400     800     1000    900     400     400     
	506    2018 2000    1700    1800    1400    900     1800    2000    400     1400    700     900     800     900     1800    600     800     2000    700     500     
	506    2019 1600    800     1600    700     1600    1500    700     400     700     700     1000    1600    1000    900     1100    300     500     700     700     
	506    2020 2800    1100    2700    700     2800    1600    1300    700     400     1100    2700    2100    700     500     1200    1300    800     500     400     
	506    2021 -999999 -999999 1400    -999999 1400    1200    1400    -999999 1000    500     1400    400     1200    -999999 500     1400    500     700     1000    
	506    2022 2300    1800    2300    1000    2300    1400    700     1000    300     1500    1400    1700    900     1200    1400    500     700     500     1000    
	506    2023 3400    1100    3400    1100    1500    1900    1100    600     1100    300     500     1500    1900    300     500     1100    300     200     300     
	506    2024 1300    -999999 1300    -999999 1300    1300    1100    500     -999999 1300    500     1100    1300    600     700     1100    600     900     700     
	506    2025 2700    1400    2700    1200    2700    2500    1100    1100    900     1200    1400    2100    1100    800     2500    900     300     400     1200    
	506    2026 -999999 -999999 -999999 1100    -999999 -999999 -999999 1100    600     -999999 -999999 -999999 -999999 -999999 -999999 -999999 -999999 -999999 -999999 
	