EUROPEAN CLIMATE ASSESSMENT & DATASET (ECA&D), file created on: 17-05-2026
THESE DATA CAN BE USED FOR NON-COMMERCIAL RESEARCH AND EDUCATION PROVIDED THAT THE FOLLOWING SOURCE IS ACKNOWLEDGED: 

Klein Tank, A.M.G. and Coauthors, 2002. Daily dataset of 20th-century surface
air temperature and precipitation series for the European Climate Assessment.
Int. J. of Climatol., 22, 1441-1453.
Data and metadata available at http://www.ecad.eu

FILE FORMAT (MISSING VALUE CODE = -999999):

THIS FILE HOLDS DATA FOR STATION NETHERLANDS                              GENDRINGEN                               (STAID:   2416)
LATITUDE: dd:mm:ss +51:52:00
LONGITUDE: ddd:mm:ss +006:21:00
ELEVATION: m   14

DATA IS FOR INDEX Maximum no of consecutive dry days (RR < 1 mm) (CDD) with unit 0.01 No of days

01-06 SOUID: Source identifier
08-11 YEAR : YYYY
13-20 ANNUAL DATA VALUES
21-28 WINTER HALF YEAR DATA VALUES
29-36 SUMMER HALF YEAR DATA VALUES
37-44 WINTER (DJF) DATA VALUES
45-52 SPRING (MAM) DATA VALUES
53-60 SUMMER (JJA) DATA VALUES
61-68 AUTUMN (SON) DATA VALUES
69-76 JANUARY DATA VALUES
etc. 
157-164 DECEMBER DATA VALUES

2416   1899 -999999 -999999 2200    -999999 -999999 1900    1500    -999999 -999999 -999999 300     600     1700    1000    1400    400     1500    800     600     
	2416   1900 1600    1600    1200    1300    1400    900     1000    400     1100    1400    1200    1200    600     900     800     900     500     1000    500     
	2416   1901 2300    1800    2300    1800    2000    2300    1700    1800    1000    600     1000    2000    1200    2300    900     1300    1200    500     600     
	2416   1902 1800    1800    1300    1800    1000    1300    1100    1300    1800    700     1000    800     1300    700     400     1100    600     800     1100    
	2416   1903 1600    1200    1600    1000    1200    1600    1200    1000    600     1200    400     1000    1100    700     400     900     1000    1000    2000    
	2416   1904 2800    1100    2800    1100    1900    2800    1100    500     800     700     900     1900    700     2200    600     1100    900     800     1000    
	2416   1905 1400    1200    1300    1200    1300    1300    1400    1200    600     300     1000    1300    1200    1300    900     700     500     1200    700     
	2416   1906 1900    700     1900    700     1900    1800    1300    300     700     500     1600    800     900     900     1400    1200    900     400     900     
	2416   1907 1600    1000    1600    800     1400    1600    1400    700     800     900     500     900     800     1600    500     800     500     900     400     
	2416   1908 2200    1600    2200    1100    1600    2200    1800    800     1100    1600    700     700     1500    900     600     1500    1200    1100    1700    
	2416   1909 1800    1800    1500    1200    1700    1300    1100    700     1200    1700    1000    1400    700     600     1300    600     400     800     800     
	2416   1910 -999999 1300    -999999 800     2100    -999999 -999999 900     300     1300    800     1300    400     500     -999999 -999999 -999999 -999999 -999999 
	2416   1911 -999999 -999999 -999999 -999999 -999999 -999999 -999999 -999999 -999999 -999999 -999999 -999999 -999999 -999999 -999999 -999999 -999999 -999999 -999999 
	2416   1912 -999999 -999999 -999999 -999999 -999999 -999999 -999999 -999999 -999999 -999999 -999999 -999999 -999999 -999999 -999999 -999999 -999999 -999999 -999999 
	2416   1913 -999999 -999999 -999999 -999999 -999999 -999999 -999999 -999999 -999999 -999999 -999999 -999999 -999999 -999999 -999999 -999999 -999999 -999999 -999999 
	2416   1914 -999999 -999999 -999999 -999999 -999999 -999999 -999999 -999999 -999999 -999999 -999999 -999999 -999999 -999999 -999999 -999999 -999999 -999999 -999999 
	2416   1915 -999999 -999999 -999999 -999999 -999999 -999999 -999999 -999999 -999999 -999999 -999999 -999999 -999999 -999999 -999999 -999999 -999999 -999999 -999999 
	2416   1916 -999999 -999999 -999999 -999999 -999999 -999999 -999999 -999999 -999999 -999999 -999999 -999999 -999999 -999999 -999999 -999999 -999999 -999999 -999999 
	2416   1917 -999999 -999999 -999999 -999999 -999999 -999999 -999999 -999999 -999999 -999999 -999999 -999999 -999999 -999999 -999999 -999999 -999999 -999999 -999999 
	2416   1918 -999999 -999999 -999999 -999999 -999999 -999999 -999999 -999999 -999999 -999999 -999999 -999999 -999999 -999999 -999999 -999999 -999999 -999999 -999999 
	2416   1919 -999999 -999999 -999999 -999999 -999999 -999999 -999999 -999999 -999999 -999999 -999999 -999999 -999999 -999999 -999999 -999999 -999999 -999999 -999999 
	2416   1920 -999999 -999999 -999999 -999999 -999999 -999999 -999999 -999999 -999999 -999999 -999999 -999999 -999999 -999999 -999999 -999999 -999999 -999999 -999999 
	2416   1921 -999999 -999999 -999999 -999999 -999999 -999999 -999999 -999999 -999999 -999999 -999999 -999999 -999999 -999999 -999999 -999999 -999999 -999999 -999999 
	2416   1922 -999999 -999999 -999999 -999999 -999999 -999999 -999999 -999999 -999999 -999999 -999999 -999999 -999999 -999999 -999999 -999999 -999999 -999999 -999999 
	2416   1923 -999999 -999999 -999999 -999999 -999999 -999999 -999999 -999999 -999999 -999999 -999999 -999999 -999999 -999999 -999999 -999999 -999999 -999999 -999999 
	2416   1924 -999999 -999999 -999999 -999999 -999999 -999999 -999999 -999999 -999999 -999999 -999999 -999999 -999999 -999999 -999999 -999999 -999999 -999999 -999999 
	2416   1925 -999999 -999999 -999999 -999999 -999999 -999999 -999999 -999999 -999999 -999999 -999999 -999999 -999999 -999999 -999999 -999999 -999999 -999999 -999999 
	2416   1926 -999999 -999999 -999999 -999999 -999999 -999999 -999999 -999999 -999999 -999999 -999999 -999999 -999999 -999999 -999999 -999999 -999999 -999999 -999999 
	2416   1927 -999999 -999999 -999999 -999999 -999999 -999999 -999999 -999999 -999999 -999999 -999999 -999999 -999999 -999999 -999999 -999999 -999999 -999999 -999999 
	2416   1928 -999999 -999999 -999999 -999999 -999999 -999999 -999999 -999999 -999999 -999999 -999999 -999999 -999999 -999999 -999999 -999999 -999999 -999999 -999999 
	2416   1929 -999999 -999999 -999999 -999999 -999999 -999999 -999999 -999999 -999999 -999999 -999999 -999999 -999999 -999999 -999999 -999999 -999999 -999999 -999999 
	2416   1930 -999999 -999999 -999999 -999999 -999999 -999999 -999999 -999999 -999999 -999999 -999999 -999999 -999999 -999999 -999999 -999999 -999999 -999999 -999999 
	2416   1931 -999999 -999999 -999999 -999999 -999999 -999999 -999999 -999999 -999999 -999999 -999999 -999999 -999999 -999999 -999999 -999999 -999999 -999999 -999999 
	2416   1932 -999999 -999999 -999999 -999999 -999999 -999999 -999999 -999999 -999999 -999999 -999999 -999999 -999999 -999999 -999999 -999999 -999999 -999999 -999999 
	2416   1933 -999999 -999999 -999999 -999999 -999999 -999999 -999999 -999999 -999999 -999999 -999999 -999999 -999999 -999999 -999999 -999999 -999999 -999999 -999999 
	2416   1934 -999999 -999999 -999999 -999999 -999999 -999999 -999999 -999999 -999999 -999999 -999999 -999999 -999999 -999999 -999999 -999999 -999999 -999999 -999999 
	2416   1935 -999999 -999999 -999999 -999999 -999999 -999999 -999999 -999999 -999999 -999999 -999999 -999999 -999999 -999999 -999999 -999999 -999999 -999999 -999999 
	2416   1936 -999999 -999999 -999999 -999999 -999999 -999999 -999999 -999999 -999999 -999999 -999999 -999999 -999999 -999999 -999999 -999999 -999999 -999999 -999999 
	2416   1937 -999999 -999999 -999999 -999999 -999999 -999999 -999999 -999999 -999999 -999999 -999999 -999999 -999999 -999999 -999999 -999999 -999999 -999999 -999999 
	2416   1938 -999999 -999999 -999999 -999999 -999999 -999999 -999999 -999999 -999999 -999999 -999999 -999999 -999999 -999999 -999999 -999999 -999999 -999999 -999999 
	2416   1939 -999999 -999999 -999999 -999999 -999999 -999999 -999999 -999999 -999999 -999999 -999999 -999999 -999999 -999999 -999999 -999999 -999999 -999999 -999999 
	2416   1940 -999999 -999999 -999999 -999999 -999999 -999999 -999999 -999999 -999999 -999999 -999999 -999999 -999999 -999999 -999999 -999999 -999999 -999999 -999999 
	2416   1941 -999999 -999999 -999999 -999999 -999999 -999999 -999999 -999999 -999999 -999999 -999999 -999999 -999999 -999999 -999999 -999999 -999999 -999999 -999999 
	2416   1942 -999999 -999999 -999999 -999999 -999999 -999999 -999999 -999999 -999999 -999999 -999999 -999999 -999999 -999999 -999999 -999999 -999999 -999999 -999999 
	2416   1943 -999999 -999999 -999999 -999999 -999999 -999999 -999999 -999999 -999999 -999999 -999999 -999999 -999999 -999999 -999999 -999999 -999999 -999999 -999999 
	2416   1944 -999999 -999999 -999999 -999999 -999999 -999999 -999999 -999999 -999999 -999999 -999999 -999999 -999999 -999999 -999999 -999999 -999999 -999999 -999999 
	2416   1945 -999999 -999999 -999999 -999999 -999999 -999999 -999999 -999999 -999999 -999999 -999999 -999999 -999999 -999999 -999999 -999999 -999999 -999999 -999999 
	2416   1946 -999999 -999999 -999999 -999999 -999999 -999999 -999999 -999999 -999999 -999999 -999999 -999999 -999999 -999999 -999999 -999999 -999999 -999999 -999999 
	2416   1947 -999999 -999999 -999999 -999999 -999999 -999999 -999999 -999999 -999999 -999999 -999999 -999999 -999999 -999999 -999999 -999999 -999999 -999999 -999999 
	2416   1948 -999999 -999999 -999999 -999999 -999999 -999999 -999999 -999999 -999999 -999999 -999999 -999999 -999999 -999999 -999999 -999999 -999999 -999999 -999999 
	2416   1949 -999999 -999999 -999999 -999999 -999999 -999999 -999999 -999999 -999999 -999999 -999999 -999999 -999999 -999999 -999999 -999999 -999999 -999999 -999999 
	2416   1950 -999999 -999999 -999999 -999999 -999999 -999999 -999999 -999999 -999999 -999999 -999999 -999999 -999999 -999999 -999999 -999999 -999999 -999999 -999999 
	2416   1951 2200    -999999 1000    -999999 1000    1000    2200    900     300     900     1000    500     700     700     700     800     1900    300     1300    
	2416   1952 2200    1000    2200    800     2200    1100    1200    500     800     1000    2200    1400    800     900     1100    1200    800     800     700     
	2416   1953 2500    1700    1400    1100    1600    1400    1700    800     700     1600    1200    700     600     200     1400    700     1200    1700    800     
	2416   1954 1900    1800    1900    1800    1900    500     900     1100    700     1500    1600    1400    500     400     400     600     900     600     600     
	2416   1955 1500    1200    1200    900     1200    1200    800     900     900     900     1200    600     900     900     1200    700     800     800     500     
	2416   1956 1400    1300    1300    1300    1400    700     1300    500     1300    1200    1000    800     700     300     400     1300    900     800     700     
	2416   1957 1400    800     1200    700     1400    1000    1100    600     300     500     1000    800     700     600     700     300     1000    600     600     
	2416   1958 2400    1300    1200    800     1300    800     1700    600     500     1300    600     500     800     800     700     600     800     1700    700     
	2416   1959 3700    2900    3700    2900    1000    2500    2700    900     2000    600     900     1000    2000    2500    1700    2000    1800    1700    800     
	2416   1960 1400    1200    1400    900     1400    1300    800     400     900     1200    700     1200    1300    500     600     800     400     400     600     
	2416   1961 1700    1700    1300    1100    1700    700     1300    500     1100    1700    600     1000    700     400     700     1300    800     900     1500    
	2416   1962 2200    1300    1500    1200    1500    1000    2200    500     1200    1000    1000    500     800     400     1000    700     2200    600     700     
	2416   1963 2000    2000    1300    1200    900     1100    1300    800     1200    800     500     900     700     1100    400     1200    1300    600     1300    
	2416   1964 2300    1800    2300    1300    2300    900     1000    1300    600     1200    800     2300    600     800     900     700     700     900     700     
	2416   1965 1400    1300    1100    1000    1300    1100    1400    300     1000    1300    400     600     800     300     1100    1100    1400    1400    400     
	2416   1966 2100    1700    2100    1700    700     1600    1500    1700    500     700     500     600     1600    400     800     1500    800     400     300     
	2416   1967 1200    900     1200    900     800     1200    1000    900     900     400     800     400     800     500     1200    600     900     1000    400     
	2416   1968 2300    1200    2300    800     2300    900     1100    500     800     400     2300    500     600     700     900     600     1000    1100    1600    
	2416   1969 2400    1700    2400    1200    1200    1200    2100    1200    700     1200    900     800     1200    700     900     2100    1900    400     1100    
	2416   1970 2500    1300    2500    700     1200    2300    1200    700     400     800     400     1200    2300    500     900     1200    1200    800     1000    
	2416   1971 2000    1300    2000    1300    2000    2000    1700    1300    500     500     1500    1200    900     1900    1000    1200    1200    600     800     
	2416   1972 3100    1900    1600    1700    1500    1200    3100    700     1700    1500    900     800     400     1200    1100    1200    1900    700     1800    
	2416   1973 3700    2700    2000    2700    1800    2000    1300    1900    500     1800    600     600     1800    600     2000    1300    800     900     800     
	2416   1974 3400    1200    2300    1200    3400    1100    400     400     1200    1100    2300    700     1100    700     900     300     400     400     400     
	2416   1975 1900    1100    1900    1100    1800    1600    1400    800     1100    400     800     1800    1100    700     1000    800     1400    800     900     
	2416   1976 2200    1500    2200    1500    1500    2200    1300    500     1500    1100    1500    800     1600    1200    1600    600     1200    500     500     
	2416   1977 2100    1200    2000    600     1100    1700    2100    400     400     700     800     1100    800     1600    400     2000    2100    400     1200    
	2416   1978 1500    1100    1100    1100    1000    1100    1500    1100    700     500     900     700     700     1100    1100    900     1500    1000    800     
	2416   1979 2500    800     2200    800     600     700     2500    800     700     400     600     500     600     700     400     2200    1100    700     600     
	2416   1980 2000    1600    2000    1400    2000    800     1100    1400    1400    700     1000    1900    500     800     800     700     600     500     600     
	2416   1981 2400    1600    2400    1600    1100    2400    1100    600     1600    500     1100    800     1000    700     1800    1100    300     500     600     
	2416   1982 2400    1900    2400    1900    1600    2400    1400    1900    1500    900     1600    800     900     2400    300     1400    800     600     600     
	2416   1983 1900    1900    1300    1900    1300    1100    1800    400     1900    1300    700     300     900     1000    1100    900     900     1400    1200    
	2416   1984 2100    1700    2100    1200    1300    1800    1900    500     1200    1300    1300    400     700     1100    1800    300     700     1600    700     
	2416   1985 2800    2800    1600    2800    900     1600    2300    900     2800    900     900     700     300     1600    400     1300    2200    900     500     
	2416   1986 3800    3800    2400    3500    1400    2400    3200    700     2800    1400    1000    500     1100    1400    1800    1500    1700    900     700     
	2416   1987 1700    1700    1600    1700    1200    1600    1200    1700    700     1200    1000    700     300     1300    300     400     600     900     1000    
	2416   1988 1900    1200    1800    1100    1800    1800    1900    1100    400     300     1200    1800    1800    400     800     600     1100    800     700     
	2416   1989 2000    1300    2000    1300    1800    1700    1200    1000    800     700     500     1800    1500    700     1700    900     700     1200    800     
	2416   1990 2200    1400    1800    1400    1600    1800    2000    1400    600     900     500     1600    1100    1800    900     600     2000    700     800     
	2416   1991 2800    2400    2800    2400    1500    1400    1400    1100    1300    1100    900     1500    400     1100    1400    1400    1200    1000    1500    
	2416   1992 2300    1300    2300    1300    1800    2300    1600    1200    600     500     1100    1800    2100    1100    500     1200    700     300     900     
	2416   1993 1900    1600    1600    1000    1600    1600    1700    500     1000    1600    1100    700     1200    400     600     300     1100    1600    300     
	2416   1994 2400    1200    2400    1200    2400    1700    1700    500     1200    400     2100    500     1400    1100    500     600     1700    600     600     
	2416   1995 2800    1200    2800    600     1900    2800    1100    600     500     500     1200    700     1300    1100    2400    500     1100    800     1000    
	2416   1996 2500    2500    2000    2500    2000    1300    800     2400    700     1600    2000    1400    1300    1300    800     700     800     400     1200    
	2416   1997 2100    1800    1900    1800    1900    1700    2100    1800    400     900     1900    1000    600     800     1700    1600    1700    600     500     
	2416   1998 1900    1400    1900    1400    1700    1900    1000    1000    1400    500     300     1700    200     500     1900    600     200     1000    300     
	2416   1999 2500    700     2500    700     1200    1200    1400    700     500     700     800     900     1000    900     1100    1400    1100    300     200     
	2416   2000 1400    900     1400    900     1300    1400    800     900     400     500     600     1300    1400    800     1200    800     400     300     700     
	2416   2001 1400    1100    1400    1100    1400    1200    700     1100    400     400     500     1300    700     1100    800     300     700     400     1200    
	2416   2002 2400    1100    1500    1100    2400    800     1000    1000    700     1000    1400    700     500     800     700     1000    500     600     1200    
	2416   2003 2300    2300    2200    2300    2200    1800    1100    800     2300    2000    2200    700     700     1200    1600    1100    1100    1000    1000    
	2416   2004 1500    1300    1500    1300    1300    1500    900     400     1300    900     1300    1200    500     600     900     900     600     500     1400    
	2416   2005 1700    900     1400    800     900     1200    1700    600     600     900     600     800     1100    1200    900     800     1700    600     700     
	2416   2006 2700    1500    2700    1500    1500    1500    2700    1000    500     1300    700     1500    1200    1500    400     2700    1100    700     1000    
	2416   2007 3600    1100    3500    1000    3600    900     1300    600     600     1100    3000    500     700     300     900     600     1300    1000    1800    
	2416   2008 1700    1700    1700    1700    1700    700     800     500     1700    700     1700    1400    700     500     700     800     700     600     1200    
	2416   2009 1500    1000    1500    1000    1000    1500    1500    800     200     1000    900     800     900     400     1500    1500    500     400     800     
	2416   2010 1700    800     1700    800     1700    1300    1300    800     800     800     1700    800     1100    600     400     600     1300    500     700     
	2416   2011 2000    1300    1400    700     1400    600     2000    600     700     1200    1400    900     300     500     300     1200    1200    2000    300     
	2416   2012 2900    2400    1100    1700    2900    800     1100    500     1200    2400    500     600     300     700     700     1100    1100    1000    200     
	2416   2013 2200    1100    2200    500     1900    2200    1400    500     500     1100    800     600     1200    2200    500     1200    400     900     500     
	2416   2014 1700    1200    1700    500     1300    900     1700    500     500     1200    600     900     800     900     500     1700    400     600     600     
	2416   2015 2200    1600    2200    900     2200    1400    1700    500     900     1600    2200    800     700     700     700     600     1300    400     500     
	2416   2016 1500    1500    1300    700     1500    900     1300    700     600     1500    800     1100    700     700     900     1300    1100    900     900     
	2416   2017 1500    1300    1500    1300    1200    1500    1000    1300    500     1100    1000    1200    1500    500     1100    1000    800     500     500     
	2416   2018 2900    1700    2900    1400    1200    2900    2400    400     1400    500     700     1200    1000    1900    600     800     2400    1100    500     
	2416   2019 2100    1800    2100    1700    2100    1600    700     400     1700    700     2100    1200    1100    1100    800     500     500     700     700     
	2416   2020 3500    1800    2000    400     3500    1600    1800    300     400     1800    1700    2000    500     700     1600    1800    800     800     400     
	2416   2021 -999999 -999999 -999999 -999999 1000    -999999 1100    -999999 600     700     1000    500     1300    -999999 700     1100    600     500     1000    
	2416   2022 3600    2200    3600    700     3600    1400    900     700     300     1900    2100    1500    900     900     1400    500     700     700     1000    
	2416   2023 2800    1100    2800    1100    900     1900    900     600     1100    500     600     900     1900    300     700     900     700     300     400     
	2416   2024 1400    -999999 1400    -999999 1400    700     1100    600     -999999 400     500     1400    700     600     500     1100    500     900     1100    
	2416   2025 2900    2100    2900    1400    2900    1600    1200    1200    1400    2100    1400    2300    700     500     1600    1000    1100    800     1300    
	2416   2026 -999999 -999999 -999999 1000    -999999 -999999 -999999 1000    300     -999999 -999999 -999999 -999999 -999999 -999999 -999999 -999999 -999999 -999999 
	