EUROPEAN CLIMATE ASSESSMENT & DATASET (ECA&D), file created on: 17-05-2026
THESE DATA CAN BE USED FOR NON-COMMERCIAL RESEARCH AND EDUCATION PROVIDED THAT THE FOLLOWING SOURCE IS ACKNOWLEDGED: 

Klein Tank, A.M.G. and Coauthors, 2002. Daily dataset of 20th-century surface
air temperature and precipitation series for the European Climate Assessment.
Int. J. of Climatol., 22, 1441-1453.
Data and metadata available at http://www.ecad.eu

FILE FORMAT (MISSING VALUE CODE = -999999):

THIS FILE HOLDS DATA FOR STATION NETHERLANDS                              BEEKBERGEN                               (STAID:   2366)
LATITUDE: dd:mm:ss +52:10:00
LONGITUDE: ddd:mm:ss +005:58:00
ELEVATION: m   25

DATA IS FOR INDEX Maximum no of consecutive dry days (RR < 1 mm) (CDD) with unit 0.01 No of days

01-06 SOUID: Source identifier
08-11 YEAR : YYYY
13-20 ANNUAL DATA VALUES
21-28 WINTER HALF YEAR DATA VALUES
29-36 SUMMER HALF YEAR DATA VALUES
37-44 WINTER (DJF) DATA VALUES
45-52 SPRING (MAM) DATA VALUES
53-60 SUMMER (JJA) DATA VALUES
61-68 AUTUMN (SON) DATA VALUES
69-76 JANUARY DATA VALUES
etc. 
157-164 DECEMBER DATA VALUES

2366   1950 -999999 -999999 -999999 -999999 -999999 -999999 -999999 -999999 -999999 -999999 -999999 -999999 -999999 -999999 -999999 -999999 -999999 -999999 -999999 
	2366   1951 2200    -999999 1400    -999999 1000    1000    2200    900     600     900     1000    500     1000    700     700     800     1900    300     700     
	2366   1952 2000    900     2000    800     2000    1000    1300    500     800     900     2000    1800    500     1000    600     1300    800     500     800     
	2366   1953 2400    1700    1100    800     1600    1100    1600    800     700     1600    1000    900     700     400     1100    600     1400    1600    900     
	2366   1954 1800    1800    1300    1800    1300    700     600     1100    700     900     1100    1300    600     500     600     300     500     600     600     
	2366   1955 2200    1400    2200    1000    1200    1800    1100    900     1000    700     1200    1200    1300    900     1800    800     800     1100    300     
	2366   1956 1400    1200    1300    800     1400    700     1300    500     800     1200    800     800     700     400     300     1300    900     1000    600     
	2366   1957 1300    1200    1000    1200    1300    900     700     1200    400     500     900     800     600     500     700     300     700     600     400     
	2366   1958 2800    1400    1400    600     1400    1400    2100    500     200     1400    600     500     1400    1100    600     600     800     2100    700     
	2366   1959 2800    2800    2300    2800    1200    1600    2600    800     2000    400     900     1200    1400    1600    1400    2100    1800    700     800     
	2366   1960 1400    1200    1400    500     1400    700     900     200     500     1200    600     1200    700     400     300     900     400     200     600     
	2366   1961 1500    1500    1000    1000    1500    700     1300    500     1000    1500    500     1000    700     500     700     600     1300    1200    1500    
	2366   1962 2100    1300    1600    1100    1300    1400    2100    400     1100    1300    800     500     1400    500     400     600     2100    900     700     
	2366   1963 2900    2000    1500    1200    900     1100    1500    1000    1200    800     500     900     400     1100    300     1500    900     500     2400    
	2366   1964 1800    1800    1500    1600    1200    1500    1000    1600    600     1200    800     1000    800     900     800     700     700     900     700     
	2366   1965 1400    1300    1400    1200    1300    1000    1400    600     1200    1300    400     600     800     300     800     1400    1400    700     400     
	2366   1966 1600    1100    1600    1100    600     1100    1500    1100    600     400     500     600     1100    400     800     1500    1100    400     200     
	2366   1967 1600    1600    1100    1600    1000    1100    1100    900     1600    800     1000    400     600     900     1100    900     300     1100    400     
	2366   1968 2200    1200    1800    800     1800    700     1200    500     800     700     1800    600     600     400     700     600     1000    1200    1500    
	2366   1969 2200    1600    2200    1000    1200    1200    2000    1000    700     1200    800     500     1200    1200    1000    2000    2000    300     700     
	2366   1970 1600    1200    1600    600     1600    1300    1300    600     300     800     300     1600    1300    300     700     1300    1100    800     900     
	2366   1971 2200    700     2200    700     2000    2200    1500    600     400     500     1500    800     600     2000    400     1200    1100    500     900     
	2366   1972 2200    1500    1800    1300    1500    1000    2200    1000    800     1500    600     400     300     1000    1000    800     1800    600     1800    
	2366   1973 2600    1800    2500    1200    1800    2500    1300    1000    500     1800    600     400     2500    600     2100    1300    900     900     500     
	2366   1974 3300    1100    2200    900     3300    900     400     400     900     1100    2200    700     800     500     900     400     300     400     500     
	2366   1975 2100    1100    2100    1100    1800    2100    1400    600     1100    300     700     1800    1000    700     1400    800     1400    800     1100    
	2366   1976 2500    1500    2500    1500    2500    2100    800     500     1500    1100    2300    800     1600    1100    900     500     800     400     500     
	2366   1977 2300    800     1400    600     1100    1100    2300    400     500     700     400     1100    800     1100    500     1400    2300    500     600     
	2366   1978 2000    1100    2000    1100    1900    1200    1500    1100    700     400     900     1900    400     500     1200    400     1500    900     800     
	2366   1979 1100    700     900     700     600     700     1100    600     700     300     600     500     600     600     500     900     1100    700     400     
	2366   1980 1900    1500    1500    1400    1500    700     1900    1400    1400    700     900     1500    600     700     700     1400    600     500     400     
	2366   1981 2100    700     2100    700     1100    1500    1100    600     700     500     1100    600     500     700     1000    1100    300     300     600     
	2366   1982 1900    1400    1900    1400    1500    1100    1900    1400    1400    1000    1500    900     500     1100    300     1900    800     600     500     
	2366   1983 1800    1700    1600    1700    1300    1600    1800    400     1700    1300    400     200     800     1600    1000    900     800     1400    700     
	2366   1984 2600    1700    2600    1100    1300    2400    1700    200     1100    1300    1300    900     700     700     2400    200     700     1400    500     
	2366   1985 2700    2700    1200    2700    900     1200    1400    400     2700    500     800     900     400     1200    400     800     1300    600     500     
	2366   1986 3400    3400    1500    3100    1100    1400    2100    300     2800    1100    700     1100    700     1300    1400    1500    600     400     300     
	2366   1987 1600    1200    1600    1000    1200    1600    800     800     700     1200    1000    700     300     1300    400     300     600     800     900     
	2366   1988 2000    1100    2000    1100    1400    2000    1200    1100    400     200     1400    1300    2000    300     700     500     1200    800     500     
	2366   1989 2000    800     2000    800     1800    1700    1200    600     700     700     400     1800    1700    700     1400    900     500     1200    800     
	2366   1990 1800    800     1800    500     1600    1800    1700    400     300     800     600     1600    1000    1800    1000    400     1700    500     800     
	2366   1991 2600    1800    2600    1800    1400    1200    1400    1100    700     1200    800     800     200     700     1200    1400    1200    1000    1500    
	2366   1992 1800    1300    1800    1300    1800    1400    1100    1200    600     500     800     1800    1200    400     800     1100    700     200     1100    
	2366   1993 1700    1000    1600    1000    1600    1000    1700    400     1000    1000    800     800     1000    500     400     500     1100    1600    200     
	2366   1994 1700    1200    1400    1200    900     1400    1700    500     1200    500     900     500     800     1300    800     400     1700    500     400     
	2366   1995 2600    1300    2600    500     800     2600    1200    500     500     400     800     700     1300    1000    2200    500     1200    700     1700    
	2366   1996 2300    2300    2000    2300    2000    1300    900     2200    800     1500    2000    1200    1300    1300    500     900     800     400     1200    
	2366   1997 2000    1800    2000    1800    1900    2000    1600    1800    300     900     1900    1000    600     600     2000    1600    1000    600     500     
	2366   1998 1500    1000    1500    1000    1400    1500    1100    1000    800     600     300     1400    400     500     1500    1100    400     600     300     
	2366   1999 2000    700     2000    600     1200    1200    1400    300     300     700     800     700     600     900     600     1400    1200    300     200     
	2366   2000 1500    800     1300    800     1500    800     500     800     300     500     1000    1300    700     800     600     500     400     300     600     
	2366   2001 1200    1200    1100    1200    1100    1100    1100    1200    300     400     400     1100    1100    700     800     200     1100    400     1000    
	2366   2002 2300    1000    1300    1000    2300    800     1000    500     400     1000    1300    600     500     500     800     1000    700     900     1300    
	2366   2003 2100    2000    2100    1900    2000    2100    1200    600     1900    2000    1800    700     800     1200    1600    1100    900     1200    500     
	2366   2004 1900    900     1900    700     1900    1100    1200    400     700     900     1900    1400    500     600     500     900     1200    300     1400    
	2366   2005 1400    900     1400    800     900     1100    900     600     600     900     600     700     1100    1100    800     900     900     600     700     
	2366   2006 1500    1300    1500    1200    1400    1300    1500    1000    600     1300    900     1400    1300    1100    400     1500    700     500     1000    
	2366   2007 3700    900     3500    900     3700    800     1300    400     700     700     3000    500     700     300     800     600     1300    700     1500    
	2366   2008 1800    1600    1800    1600    1800    700     1000    300     1600    200     1800    1200    600     500     700     1000    700     300     1200    
	2366   2009 1500    1000    1400    1000    1000    700     1400    800     300     800     900     800     600     500     700     1400    500     200     600     
	2366   2010 2000    1000    2000    1000    1700    2000    1200    1000    500     500     1700    1700    1100    900     400     500     1200    900     600     
	2366   2011 2300    1300    1600    700     1600    600     2300    600     700     1200    1600    800     300     600     200     1300    600     2300    400     
	2366   2012 2400    2200    1000    800     2400    1000    1000    500     800     2200    500     600     600     700     800     1000    1000    600     200     
	2366   2013 2300    1400    2300    800     2200    2300    1300    600     800     1400    800     600     1100    2300    700     1100    600     800     400     
	2366   2014 1900    1700    1900    600     1700    800     1900    500     600     1700    500     700     800     600     300     1900    500     600     600     
	2366   2015 1500    1500    1300    900     1500    1100    1300    400     900     1500    1300    600     1100    400     800     600     900     400     400     
	2366   2016 1600    1300    1300    500     1300    1000    1300    500     400     1300    700     1100    900     700     1000    1300    1100    900     900     
	2366   2017 1300    1300    1200    1300    1000    1200    900     1300    400     800     1000    700     1200    400     900     700     900     300     600     
	2366   2018 3400    1700    3400    1400    800     3400    2000    400     1400    500     800     800     800     2600    600     1200    2000    1500    500     
	2366   2019 2100    1600    2100    1600    2100    1600    700     400     1600    600     2100    900     1100    700     1000    400     500     700     700     
	2366   2020 4500    1800    2700    700     4500    1200    1800    700     300     1800    2700    2100    800     700     1200    1800    900     800     400     
	2366   2021 -999999 -999999 1300    -999999 1300    1200    900     -999999 1000    700     1300    400     1200    900     600     900     600     700     800     
	2366   2022 3200    3200    2100    600     2900    1400    800     600     400     2900    1400    1500    1400    1000    1200    500     800     700     1000    
	2366   2023 3500    1100    3500    1100    1600    1900    900     700     1100    400     600     1600    1900    400     1300    900     700     300     400     
	2366   2024 1200    -999999 1200    -999999 1000    800     1200    600     -999999 400     400     1000    700     600     700     1200    500     900     800     
	2366   2025 2300    2200    2300    1200    2100    2300    1200    1200    900     2100    1100    1800    1400    600     2300    1000    600     800     1200    
	2366   2026 -999999 -999999 -999999 1300    -999999 -999999 -999999 1300    300     -999999 -999999 -999999 -999999 -999999 -999999 -999999 -999999 -999999 -999999 
	