EUROPEAN CLIMATE ASSESSMENT & DATASET (ECA&D), file created on: 17-05-2026
THESE DATA CAN BE USED FOR NON-COMMERCIAL RESEARCH AND EDUCATION PROVIDED THAT THE FOLLOWING SOURCE IS ACKNOWLEDGED: 

Klein Tank, A.M.G. and Coauthors, 2002. Daily dataset of 20th-century surface
air temperature and precipitation series for the European Climate Assessment.
Int. J. of Climatol., 22, 1441-1453.
Data and metadata available at http://www.ecad.eu

FILE FORMAT (MISSING VALUE CODE = -999999):

THIS FILE HOLDS DATA FOR STATION NETHERLANDS                              HEINO                                    (STAID:    453)
LATITUDE: dd:mm:ss +52:26:03
LONGITUDE: ddd:mm:ss +006:15:32
ELEVATION: m    4

DATA IS FOR INDEX Maximum no of consecutive dry days (RR < 1 mm) (CDD) with unit 0.01 No of days

01-06 SOUID: Source identifier
08-11 YEAR : YYYY
13-20 ANNUAL DATA VALUES
21-28 WINTER HALF YEAR DATA VALUES
29-36 SUMMER HALF YEAR DATA VALUES
37-44 WINTER (DJF) DATA VALUES
45-52 SPRING (MAM) DATA VALUES
53-60 SUMMER (JJA) DATA VALUES
61-68 AUTUMN (SON) DATA VALUES
69-76 JANUARY DATA VALUES
etc. 
157-164 DECEMBER DATA VALUES

453    1950 -999999 -999999 -999999 -999999 -999999 -999999 -999999 -999999 -999999 -999999 -999999 -999999 -999999 -999999 -999999 -999999 -999999 -999999 -999999 
	453    1951 3400    -999999 1400    -999999 1000    1000    2200    3000    900     900     1000    600     1000    700     700     600     1900    400     700     
	453    1952 1500    1000    1500    600     1500    700     1300    600     600     1000    1200    1500    500     500     700     1300    800     800     700     
	453    1953 2500    1600    1400    1100    1600    1000    1700    800     1100    1600    1200    1300    700     400     1000    700     900     1700    800     
	453    1954 3000    1700    3000    1700    3000    1100    2400    1100    600     1700    1200    1800    1100    400     600     300     2300    600     500     
	453    1955 1800    1800    1400    1100    1200    900     800     900     1100    700     1200    800     900     900     600     800     800     600     400     
	453    1956 1600    1600    1500    1600    1500    700     1300    500     1300    1200    1500    1000    600     400     700     1300    700     1100    600     
	453    1957 1500    1200    1300    1200    1500    1300    600     1200    400     500     1100    800     1300    300     800     400     500     600     600     
	453    1958 2400    1300    1100    600     1300    1100    1700    600     200     1300    600     500     800     1100    600     500     800     1700    700     
	453    1959 2800    2700    2800    2700    1200    2500    2700    700     2000    600     1000    1200    2500    1800    700     2000    1800    700     800     
	453    1960 1700    1200    1700    500     1700    900     900     400     500     1200    900     1100    900     400     700     900     500     400     500     
	453    1961 1500    1000    1100    1000    1000    800     1400    700     1000    900     400     1000    700     400     800     600     1300    1400    1500    
	453    1962 2100    1400    1500    1200    1500    900     2100    400     1200    1400    1000    500     900     400     400     400     2100    1300    700     
	453    1963 2300    2300    1300    1500    900     700     1000    1000    1500    800     400     900     400     700     400     1000    900     500     1600    
	453    1964 2000    2000    900     1700    1800    900     1000    1700    900     1800    700     600     700     900     400     700     700     900     700     
	453    1965 1400    900     900     900     900     900     1400    500     900     700     500     600     700     300     800     900     1400    1400    300     
	453    1966 1600    1000    1600    1000    700     1100    1600    1000    600     400     300     700     1100    400     800     1500    800     800     300     
	453    1967 1800    1600    1800    1600    900     1800    1400    900     1600    600     900     500     1800    700     1100    900     500     1400    400     
	453    1968 1800    1200    1700    1200    1700    700     1100    500     1200    800     1700    600     600     700     400     500     1000    1100    1700    
	453    1969 2000    1300    2000    900     1300    2000    2000    900     400     1300    800     600     700     2000    600     1500    2000    500     700     
	453    1970 1600    1300    1600    800     800     1500    1300    800     400     800     500     800     1500    400     900     1300    1200    700     900     
	453    1971 2200    700     2200    700     2000    2200    1800    700     600     500     1500    900     500     2100    500     1200    1200    600     800     
	453    1972 2200    1500    1600    1400    1500    1100    2200    1000    800     1500    600     800     500     900     1100    900     1800    600     2100    
	453    1973 4000    2300    2200    2300    1800    2200    1200    1900    500     1800    700     400     2200    1000    2100    1200    900     900     500     
	453    1974 3300    1100    2200    1000    3300    1000    800     400     1000    1100    2200    700     700     500     1000    800     300     400     500     
	453    1975 2200    1100    2200    1100    900     2200    1400    600     1100    300     900     800     1000    700     1500    900     1400    800     600     
	453    1976 2500    1500    2500    1500    2500    2100    1000    500     1500    1100    2300    800     1700    1100    1000    700     800     500     500     
	453    1977 2000    800     1800    600     1600    1500    2000    500     300     600     500     1600    1000    1500    400     1800    2000    500     600     
	453    1978 1200    1100    1100    1100    1100    1000    1200    1100    900     300     1100    700     1000    900     900     500     1200    900     800     
	453    1979 1100    800     1000    800     800     800     1100    800     700     300     500     800     800     600     600     1000    1100    600     400     
	453    1980 1600    1600    1600    1400    1600    700     1000    1400    1400    700     800     1600    500     700     700     700     600     500     400     
	453    1981 2000    1300    2000    1300    1100    1700    1100    1200    1200    500     1100    900     600     700     1700    1100    300     800     600     
	453    1982 1900    1400    1900    1400    1600    1500    1800    1400    1400    900     1600    1000    900     1300    500     1800    800     600     700     
	453    1983 2100    1600    1600    1600    1300    1600    2100    400     1600    1300    400     200     900     1600    1000    900     800     1700    1200    
	453    1984 2800    1900    2800    1100    2400    2600    1800    500     1100    1300    2400    900     700     1300    2600    200     700     1500    500     
	453    1985 2800    2800    900     2800    900     600     2200    900     2800    500     800     900     300     600     400     800     2200    600     500     
	453    1986 3400    3400    1700    3100    1400    1700    2100    400     2800    1400    700     500     1300    1400    1400    1500    700     600     500     
	453    1987 1500    1500    1100    1500    1200    1100    900     1500    700     1200    1000    700     300     800     300     500     600     800     900     
	453    1988 1300    1100    1300    1100    1300    1100    1000    1100    600     200     1300    900     1100    300     700     600     1000    700     500     
	453    1989 1600    1300    1600    1300    1600    1300    1000    1000    700     700     500     1600    1300    1200    700     900     400     1000    1100    
	453    1990 2200    1600    1700    1600    1600    1700    2000    1400    600     900     500     1600    800     1700    1000    400     2000    600     800     
	453    1991 2800    2100    2800    2100    1200    1600    1400    1100    1000    1200    1000    900     200     700     1400    1400    1200    1100    1600    
	453    1992 2200    1300    2200    1300    1800    2200    1600    1200    700     500     900     1800    1900    900     900     1100    500     200     1100    
	453    1993 1700    1700    1200    1700    1500    1200    1600    400     1500    1500    800     800     1200    400     600     400     1000    1500    200     
	453    1994 1600    1300    1000    1300    800     1000    1600    500     1300    500     800     600     500     1000    900     500     1600    500     500     
	453    1995 2800    1600    2800    600     1200    2800    2100    500     600     600     800     700     1300    1000    2400    400     2100    700     1700    
	453    1996 2500    2500    1300    2500    1600    1200    1200    2400    1000    1600    1200    1300    700     1200    800     900     1200    600     1500    
	453    1997 2000    1800    2000    1800    2000    1900    1600    1800    400     900     2000    1000    600     600     1900    1600    1000    600     800     
	453    1998 1700    1000    1700    1000    1700    1600    700     1000    800     1000    300     1700    400     600     1600    600     200     700     400     
	453    1999 1900    700     1900    700     1400    1300    1400    400     500     700     800     1400    600     900     500     1400    900     700     300     
	453    2000 1500    1300    1500    1300    1500    1500    500     1300    400     800     1100    1200    600     500     1500    500     400     400     700     
	453    2001 1300    1200    1200    1200    1200    900     1100    1200    500     600     400     1200    700     700     900     300     1100    700     1300    
	453    2002 2300    1500    1400    1500    2300    800     1000    1400    700     900     1400    700     700     500     800     1000    600     1000    1300    
	453    2003 2400    2400    2200    2400    2000    2200    1200    900     2400    2000    1500    600     1000    1200    2100    900     1000    1200    900     
	453    2004 1400    900     1400    900     1400    1400    900     400     700     900     1300    1400    700     500     900     900     700     400     1400    
	453    2005 1700    1000    1400    700     1000    1100    1700    400     700     1000    600     800     1100    1000    900     1100    1700    1000    600     
	453    2006 1500    1300    1500    1200    1300    1400    1500    1000    600     1300    900     1100    1400    1000    400     1500    700     500     1300    
	453    2007 3800    1300    3600    1300    3800    900     1300    300     700     800     3000    600     900     500     800     400     1300    900     1900    
	453    2008 1700    1700    1300    1700    1300    800     900     400     1700    300     800     1300    500     400     800     900     600     700     1100    
	453    2009 1400    1000    1400    1000    1400    800     1300    800     200     1000    1400    800     800     400     800     1300    500     200     600     
	453    2010 1600    900     1600    900     1600    1000    1200    600     900     500     1200    1600    1000    600     400     400     1200    1100    700     
	453    2011 2100    1500    1500    800     1500    700     2100    600     800     1500    1500    800     400     700     300     700     600     2100    400     
	453    2012 2400    2100    1000    1800    2400    900     1100    500     1300    2100    700     700     600     800     800     1000    1100    700     300     
	453    2013 2400    1400    2000    900     2400    2000    1400    500     900     1400    1000    700     1400    2000    600     1100    400     400     600     
	453    2014 1800    1800    1500    500     1700    800     1500    500     500     1700    500     700     700     600     500     1500    400     700     600     
	453    2015 1700    1700    1300    1700    1300    900     1700    500     1700    1000    1300    600     700     400     900     600     1300    400     500     
	453    2016 1800    1200    1200    700     1100    800     1200    500     700     1100    500     1000    800     500     800     1200    1200    900     900     
	453    2017 1400    1400    1200    1400    1100    1200    900     1400    400     1100    1000    800     1200    400     1000    900     900     500     700     
	453    2018 1800    1600    1800    1300    1300    1800    1700    400     1300    500     1300    800     800     1800    800     800     1700    800     800     
	453    2019 2100    1700    2100    1700    2100    1200    700     400     1700    700     2100    800     1100    700     1100    600     400     700     600     
	453    2020 2500    1800    2500    700     2500    1000    1300    700     300     1800    2500    2000    800     1000    900     1300    900     900     300     
	453    2021 1800    1700    1600    1000    1600    1200    1800    200     1000    1000    1600    400     1200    900     500     1000    700     1800    1000    
	453    2022 3900    2200    3900    1700    3900    1500    1200    1700    300     1900    2100    1800    500     1300    1500    500     1000    800     1000    
	453    2023 2900    1000    2900    1000    1000    1900    1100    600     1000    500     600     1000    1900    300     1200    900     700     200     600     
	453    2024 1900    900     1200    700     1100    1000    1900    700     500     900     500     1100    800     400     700     1200    900     1000    800     
	453    2025 2800    1200    2800    1100    2800    2300    1200    1100    1000    1100    1200    2200    1200    600     2300    1000    700     800     1200    
	453    2026 -999999 1200    -999999 1200    -999999 -999999 -999999 1200    500     900     1900    -999999 -999999 -999999 -999999 -999999 -999999 -999999 -999999 
	