EUROPEAN CLIMATE ASSESSMENT & DATASET (ECA&D), file created on: 17-05-2026
THESE DATA CAN BE USED FOR NON-COMMERCIAL RESEARCH AND EDUCATION PROVIDED THAT THE FOLLOWING SOURCE IS ACKNOWLEDGED: 

Klein Tank, A.M.G. and Coauthors, 2002. Daily dataset of 20th-century surface
air temperature and precipitation series for the European Climate Assessment.
Int. J. of Climatol., 22, 1441-1453.
Data and metadata available at http://www.ecad.eu

FILE FORMAT (MISSING VALUE CODE = -999999):

THIS FILE HOLDS DATA FOR STATION NETHERLANDS                              HELENAVEEN                               (STAID:  20534)
LATITUDE: dd:mm:ss +51:23:35
LONGITUDE: ddd:mm:ss +005:54:23
ELEVATION: m -100

DATA IS FOR INDEX Maximum no of consecutive dry days (RR < 1 mm) (CDD) with unit 0.01 No of days

01-06 SOUID: Source identifier
08-11 YEAR : YYYY
13-20 ANNUAL DATA VALUES
21-28 WINTER HALF YEAR DATA VALUES
29-36 SUMMER HALF YEAR DATA VALUES
37-44 WINTER (DJF) DATA VALUES
45-52 SPRING (MAM) DATA VALUES
53-60 SUMMER (JJA) DATA VALUES
61-68 AUTUMN (SON) DATA VALUES
69-76 JANUARY DATA VALUES
etc. 
157-164 DECEMBER DATA VALUES

20534  1909 -999999 -999999 -999999 -999999 -999999 -999999 1000    -999999 -999999 -999999 -999999 -999999 -999999 -999999 -999999 1000    600     700     900     
	20534  1910 2000    1300    900     1100    2000    900     900     800     300     1300    600     600     900     700     600     700     900     500     300     
	20534  1911 2500    2500    2000    2500    1600    2000    1200    1900    600     700     1600    800     1100    2000    1900    1200    500     500     300     
	20534  1912 2500    900     2500    900     2500    2200    1700    900     500     400     2000    800     500     2200    400     1700    1300    500     700     
	20534  1913 -999999 1100    -999999 1100    1000    -999999 -999999 500     1100    600     1000    800     -999999 -999999 -999999 -999999 -999999 -999999 -999999 
	20534  1914 1600    -999999 1600    -999999 1600    800     1300    1600    600     600     1600    800     800     800     600     900     700     1300    400     
	20534  1915 3200    700     3200    500     2600    1200    2300    400     500     700     700     2600    1200    700     600     2300    1200    600     400     
	20534  1916 2200    1000    2200    900     1400    2200    1400    600     600     1000    800     600     800     1300    900     1100    500     1000    500     
	20534  1917 3000    3000    1300    3000    1200    1100    1200    1400    1600    600     700     1200    600     1100    400     1000    400     800     800     
	20534  1918 1800    1800    1700    1800    1700    1000    1000    1300    600     1400    1700    900     800     700     1000    300     900     1000    400     
	20534  1919 2200    1000    2200    1000    2000    1700    1200    600     1000    1000    800     2000    1700    900     1700    1200    1000    300     800     
	20534  1920 2800    1100    1300    1100    800     1300    2800    700     1100    800     500     400     1300    400     600     800     1600    1400    1200    
	20534  1921 3000    1700    1700    1400    1400    1200    3000    500     1400    800     1300    700     900     900     900     1700    1300    2300    700     
	20534  1922 1400    1400    1000    1100    1400    1000    1300    1100    1100    1400    700     700     1000    500     500     400     1300    600     600     
	20534  1923 2800    1100    2800    700     1600    2800    1300    500     700     1100    1100    500     600     2200    1300    1300    300     800     800     
	20534  1924 1700    1700    1100    1600    1700    1100    1700    1100    500     1700    700     700     1000    900     300     400     1000    1700    700     
	20534  1925 2000    1300    2000    1000    1300    2000    1700    1000    500     1300    900     1000    2000    1300    1200    400     1200    1700    600     
	20534  1926 1500    1500    1500    1200    1500    900     800     1200    500     1500    600     700     800     800     900     800     800     600     700     
	20534  1927 1900    1000    1900    1000    1900    900     1300    1000    1000    900     700     1400    300     400     600     500     1300    600     1300    
	20534  1928 -999999 1700    -999999 1200    -999999 -999999 -999999 500     1200    1000    -999999 -999999 -999999 -999999 -999999 -999999 -999999 -999999 -999999 
	