EUROPEAN CLIMATE ASSESSMENT & DATASET (ECA&D), file created on: 17-05-2026
THESE DATA CAN BE USED FOR NON-COMMERCIAL RESEARCH AND EDUCATION PROVIDED THAT THE FOLLOWING SOURCE IS ACKNOWLEDGED: 

Klein Tank, A.M.G. and Coauthors, 2002. Daily dataset of 20th-century surface
air temperature and precipitation series for the European Climate Assessment.
Int. J. of Climatol., 22, 1441-1453.
Data and metadata available at http://www.ecad.eu

FILE FORMAT (MISSING VALUE CODE = -999999):

THIS FILE HOLDS DATA FOR STATION NETHERLANDS                              OSS                                      (STAID:   2495)
LATITUDE: dd:mm:ss +51:46:00
LONGITUDE: ddd:mm:ss +005:31:59
ELEVATION: m    4

DATA IS FOR INDEX Maximum no of consecutive dry days (RR < 1 mm) (CDD) with unit 0.01 No of days

01-06 SOUID: Source identifier
08-11 YEAR : YYYY
13-20 ANNUAL DATA VALUES
21-28 WINTER HALF YEAR DATA VALUES
29-36 SUMMER HALF YEAR DATA VALUES
37-44 WINTER (DJF) DATA VALUES
45-52 SPRING (MAM) DATA VALUES
53-60 SUMMER (JJA) DATA VALUES
61-68 AUTUMN (SON) DATA VALUES
69-76 JANUARY DATA VALUES
etc. 
157-164 DECEMBER DATA VALUES

2495   1950 -999999 -999999 -999999 -999999 -999999 -999999 -999999 -999999 -999999 -999999 -999999 -999999 -999999 -999999 -999999 -999999 -999999 -999999 -999999 
	2495   1951 4500    -999999 4500    -999999 3400    1000    2200    700     500     900     1000    3000    1000    700     700     700     1900    300     800     
	2495   1952 1800    1000    1800    900     1800    900     900     500     900     1000    1200    1800    800     900     900     900     800     700     800     
	2495   1953 2500    1700    1100    800     1600    900     1900    800     700     1600    1000    1100    600     800     900     700     1900    1700    800     
	2495   1954 1800    1800    1600    1800    1700    800     900     1100    700     1700    1400    1500    600     600     500     300     900     600     600     
	2495   1955 1900    1600    1900    1200    1900    1300    900     900     1200    1000    1900    700     1300    900     1100    800     700     900     500     
	2495   1956 1500    1300    1200    1300    1500    800     1200    600     1300    1200    900     900     800     400     500     1200    900     1000    600     
	2495   1957 1500    1100    1500    1100    1500    1400    1100    1100    300     600     1200    800     1200    600     700     300     700     1100    600     
	2495   1958 2800    1400    1200    800     1300    1200    2100    500     600     1300    800     400     1200    700     700     900     1000    2100    700     
	2495   1959 3800    2800    3800    2800    2500    1800    2700    800     2000    400     900     2500    1600    1700    1800    2000    1800    800     800     
	2495   1960 1400    900     1400    500     1400    900     800     500     500     900     600     1100    900     400     800     800     300     400     1100    
	2495   1961 1500    1500    1100    1100    1500    800     1200    500     1100    1500    700     1000    700     700     800     600     1200    800     1500    
	2495   1962 2200    2000    1700    1200    1400    1400    2200    500     1200    1100    900     500     1400    400     600     600     2200    600     700     
	2495   1963 1800    1800    1700    1800    1000    1700    1700    1600    1000    800     800     900     600     1700    500     1700    1000    500     1300    
	2495   1964 2400    2400    1600    1300    1200    1200    1000    1300    1200    1200    800     600     800     800     1200    800     700     900     500     
	2495   1965 1500    1500    1200    1000    1300    1200    1400    300     1000    1300    500     700     800     400     600     1100    1400    1400    400     
	2495   1966 1600    1100    1600    1100    1600    1000    1500    1100    600     700     300     1600    1000    400     800     1500    600     400     200     
	2495   1967 1300    1100    1300    1100    1000    1300    1100    1100    1000    700     900     300     1300    800     1200    700     300     1100    400     
	2495   1968 2200    1200    2000    800     2000    1100    1600    500     800     700     2000    600     600     900     500     700     1000    1600    1500    
	2495   1969 1900    1200    1200    1200    1200    1200    1900    1200    400     1200    1000    700     1100    1200    900     900     1900    300     700     
	2495   1970 2200    1200    2200    600     700     1800    1300    600     400     400     300     700     1800    500     1500    1300    1100    900     1000    
	2495   1971 2200    1200    2200    1200    2000    2100    2200    1200    900     500     1500    800     500     2000    500     2200    1200    600     900     
	2495   1972 2300    1900    1700    1900    1500    1200    2300    1000    800     1500    900     700     500     1100    1200    700     1900    500     2100    
	2495   1973 4000    2700    2400    2700    1800    2400    1300    1900    500     1800    600     400     2400    400     1900    1300    800     700     800     
	2495   1974 3300    1100    2200    1000    3300    900     400     600     1000    1100    2200    900     800     600     900     300     400     300     500     
	2495   1975 1800    1100    1800    1100    1800    900     1400    600     1100    300     900     1800    700     600     900     600     1400    700     1100    
	2495   1976 2900    1600    2900    1600    2500    2900    1300    500     1600    1100    2300    800     1700    1100    2900    500     1200    500     400     
	2495   1977 1500    900     1500    600     1100    1400    1500    400     300     800     600     1100    900     1000    1100    1500    1100    500     1000    
	2495   1978 1700    1600    1700    1600    1600    1200    1100    900     1600    500     900     1600    800     1000    1200    1000    1100    1000    800     
	2495   1979 2100    700     1200    700     900     1200    2100    700     500     400     900     400     800     600     500     1200    1300    600     400     
	2495   1980 1200    1200    1200    1200    1200    900     800     1200    700     1200    900     1200    900     700     700     700     700     500     400     
	2495   1981 1800    1600    1800    1600    1600    1100    900     600     1600    500     1100    300     800     600     1100    800     200     500     600     
	2495   1982 1600    1500    1600    1500    1600    1500    1500    1500    1500    900     1600    1100    500     1500    400     1500    800     500     500     
	2495   1983 3600    1700    2200    1700    1200    2200    3600    500     1700    1200    700     300     1100    2200    1100    600     1300    2300    800     
	2495   1984 2900    1300    2900    1100    2000    2600    900     400     1100    1300    1900    1200    700     1000    2600    300     700     900     700     
	2495   1985 2000    2000    1000    2000    1000    700     1900    900     2000    500     1000    700     300     700     600     900     1900    600     500     
	2495   1986 3500    3500    1500    3200    1200    1500    3200    400     2800    1200    600     700     700     1500    700     1500    1700    700     700     
	2495   1987 1600    1500    1600    1500    1200    1600    1200    1500    1000    1200    1000    700     300     1300    500     900     600     900     900     
	2495   1988 2100    1200    1500    1100    1300    1500    2100    1100    600     300     800     1300    1500    300     700     700     1100    1000    800     
	2495   1989 2200    2200    2100    2200    1900    1600    1200    1900    800     700     500     1900    1600    1200    1300    1000    700     1200    1100    
	2495   1990 2000    1400    1800    1200    1600    1800    1000    1200    600     1400    500     1600    1100    1800    1100    600     1000    800     800     
	2495   1991 2600    1900    2300    1900    1600    1100    1400    1200    1200    1300    800     1600    600     500     1000    1400    1300    1000    1600    
	2495   1992 1900    1400    1900    1400    1200    1900    1300    1200    1300    500     900     1200    1100    1100    800     800     700     300     1100    
	2495   1993 1800    1800    1200    1800    1200    900     1600    700     1500    1000    1200    700     900     400     800     500     1000    1600    200     
	2495   1994 1700    1400    1300    1400    1300    1300    1700    500     1400    600     1300    500     500     1300    600     500     1700    500     600     
	2495   1995 2900    1200    2900    700     2100    2900    1200    700     300     500     800     1500    1300    1100    2500    1200    1100    1200    1600    
	2495   1996 3100    3100    2000    3100    2000    1900    1000    2100    1000    1600    2000    1200    1900    1300    1000    1000    800     600     1200    
	2495   1997 2000    1800    2000    1800    1900    2000    2000    1800    500     1200    1900    900     600     1000    2000    1700    1700    700     700     
	2495   1998 2000    1900    2000    1900    1900    2000    900     1000    1900    1200    400     1900    400     600     1900    900     500     700     300     
	2495   1999 1900    800     1900    800     1200    1200    1400    800     500     800     800     900     1100    900     500     1400    1100    400     400     
	2495   2000 1400    1100    1400    1100    700     1400    800     1100    300     400     600     700     700     800     1400    800     400     300     800     
	2495   2001 1300    1100    1300    1100    1300    1100    800     1100    400     400     300     1300    1100    700     800     300     800     500     1300    
	2495   2002 2400    1100    1300    1100    2400    1000    1300    1000    700     1100    1300    800     500     600     1000    1300    700     900     700     
	2495   2003 2800    2000    2800    1900    2200    2800    1200    900     1900    2000    2200    700     1700    1700    2700    1100    1100    1200    1000    
	2495   2004 2200    1000    2200    1000    2200    1200    900     400     700     1000    1800    2200    700     600     600     900     800     600     1500    
	2495   2005 1800    900     1500    800     900     1500    1800    600     800     900     600     700     1500    1100    700     1100    1800    400     700     
	2495   2006 2800    1400    2800    1400    1400    2100    2800    1000    500     1400    900     1400    1300    2100    200     2800    800     600     1000    
	2495   2007 3800    1000    3500    1000    3800    1100    1300    300     600     700     3000    500     700     1100    700     600     1300    500     1800    
	2495   2008 1700    1700    1200    1700    1200    800     900     500     1700    400     1000    1200    800     500     800     900     700     600     1100    
	2495   2009 1500    1000    1500    1000    1200    1100    1500    800     800     1000    900     800     1100    500     700     1500    700     400     500     
	2495   2010 2100    900     2100    800     2100    2000    1400    800     600     900     2100    800     1100    1000    400     500     1200    1400    700     
	2495   2011 2500    1300    1500    800     1500    900     2500    700     800     1200    1500    800     400     700     400     1200    600     2500    300     
	2495   2012 2600    2400    1700    1000    2600    1700    1100    500     1000    2400    400     700     600     700     1700    1000    1100    600     400     
	2495   2013 2300    1100    2300    700     1900    2300    1300    700     700     1100    800     700     1200    2300    1300    1100    400     800     500     
	2495   2014 1700    1600    1700    600     1600    1600    1700    500     600     1600    900     700     1600    600     200     1700    500     600     600     
	2495   2015 1600    1600    1200    1400    1600    1100    1400    400     1400    1600    1200    800     1100    500     800     600     1000    400     500     
	2495   2016 1500    1300    1500    600     1500    1000    1100    600     600     1300    700     1500    1000    700     1000    1000    1100    900     1000    
	2495   2017 1400    1100    1400    800     1100    1400    900     800     800     1100    1000    900     1400    400     900     800     900     400     300     
	2495   2018 5900    2000    5900    1400    800     5900    2400    400     1400    600     700     800     2200    3100    600     1300    2400    1500    600     
	2495   2019 2100    1700    2100    1700    2100    1600    1000    600     1700    700     2100    900     1100    1100    900     1000    500     300     500     
	2495   2020 3700    2000    1800    400     3700    1800    1700    300     400     2000    1700    1300    800     800     1200    1700    900     800     400     
	2495   2021 -999999 -999999 1200    -999999 1000    1200    1200    -999999 600     800     1000    500     1200    -999999 600     1200    600     700     1000    
	2495   2022 3300    3300    2900    700     3000    1900    1100    700     300     3000    2300    600     1000    1900    1400    400     1100    700     1000    
	2495   2023 2900    1100    2900    1100    1000    1900    900     600     1100    700     600     1000    1900    300     1200    900     700     300     400     
	2495   2024 1200    -999999 1200    -999999 900     900     1200    800     -999999 900     600     900     800     800     900     1200    500     900     600     
	2495   2025 4300    3200    2900    1000    4200    1600    1700    600     900     3100    1100    2300    1400    800     1600    1500    1300    800     1200    
	2495   2026 -999999 -999999 -999999 1200    -999999 -999999 -999999 1200    600     -999999 -999999 -999999 -999999 -999999 -999999 -999999 -999999 -999999 -999999 
	