EUROPEAN CLIMATE ASSESSMENT & DATASET (ECA&D), file created on: 17-05-2026
THESE DATA CAN BE USED FOR NON-COMMERCIAL RESEARCH AND EDUCATION PROVIDED THAT THE FOLLOWING SOURCE IS ACKNOWLEDGED: 

Klein Tank, A.M.G. and Coauthors, 2002. Daily dataset of 20th-century surface
air temperature and precipitation series for the European Climate Assessment.
Int. J. of Climatol., 22, 1441-1453.
Data and metadata available at http://www.ecad.eu

FILE FORMAT (MISSING VALUE CODE = -999999):

THIS FILE HOLDS DATA FOR STATION NETHERLANDS                              WINSCHOTEN                               (STAID:   2551)
LATITUDE: dd:mm:ss +53:07:59
LONGITUDE: ddd:mm:ss +007:03:00
ELEVATION: m    0

DATA IS FOR INDEX Maximum no of consecutive dry days (RR < 1 mm) (CDD) with unit 0.01 No of days

01-06 SOUID: Source identifier
08-11 YEAR : YYYY
13-20 ANNUAL DATA VALUES
21-28 WINTER HALF YEAR DATA VALUES
29-36 SUMMER HALF YEAR DATA VALUES
37-44 WINTER (DJF) DATA VALUES
45-52 SPRING (MAM) DATA VALUES
53-60 SUMMER (JJA) DATA VALUES
61-68 AUTUMN (SON) DATA VALUES
69-76 JANUARY DATA VALUES
etc. 
157-164 DECEMBER DATA VALUES

2551   1905 -999999 -999999 -999999 -999999 -999999 -999999 1100    -999999 -999999 -999999 -999999 -999999 -999999 500     700     1100    300     900     700     
	2551   1906 1800    1100    1700    700     1800    1400    1400    400     700     1100    1600    500     1200    700     700     1100    1400    400     1000    
	2551   1907 1700    1200    1400    1200    1700    1200    1400    1200    1100    1200    1400    600     800     1200    900     1400    600     1100    700     
	2551   1908 3200    1300    1500    1300    900     1500    3200    900     1300    900     400     500     1200    900     500     900     2100    1100    1300    
	2551   1909 2000    2000    1200    1400    1200    700     1300    1000    1400    600     800     1200    700     500     600     1100    500     600     800     
	2551   1910 1200    1000    1200    800     1200    1000    1000    800     400     1000    500     1200    1000    1000    700     800     1000    400     600     
	2551   1911 1600    1100    1600    1100    1600    1600    800     1100    500     900     1600    1100    700     1500    1500    800     500     500     600     
	2551   1912 1900    1300    1900    1300    1900    1600    1300    1300    400     600     1700    600     600     1600    400     1300    1100    300     400     
	2551   1913 2000    2000    1800    1800    1200    1800    1600    1400    1800    400     800     600     600     900     1800    900     1600    400     700     
	2551   1914 3100    1700    3100    1700    1000    2100    1100    1700    1000    400     900     900     1000    700     2100    1000    1100    700     700     
	2551   1915 1900    1400    1800    600     1800    1300    1900    600     600     1400    1400    1000    1300    500     700     1000    1900    600     200     
	2551   1916 1500    1300    1500    1100    1300    1500    1100    400     1100    1300    1000    600     500     1300    1000    1000    900     500     500     
	2551   1917 3400    3400    1200    3400    1200    1000    1000    1800    1600    1200    700     1000    1000    1000    400     800     600     500     800     
	2551   1918 1800    1800    1100    1200    1800    700     900     700     600     1800    1100    1000    600     400     600     300     900     700     200     
	2551   1919 1500    1500    1300    1500    1300    1000    1200    1200    1100    900     700     1300    600     600     1000    1200    900     800     800     
	2551   1920 4100    1200    1900    1200    900     1900    4100    700     1200    900     600     400     1900    500     600     400     2800    1400    1300    
	2551   1921 2800    1700    2100    1300    1500    2100    2300    300     1300    700     600     1500    700     2100    800     1200    1900    2300    700     
	2551   1922 1500    1500    900     1100    1500    600     1400    1100    1000    1500    700     600     600     300     500     900     1400    1000    400     
	2551   1923 2000    1300    2000    1200    1300    2000    700     400     1200    1300    900     700     600     1400    1400    700     300     700     400     
	2551   1924 1500    1400    1100    1400    1500    1100    1500    1400    1000    900     800     500     1000    1000    300     600     1000    1500    1200    
	2551   1925 1800    1200    1800    1200    1200    1600    900     1200    600     500     1100    1200    1600    900     500     800     600     800     700     
	2551   1926 1100    800     1100    800     1000    1100    700     600     800     700     700     500     500     800     500     700     600     400     800     
	2551   1927 1900    1300    1400    900     1300    1000    1100    500     900     1300    600     1000    1000    700     700     700     1000    1100    1300    
	2551   1928 3300    3300    2100    1200    2100    2000    2000    400     1200    2100    1200    1100    600     2000    600     2000    700     400     500     
	2551   1929 2500    2500    1500    2500    1800    1400    900     1300    1500    1800    1500    900     600     1200    1400    900     700     700     900     
	2551   1930 2200    2200    1400    1900    1900    1000    1100    1900    1300    1500    900     500     1000    500     700     400     1100    400     900     
	2551   1931 1300    1100    1100    1100    1200    1100    1300    500     800     1000    400     600     700     400     600     300     1200    1300    700     
	2551   1932 3800    3800    1700    3800    1900    1700    900     1800    2000    1900    400     500     1700    500     800     600     300     900     1800    
	2551   1933 2500    1100    2500    1100    1600    1000    1400    1100    700     1100    1200    1600    900     800     700     1200    800     600     1100    
	2551   1934 2100    2100    1600    2100    900     1600    1700    800     2100    900     600     900     1200    1300    1400    800     500     1700    700     
	2551   1935 1600    1600    1400    1100    1600    1400    700     1100    400     1600    500     1200    500     1100    1400    400     600     700     600     
	2551   1936 2500    2500    1600    900     2500    1200    1400    200     900     2500    800     800     800     300     1200    500     1000    1000    800     
	2551   1937 1500    800     1500    800     1000    1500    1300    600     300     400     600     700     600     800     1200    500     900     700     900     
	2551   1938 1800    1800    1600    1500    1800    900     1400    200     1500    1800    1400    900     700     500     600     1400    1200    900     1000    
	2551   1939 2400    1400    2400    1400    1400    1000    1500    800     600     700     600     1400    1000    400     700     500     1100    500     1700    
	2551   1940 2400    1400    2400    1400    2400    1100    900     1200    900     600     800     2200    1100    300     700     900     800     600     700     
	2551   1941 2400    1300    2100    1300    2100    1500    2400    1100    600     1100    1100    1300    1500    1200    400     1600    800     1300    400     
	2551   1942 2300    2300    2000    2300    2000    1900    700     2300    1600    1200    2000    900     1300    600     600     700     500     600     800     
	2551   1943 2000    1800    1900    1400    1300    1900    2000    800     1400    1300    1200    1200    1100    1900    400     1200    1500    600     1700    
	2551   1944 2000    1500    2000    1500    900     2000    1200    600     1500    900     900     700     900     1000    2000    1200    700     200     1300    
	2551   1945 -999999 1200    -999999 1200    -999999 1200    2100    900     400     1000    -999999 -999999 300     1200    700     1300    2000    1200    700     
	2551   1946 1900    1700    1700    1700    1700    600     1900    1700    1000    1100    1700    1200    400     500     400     500     1900    400     1200    
	2551   1947 4400    4400    2300    4400    1500    2300    1500    1700    2700    700     1500    1500    700     1600    2300    700     1400    500     400     
	2551   1948 1900    1600    1900    1000    1900    1100    800     600     1000    1300    1900    1100    600     1000    700     700     600     800     1100    
	2551   1949 2000    1100    1700    900     1200    1700    2000    700     700     1100    800     900     1300    1200    600     1000    1000    600     600     
	2551   1950 1600    1300    1600    1300    1000    1300    1000    1300    400     800     1000    900     1300    400     800     200     1000    400     1600    
	2551   1951 2700    1100    1200    1000    1200    1000    2700    600     700     1000    1000    1200    900     1000    700     800     2000    400     700     
	2551   1952 1300    1000    1300    600     1300    700     1200    600     600     1000    1100    1300    500     600     400     1200    600     600     600     
	2551   1953 2300    2000    900     1100    1700    800     1500    800     1100    1700    800     800     700     600     800     700     1500    1500    800     
	2551   1954 1800    1800    1600    1800    1700    800     600     1200    700     1700    1200    1300    600     500     800     300     500     600     500     
	2551   1955 1400    1400    1400    1100    1200    800     800     1100    1100    700     1200    800     800     800     700     800     700     700     200     
	2551   1956 2700    2500    1300    1600    2700    700     1300    500     1100    2500    1000    1000    700     400     400     1300    1000    800     600     
	2551   1957 1500    1200    1500    1200    1500    1000    600     1200    500     700     1200    800     1000    300     600     300     500     600     600     
	2551   1958 1800    1600    1000    600     1600    900     1700    500     200     1600    500     700     800     900     500     500     800     1700    400     
	2551   1959 3300    1500    3300    1500    2800    1600    2700    500     1400    500     1000    2800    1500    1600    800     2000    1800    1200    1300    
	2551   1960 2600    2600    1400    500     2600    600     900     500     400     2600    800     1200    600     300     400     900     300     400     500     
	2551   1961 1500    1000    1300    1000    900     700     1300    600     1000    900     800     700     700     500     700     1300    900     1300    1500    
	2551   1962 1600    1400    1600    1200    1400    1600    1100    500     1200    500     1400    400     1600    500     300     400     1100    1100    700     
	2551   1963 2200    2200    1200    1500    800     800     1100    1000    1500    700     500     800     600     700     500     1100    800     400     1600    
	2551   1964 2400    2400    1100    1500    1800    1000    1000    1500    600     1800    800     1100    500     1000    700     700     700     900     700     
	2551   1965 1400    900     1100    900     900     1100    1400    700     600     600     500     600     800     800     1100    900     1400    1300    200     
	2551   1966 1700    1100    1700    1100    700     1100    1700    1100    1000    600     300     700     1100    400     800     1500    900     800     200     
	2551   1967 1900    1000    1900    1000    700     1900    1400    1000    900     700     700     500     1900    600     1200    500     300     1400    400     
	2551   1968 2000    1300    1700    1300    1700    1000    1000    500     1300    700     1700    800     700     900     800     300     1000    1000    1900    
	2551   1969 2000    1900    1900    700     1500    1400    2000    600     700     1500    900     800     1000    1400    700     1900    2000    500     800     
	2551   1970 2000    1100    2000    900     1200    2000    1300    800     900     1100    300     1200    2000    400     900     1300    600     800     600     
	2551   1971 1900    1600    1600    1600    1900    1400    1700    1600    700     900     1500    1400    700     1300    800     1600    1100    600     800     
	2551   1972 2200    1700    1400    1300    1700    1200    2200    1000    800     1700    700     800     800     1000    1200    900     1800    400     2100    
	2551   1973 2800    1900    2300    1100    1900    2300    1200    1100    700     1900    1100    800     2300    1000    2100    1200    800     400     300     
	2551   1974 3300    1100    2200    1000    3300    1300    800     400     1000    1100    2200    600     800     400     1300    800     300     500     500     
	2551   1975 2100    1200    2100    1100    1400    2100    1700    800     1100    800     900     1400    1100    700     1400    800     1700    500     1000    
	2551   1976 2500    1500    2500    1500    2500    2300    1200    500     1500    1500    2300    800     1600    1200    2300    600     1000    400     400     
	2551   1977 2400    1000    1800    600     1700    1200    2400    400     400     800     600     1700    1200    700     500     1100    2400    500     700     
	2551   1978 1500    1100    1300    1100    1200    1100    1500    600     1000    600     900     1000    1100    500     700     500     1500    900     900     
	2551   1979 1600    1600    1000    1400    1000    700     1000    1000    1400    400     1000    800     600     700     600     1000    1000    400     400     
	2551   1980 1900    1500    1900    1500    1900    800     700     1500    1400    1200    800     1900    800     800     600     700     600     500     500     
	2551   1981 1700    800     1700    800     1100    1700    1100    600     800     500     1100    800     800     700     1700    1100    300     400     700     
	2551   1982 1800    1400    1600    1400    1800    1100    1400    1400    1300    1300    1600    700     1100    1100    500     1400    800     500     400     
	2551   1983 1600    1600    1300    1600    1500    1100    1400    500     1600    1500    400     300     800     1000    1100    900     400     1300    600     
	2551   1984 2600    1400    2600    1100    1500    2600    1400    400     1100    1400    1500    800     800     1200    2600    400     600     1400    700     
	2551   1985 2100    1500    900     1500    900     600     2100    700     1500    300     800     900     300     600     600     800     2100    1200    600     
	2551   1986 2200    2200    1800    2200    1600    1600    2100    500     1700    1100    700     1600    1300    1100    800     1500    700     900     700     
	2551   1987 1900    1400    1100    1400    1200    1100    800     1400    1400    1200    900     900     300     800     500     400     600     800     1500    
	2551   1988 2800    800     2700    500     2800    1300    1800    500     500     200     2700    1400    1100    400     900     800     1800    700     500     
	2551   1989 2000    1000    2000    1000    1800    1300    1300    1000    700     700     400     1800    1300    1100    700     1000    400     1300    1000    
	2551   1990 1800    700     1800    700     1800    1100    1000    700     700     600     500     1800    1000    1100    900     700     1000    600     600     
	2551   1991 2400    2200    1800    2200    1200    1200    1000    1100    1100    1200    700     900     400     600     1200    700     1000    800     1600    
	2551   1992 2200    1300    2200    1300    2100    2200    1100    1200    700     400     900     2100    2200    1100    800     1100    500     300     1200    
	2551   1993 1900    1500    1600    900     1600    1300    1900    500     900     1500    1000    900     1300    300     600     600     1100    1600    200     
	2551   1994 1700    1700    1100    1700    900     1100    1700    600     1700    200     900     600     600     1100    1000    600     1700    1000    300     
	2551   1995 3000    1500    2600    500     1500    2600    1400    500     500     500     800     700     1300    800     2200    700     1400    1100    1900    
	2551   1996 2100    1800    2100    1600    2100    1000    1200    1600    500     1800    2000    600     700     1000    900     1200    800     400     1200    
	2551   1997 3000    1800    1800    1800    1000    1800    1500    1800    400     900     700     1000    600     1100    1800    1500    800     1200    500     
	2551   1998 1700    800     1700    800     1700    1600    700     700     800     500     300     1700    600     400     1600    600     200     700     300     
	2551   1999 1900    700     1900    700     1400    1300    1400    400     300     600     800     1400    1100    900     500     1400    1000    500     200     
	2551   2000 700     700     700     700     700     600     600     700     300     600     700     600     600     500     500     600     600     300     600     
	2551   2001 1200    1000    1000    1000    1000    1000    900     1000    300     600     500     1000    700     900     1000    300     900     300     1200    
	2551   2002 2300    1100    1500    1100    2300    800     1000    1000    500     1000    1300    1200    500     700     800     1000    800     700     1400    
	2551   2003 2100    2100    1900    2100    2000    1900    1500    500     2100    2000    1400    700     1000    1100    1800    1000    1500    800     500     
	2551   2004 1500    1500    1500    1100    1300    1500    1000    300     1100    1100    700     1300    500     600     900     1000    1000    300     1400    
	2551   2005 1900    1000    1900    900     800     1100    1600    500     600     400     600     800     1100    900     500     1400    1600    400     800     
	2551   2006 2600    1300    2600    1100    1500    2400    2100    1000    900     1300    600     1500    2400    1000    400     2100    1100    600     900     
	2551   2007 2400    800     2200    800     2400    800     1300    400     700     600     2200    500     800     300     800     400     1300    900     1400    
	2551   2008 1800    1500    1800    1500    1800    600     1800    300     1500    300     900     1600    600     500     500     1800    500     600     1000    
	2551   2009 1700    1200    1700    1200    1700    1400    1400    800     400     700     1700    600     900     500     900     1400    700     200     500     
	2551   2010 2000    1000    2000    1000    1600    2000    800     800     1000    500     1600    1100    1100    900     400     600     800     600     500     
	2551   2011 3600    1600    1600    800     1600    700     3600    700     800     1600    1600    900     400     700     300     700     1200    2400    500     
	2551   2012 1900    1600    1000    1600    1900    800     1000    500     1100    1400    500     700     600     700     600     1000    500     700     300     
	2551   2013 2000    1200    2000    900     1200    2000    1300    900     400     1200    800     600     1100    2000    1200    1100    400     400     300     
	2551   2014 1500    1500    1100    500     1400    1100    1100    500     500     1400    500     800     800     1000    700     1100    400     600     600     
	2551   2015 1700    1000    1300    900     1300    1000    1700    400     900     1000    1300    600     700     300     1000    600     1300    400     300     
	2551   2016 1100    1100    1100    600     1100    900     1000    300     600     1100    700     1100    900     400     700     1000    800     1000    600     
	2551   2017 1300    1300    1300    1300    1000    1300    1000    1300    1100    800     1000    1000    1300    500     800     1000    800     400     500     
	2551   2018 2000    1700    1800    1400    1500    1800    2000    400     1400    800     700     1500    1200    1800    800     600     2000    1400    500     
	2551   2019 1900    1900    1400    1800    1000    1400    1000    400     1800    500     1000    900     900     1000    1300    1000    300     800     700     
	2551   2020 4500    1800    2700    700     4500    1000    1300    700     400     1800    2700    1000    700     1000    900     1300    800     1000    400     
	2551   2021 1600    1600    1600    1000    1600    1200    900     500     1000    800     1600    500     1200    800     500     900     500     700     1000    
	2551   2022 3600    1500    3600    700     3600    1500    1100    700     400     1200    2100    1500    1000    500     1500    400     1100    500     1000    
	2551   2023 3900    1200    3900    1200    2000    1900    1000    600     1200    400     500     2000    1900    400     500     1000    200     200     400     
	2551   2024 1200    800     1100    600     1000    1000    1200    600     300     800     400     1000    900     400     700     1100    600     900     900     
	2551   2025 2700    1200    2700    1200    2700    1600    800     1100    900     1000    1400    2100    1100    600     1600    500     300     800     1300    
	2551   2026 -999999 900     -999999 700     -999999 -999999 -999999 700     300     900     1000    -999999 -999999 -999999 -999999 -999999 -999999 -999999 -999999 
	