EUROPEAN CLIMATE ASSESSMENT & DATASET (ECA&D), file created on: 17-05-2026
THESE DATA CAN BE USED FOR NON-COMMERCIAL RESEARCH AND EDUCATION PROVIDED THAT THE FOLLOWING SOURCE IS ACKNOWLEDGED: 

Klein Tank, A.M.G. and Coauthors, 2002. Daily dataset of 20th-century surface
air temperature and precipitation series for the European Climate Assessment.
Int. J. of Climatol., 22, 1441-1453.
Data and metadata available at http://www.ecad.eu

FILE FORMAT (MISSING VALUE CODE = -999999):

THIS FILE HOLDS DATA FOR STATION NETHERLANDS                              RIJSWIJK ZH                              (STAID:  20590)
LATITUDE: dd:mm:ss +52:03:42
LONGITUDE: ddd:mm:ss +004:21:06
ELEVATION: m -100

DATA IS FOR INDEX Maximum no of consecutive dry days (RR < 1 mm) (CDD) with unit 0.01 No of days

01-06 SOUID: Source identifier
08-11 YEAR : YYYY
13-20 ANNUAL DATA VALUES
21-28 WINTER HALF YEAR DATA VALUES
29-36 SUMMER HALF YEAR DATA VALUES
37-44 WINTER (DJF) DATA VALUES
45-52 SPRING (MAM) DATA VALUES
53-60 SUMMER (JJA) DATA VALUES
61-68 AUTUMN (SON) DATA VALUES
69-76 JANUARY DATA VALUES
etc. 
157-164 DECEMBER DATA VALUES

20590  1906 -999999 -999999 -999999 -999999 -999999 -999999 -999999 -999999 -999999 -999999 -999999 -999999 -999999 -999999 -999999 -999999 700     700     700     
	20590  1907 2400    1400    2400    1400    1700    1200    2400    1400    1000    1200    1000    1200    200     1200    600     2400    600     700     800     
	20590  1908 2400    1300    1900    1300    1600    1900    2400    900     1200    1100    1600    700     1200    1300    500     900     1300    1100    1300    
	20590  1909 3100    3100    1300    1400    1700    1300    1300    1400    1400    1700    1100    1000    600     600     1300    1300    400     900     600     
	20590  1910 1600    1000    1600    900     1300    1600    1400    800     400     1000    1100    800     1600    500     600     800     1400    500     900     
	20590  1911 2100    1100    2100    1100    1900    1900    1200    700     1000    500     1600    1900    800     1500    1900    1200    600     500     500     
	20590  1912 1900    1900    1400    1900    1300    1400    1100    1900    900     400     900     800     500     1400    400     1100    1000    300     700     
	20590  1913 1400    1400    1300    1400    1300    1300    900     1400    700     700     1300    1000    800     900     1100    800     600     400     400     
	20590  1914 2100    1600    2100    1600    1900    2100    1000    1600    1000    400     1900    1000    1000    1000    2100    1000    1000    500     400     
	20590  1915 2200    1000    1600    700     1600    1300    2200    700     600     800     700     1100    1300    500     700     1000    2200    500     300     
	20590  1916 2300    1400    2300    1400    1000    2300    1000    1100    300     1000    800     600     800     1000    1300    1000    600     900     400     
	20590  1917 1700    1700    1400    1700    1400    1000    1200    1200    1600    500     700     1100    800     900     700     1000    400     800     700     
	20590  1918 2100    2100    1600    1500    1800    1200    1000    1000    600     1800    700     900     800     700     1000    200     900     600     200     
	20590  1919 2400    1900    2400    1900    2100    1600    1800    700     1500    900     800     2100    700     600     1600    1800    900     600     700     
	20590  1920 2600    1100    1300    1100    1100    1300    2600    700     1100    1100    400     800     1300    800     800     1000    1700    1400    900     
	20590  1921 3000    1700    2200    1700    1800    2200    2200    500     1300    900     700     1800    900     2200    500     1700    900     2200    800     
	20590  1922 2300    1200    1600    1100    1400    1100    2300    400     1100    1200    1000    1400    1100    500     800     600     2300    600     500     
	20590  1923 2400    1400    2400    700     2000    2400    600     600     700     1400    1200    500     1100    1300    1300    500     100     500     400     
	20590  1924 1700    1700    1200    700     1700    1200    1500    700     700     1700    1000    300     1000    900     700     400     1000    1500    800     
	20590  1925 1900    800     1900    700     700     1900    1300    700     400     500     700     600     1100    1900    900     300     1100    900     600     
	20590  1926 1600    1600    1400    600     1600    1100    900     600     500     1600    1000    800     500     800     1100    800     700     600     700     
	20590  1927 1800    1100    1600    1000    1600    600     1000    400     1000    1100    700     1100    600     400     600     400     1000    600     1200    
	20590  1928 2000    2000    1800    1400    1000    1800    1100    200     1400    1000    500     700     600     1800    500     1100    400     500     500     
	20590  1929 2100    1800    2100    1400    1600    2100    1100    900     1400    1600    900     1600    500     2100    700     1100    600     400     400     
	20590  1930 2000    2000    1300    1200    1400    1000    1200    800     1200    1200    800     600     1000    500     800     500     1200    300     600     
	20590  1931 1500    1100    1500    500     1200    1500    1200    400     400     1100    400     800     1100    500     900     500     1200    1100    1100    
	20590  1932 2500    2500    2000    2200    1600    2000    800     1500    2100    1600    500     700     2000    800     1500    800     300     700     1100    
	20590  1933 3200    1600    1700    1600    1100    1700    1000    1600    800     1100    1100    800     1000    700     1600    1000    700     700     2500    
	20590  1934 2100    2100    2000    2100    1500    1600    800     700     2100    900     700     1500    1400    1300    900     600     300     800     400     
	20590  1935 1800    1000    1800    500     1800    1200    700     500     500     1000    600     1200    500     1100    800     700     400     300     600     
	20590  1936 1900    1900    1500    900     1900    1300    1100    600     900     1900    1300    900     700     500     1300    600     900     1100    900     
	20590  1937 1200    800     1200    500     1100    1100    1000    500     200     400     500     1100    700     800     1000    500     1000    900     400     
	20590  1938 2300    2300    1800    1300    2300    1800    900     400     1300    2300    1300    1400    1800    900     900     400     700     900     1000    
	20590  1939 2400    1100    2400    1100    1400    1700    700     500     600     400     900     1400    1000    500     1700    700     300     300     1600    
	20590  1940 2100    1400    2100    700     2100    1100    1300    600     600     800     500     2100    1100    400     700     900     1300    400     600     
	20590  1941 2400    1200    2400    1200    1200    2400    1500    1100    400     1200    800     1100    2200    800     400     1500    800     400     800     
	20590  1942 3000    1800    3000    1500    3000    1200    1000    1400    1500    1200    2100    900     1200    400     700     1000    500     800     600     
	20590  1943 3200    3200    1900    1300    1900    1900    1400    500     1300    1900    1000    1300    1000    1900    600     500     1100    500     1000    
	20590  1944 1900    1900    1400    1900    1100    1400    700     500     1900    900     700     600     900     700     1400    400     700     200     800     
	20590  1945 -999999 -999999 1200    -999999 1100    1200    900     -999999 -999999 1100    800     1100    800     1200    500     700     900     600     400     
	20590  1946 1700    1600    1700    1600    1700    1000    1000    1600    500     1400    1100    1500    300     1000    200     800     800     500     1300    
	20590  1947 1900    1200    1900    1200    1100    1900    1300    1200    600     300     1100    800     1000    1400    1900    900     1300    400     900     
	20590  1948 2500    2500    1500    1000    1500    1500    1300    300     1000    1500    1200    1400    600     1400    900     600     1300    900     1100    
	20590  1949 2200    900     2200    800     1000    2200    800     800     600     900     800     700     1700    1300    2100    500     800     600     500     
	20590  1950 1700    1300    1700    1300    1000    1300    1000    1300    400     800     600     1000    1300    400     600     200     1000    200     1200    
	20590  1951 2400    1500    1500    800     1100    1100    2400    500     600     900     1100    400     1100    800     300     600     2000    300     1300    
	20590  1952 1500    1000    1500    1000    1500    1100    900     500     1000    700     1100    1500    800     900     1100    900     500     300     500     
	20590  1953 3800    3800    1400    2600    2700    1400    1700    2600    1100    2700    1100    700     600     600     1400    700     1600    1700    800     
	20590  1954 1700    1700    1700    1700    1700    700     700     1100    600     1600    1600    1200    500     500     700     300     200     500     600     
	20590  1955 1500    1500    1400    1200    1200    1400    800     900     1100    800     1200    600     700     1300    1100    800     700     500     500     
	