EUROPEAN CLIMATE ASSESSMENT & DATASET (ECA&D), file created on: 17-05-2026
THESE DATA CAN BE USED FOR NON-COMMERCIAL RESEARCH AND EDUCATION PROVIDED THAT THE FOLLOWING SOURCE IS ACKNOWLEDGED: 

Klein Tank, A.M.G. and Coauthors, 2002. Daily dataset of 20th-century surface
air temperature and precipitation series for the European Climate Assessment.
Int. J. of Climatol., 22, 1441-1453.
Data and metadata available at http://www.ecad.eu

FILE FORMAT (MISSING VALUE CODE = -999999):

THIS FILE HOLDS DATA FOR STATION NETHERLANDS                              BAKKUM                                   (STAID:  20479)
LATITUDE: dd:mm:ss +52:33:20
LONGITUDE: ddd:mm:ss +004:38:09
ELEVATION: m    3

DATA IS FOR INDEX Maximum no of consecutive dry days (RR < 1 mm) (CDD) with unit 0.01 No of days

01-06 SOUID: Source identifier
08-11 YEAR : YYYY
13-20 ANNUAL DATA VALUES
21-28 WINTER HALF YEAR DATA VALUES
29-36 SUMMER HALF YEAR DATA VALUES
37-44 WINTER (DJF) DATA VALUES
45-52 SPRING (MAM) DATA VALUES
53-60 SUMMER (JJA) DATA VALUES
61-68 AUTUMN (SON) DATA VALUES
69-76 JANUARY DATA VALUES
etc. 
157-164 DECEMBER DATA VALUES

20479  1866 -999999 -999999 -999999 -999999 -999999 -999999 1900    -999999 -999999 -999999 -999999 -999999 -999999 -999999 400     700     1200    400     1100    
	20479  1867 2900    1900    1000    800     1700    1000    2900    800     800     1700    700     900     900     1000    900     800     1300    2900    1200    
	20479  1868 3000    1300    3000    1300    1800    3000    1500    1300    400     700     1100    900     1300    2200    600     1500    700     700     300     
	20479  1869 1900    1300    1900    900     1300    1900    800     800     900     1300    700     500     900     1200    900     600     800     400     900     
	20479  1870 3100    2000    3100    2000    1500    1600    2200    1500    2000    800     1000    1500    1600    1000    600     1600    600     700     1200    
	20479  1871 2800    1800    2800    1800    2700    1800    1700    1500    1800    1200    700     2700    700     500     1600    800     1000    1200    500     
	20479  1872 1600    900     1600    800     1300    1300    900     600     800     900     500     1300    900     1100    1300    600     900     300     800     
	20479  1873 1900    1800    1800    1100    1800    1100    1900    900     1100    1800    1800    900     1100    600     300     1300    400     1900    700     
	20479  1874 2300    1900    2300    1900    1700    2200    1100    800     1900    800     1700    900     1400    2100    900     700     900     700     900     
	20479  1875 2700    1700    2700    1300    2700    1200    900     900     1300    1000    2300    900     600     1200    900     900     600     600     700     
	20479  1876 3300    1600    3300    1600    3200    2000    1500    1600    600     1100    700     3100    1000    2000    1900    300     1500    600     900     
	20479  1877 1600    500     1600    500     1600    900     1200    500     300     500     800     800     900     500     800     600     600     600     600     
	20479  1878 1800    1800    1200    1800    1100    1200    900     700     1100    500     1100    800     1100    1200    500     600     900     600     400     
	20479  1879 -999999 -999999 -999999 -999999 -999999 -999999 -999999 1400    -999999 -999999 -999999 -999999 -999999 -999999 -999999 -999999 -999999 -999999 -999999 
	20479  1880 -999999 -999999 2800    -999999 2400    2300    900     -999999 -999999 1700    700     1700    600     800     2300    800     300     500     600     
	20479  1881 1600    1000    1000    1000    1600    800     600     900     1000    1000    1000    1000    500     500     700     200     500     600     1000    
	20479  1882 2000    2000    1200    2000    1600    700     900     2000    1300    1600    1200    700     400     500     700     600     900     300     600     
	20479  1883 2300    1200    2200    1200    2300    1200    1100    1200    600     600     2200    1300    1000    700     1200    1100    600     300     900     
	20479  1884 2600    1200    2600    800     1300    2600    1300    700     700     900     1200    1200    600     900     2400    1300    500     800     700     
	20479  1885 3400    1100    2900    1100    3400    2100    900     1100    500     700     2900    400     900     1200    900     300     200     900     1400    
	20479  1886 2200    1700    2200    1700    1500    1800    1200    400     1700    1500    900     1000    800     600     1800    1200    900     500     300     
	20479  1887 2500    1500    2500    1500    1400    2500    1300    900     1500    800     1400    600     2200    1400    900     800     300     1300    300     
	20479  1888 1400    900     1300    900     1300    1000    1400    900     500     500     600     1300    800     400     1000    1300    1400    900     1100    
	20479  1889 2600    1200    2600    1100    800     2600    1300    900     600     600     800     500     2000    600     400     1000    400     1300    700     
	20479  1890 2700    2700    1700    2700    1200    1700    1400    600     2600    700     700     1000    700     800     900     1400    700     700     2300    
	20479  1891 3000    3000    1100    2500    1100    600     800     1000    2500    800     1100    600     600     500     300     700     600     800     1000    
	20479  1892 1800    1000    1500    1000    1800    1300    900     700     500     700     1500    1100    500     1000    1300    900     500     600     1700    
	20479  1893 4300    1300    3000    900     4300    2100    700     900     400     1300    3000    1400    2100    700     800     600     700     700     600     
	20479  1894 2800    1500    1500    1200    2800    1100    1500    1200    600     1500    1300    800     1000    400     600     1500    900     800     1300    
	20479  1895 1800    1600    1700    1600    1400    900     1800    500     1600    800     1400    1300    900     700     900     1700    300     600     1200    
	20479  1896 1700    1400    1700    1400    1500    1300    1000    900     1400    800     1100    1500    600     1300    400     300     200     1000    500     
	20479  1897 2500    800     2000    800     1000    2000    2500    800     600     700     600     1000    600     1900    600     600     1200    1300    1500    
	20479  1898 2100    1100    1900    1100    1300    1300    2100    1100    500     1100    1000    900     800     800     1300    1700    1000    700     600     
	20479  1899 3100    3100    2500    1300    1800    2000    1200    800     1300    1800    900     700     2000    900     1100    800     1200    800     1200    
	20479  1900 2400    1600    2400    900     2400    1200    1000    400     600     1400    1800    900     600     1200    600     1000    300     700     500     
	20479  1901 1700    1600    1400    1600    1400    1200    1700    1600    500     700     1000    1400    1200    1100    1100    1300    800     800     300     
	20479  1902 -999999 1400    -999999 1400    -999999 -999999 -999999 500     1400    700     700     -999999 -999999 -999999 -999999 -999999 -999999 -999999 -999999 
	20479  1903 -999999 -999999 -999999 -999999 -999999 -999999 -999999 -999999 -999999 -999999 -999999 -999999 -999999 -999999 -999999 -999999 -999999 -999999 -999999 
	20479  1904 -999999 -999999 2200    -999999 -999999 1800    1600    -999999 -999999 -999999 2200    1000    900     1800    900     1600    900     900     900     
	20479  1905 1600    1200    1600    1200    1600    700     700     1200    800     600     1100    1600    700     700     700     500     400     700     1600    
	20479  1906 1900    700     1700    700     1900    1400    1200    600     300     600     1700    600     1400    1200    700     1200    500     600     600     
	20479  1907 2400    1000    2400    900     1400    1800    2400    900     700     900     700     800     500     1800    500     2400    600     1100    800     
	20479  1908 2300    1200    2000    1200    1300    2000    2300    800     1100    800     1300    600     1300    1400    600     1100    2100    500     1200    
	20479  1909 2000    2000    1200    1200    1200    1200    1100    1200    1200    800     1000    1200    700     600     1200    800     400     900     600     
	20479  1910 2100    1300    1100    800     2100    1100    1000    800     400     1300    800     900     900     1100    700     800     1000    400     300     
	20479  1911 3500    3500    2500    3500    3000    1500    1200    2000    1500    700     2500    1700    800     1300    1500    1200    600     400     600     
	20479  1912 1700    800     1700    800     1600    1700    1700    800     600     400     1600    900     400     1700    300     1700    1100    500     400     
	20479  1913 2900    1600    2900    1600    1000    2100    1000    1100    1600    400     600     1000    800     900     2100    900     600     400     600     
	20479  1914 2300    1600    2300    1600    2300    1900    1500    1600    600     400     1700    900     900     800     1900    900     1500    400     300     
	20479  1915 2200    1500    1200    700     1000    1200    2200    700     500     800     700     1000    1200    500     800     1000    2200    600     300     
	20479  1916 2800    1200    2800    1200    1300    2800    1100    1100    300     1200    1000    600     500     1500    1300    1100    600     900     300     
	20479  1917 3500    3500    2300    3500    2300    1100    1500    1900    1600    600     1100    1200    900     1000    800     1200    300     500     600     
	20479  1918 1400    1400    1400    1400    1000    1300    800     900     700     1000    500     900     800     700     1000    200     600     800     600     
	20479  1919 2600    2000    2600    2000    2200    2600    1800    700     1500    800     900     2200    700     1000    1900    1800    800     500     500     
	20479  1920 3200    1500    1500    1500    900     700     3200    600     1500    900     700     600     700     500     600     1400    1700    1500    1600    
	20479  1921 3900    1400    2500    1400    1700    2500    2300    400     1300    800     1200    1700    900     2500    400     1800    1400    2300    1600    
	20479  1922 3500    1300    3500    800     2600    900     1400    500     700     1100    600     2600    900     400     500     600     1400    800     500     
	20479  1923 2200    1400    2200    700     1400    2200    600     600     700     1400    1100    700     900     1300    1000    600     100     400     500     
	20479  1924 1900    1900    1400    700     1900    1400    1400    700     700     1900    700     400     1200    900     1000    400     900     1400    1000    
	20479  1925 1500    1000    1500    1000    1000    1100    1300    1000    500     500     1000    700     1100    1000    1000    700     1000    800     500     
	20479  1926 2800    2200    1000    800     2800    800     1000    700     800     2200    600     900     600     700     600     800     800     500     900     
	20479  1927 1800    1300    1600    1100    1600    700     1000    500     1100    1300    1100    1100    500     700     600     700     1000    600     1200    
	20479  1928 1900    1900    1700    1300    1300    1700    1100    100     1300    1300    700     900     700     1700    500     1100    400     600     700     
	20479  1929 2400    1800    2400    1700    2300    2000    800     1200    1600    1800    1000    2300    600     2000    1000    800     500     400     500     
	20479  1930 2200    2200    1400    1300    1400    1000    900     1200    1300    1000    900     500     1000    500     800     500     900     300     700     
	20479  1931 1200    1100    1200    500     1100    1000    1200    400     500     1100    600     800     600     400     1000    600     1200    1200    800     
	20479  1932 2500    2500    2000    2500    1900    2000    900     1800    2100    1900    800     700     2000    500     1500    600     300     900     2100    
	20479  1933 2600    2100    1500    2100    1300    1300    1100    2000    700     1200    900     1000    900     700     1000    1100    700     800     2600    
	20479  1934 2400    2400    1900    2400    1500    1500    800     800     2400    900     600     1500    1300    1200    700     800     500     800     600     
	20479  1935 1800    1600    1800    600     1800    1200    500     600     400     1600    600     1200    500     900     1100    400     500     500     400     
	20479  1936 2800    2800    1700    1100    2800    1200    900     600     1100    2800    1700    900     800     300     1200    400     900     800     900     
	20479  1937 1500    600     1500    600     1300    1200    1100    600     200     400     400     1300    700     700     900     500     1100    700     500     
	20479  1938 2300    2300    1800    1200    2300    1800    600     400     1200    2300    900     900     1800    800     900     600     600     500     1000    
	20479  1939 2300    1300    2300    1300    1300    2000    600     500     800     400     600     1300    1000    600     2000    600     300     400     1500    
	20479  1940 2100    1500    2100    1500    2100    1100    800     600     1500    800     700     2100    1100    400     700     800     800     400     600     
	20479  1941 2800    1300    2800    1300    2800    1400    1500    1100    300     1100    1100    1700    1000    1400    500     1500    800     700     700     
	20479  1942 3100    1800    3100    1500    3100    1100    1000    1400    1500    1200    2100    1000    1100    500     600     1000    300     800     500     
	20479  1943 3200    3200    2100    1300    1900    2100    1400    800     1300    1900    1400    1300    1000    2000    500     500     1000    500     1000    
	20479  1944 2000    1300    2000    1300    1200    2000    600     600     1300    1100    800     800     900     1800    1800    500     600     200     1200    
	20479  1945 1300    900     1200    500     900     1200    1300    400     500     900     800     800     400     1200    500     800     1100    1300    400     
	20479  1946 1900    1800    1100    900     1800    900     800     900     400     1800    1100    1000    300     900     700     300     800     700     1900    
	20479  1947 3100    800     3100    700     1300    2500    1600    600     700     400     1100    1300    1000    1400    2500    900     1500    500     400     
	20479  1948 2200    2200    1500    1600    1300    1500    900     200     1600    1000    1300    1200    600     1400    900     700     700     900     1100    
	20479  1949 2300    1300    2300    1300    1200    2300    1100    700     800     1100    900     600     2000    1300    1200    600     1000    500     300     
	20479  1950 1700    1400    1700    1400    900     1300    900     1400    400     500     400     900     1300    500     600     200     900     300     1100    
	20479  1951 2400    1600    1600    1100    1100    1100    2400    500     600     1000    1100    500     1100    900     300     700     2000    300     600     
	20479  1952 1900    1000    1900    900     1900    1100    800     500     900     1000    1100    1900    800     800     1100    800     600     200     700     
	20479  1953 3800    3800    1500    1400    2700    1400    1600    1400    1100    2700    1100    1400    700     600     1400    500     1600    1000    800     
	20479  1954 1800    1800    1600    1800    1600    700     600     1100    700     1600    1600    1400    500     500     700     300     300     600     600     
	20479  1955 1500    1500    1400    1100    1200    1400    800     900     1100    800     1200    400     600     1300    1100    800     700     600     300     
	20479  1956 1900    1100    1900    800     1900    1000    1800    500     800     1100    1100    800     1000    500     400     1800    800     800     600     
	20479  1957 1400    1200    1200    1200    1400    1200    1100    1200    300     600     1000    800     1200    400     700     500     700     1100    700     
	20479  1958 1900    1100    1100    600     1100    1000    1900    500     200     1100    600     600     1000    900     400     500     900     1900    400     
	20479  1959 2800    2100    2800    2100    2800    1800    2000    500     2000    400     800     2800    1700    1800    1400    2000    1100    700     500     
	20479  1960 1300    1100    1300    500     1100    900     800     200     500     1100    800     1000    900     400     700     800     300     300     400     
	20479  1961 1700    1700    1200    1100    1700    700     1200    600     1100    1700    300     900     700     600     700     1200    800     1200    1500    
	20479  1962 2100    1300    2100    1200    1200    1700    2100    600     1200    1100    700     500     1700    500     500     800     2100    700     700     
	20479  1963 2000    1800    1400    1100    900     900     1400    1100    1000    800     800     600     600     700     200     1400    900     500     1500    
	20479  1964 2300    2300    1100    2100    1800    1000    1000    2100    500     1800    800     1100    800     1000    500     800     600     900     600     
	20479  1965 1400    1400    1100    900     1300    1100    1400    700     800     1300    400     700     800     300     1100    700     1400    600     100     
	20479  1966 1600    1100    1600    1100    1400    1000    1500    1100    500     500     300     1400    1000    400     800     1500    500     400     200     
	20479  1967 1200    800     1200    800     800     1200    800     800     800     700     800     400     900     1000    1100    700     400     800     400     
	20479  1968 1400    1200    1300    800     1300    800     1000    500     800     500     1300    600     800     600     600     700     1000    800     1400    
	20479  1969 1900    1600    1900    700     1100    1300    1700    600     700     1100    900     500     1300    1200    900     1600    1700    300     600     
	20479  1970 2400    1200    2400    600     1600    2200    1400    600     400     800     400     1600    2200    600     800     1400    1100    700     1300    
	20479  1971 2000    1000    1500    1000    2000    1200    1600    600     700     500     1500    800     700     1100    500     1200    1200    400     900     
	20479  1972 3200    1500    1900    1300    1500    1100    3200    1000    800     1500    1100    700     300     1000    1100    1400    1800    300     1000    
	20479  1973 2300    2100    2300    1500    2100    2300    1400    1400    600     2100    400     600     2300    500     2300    1400    800     400     400     
	20479  1974 3300    1100    2200    600     3300    1500    800     400     600     1100    2200    700     1500    700     1200    800     200     400     400     
	20479  1975 2100    1100    2100    1100    1500    2100    1800    700     1100    500     900     1500    1000    700     1400    600     1800    700     700     
	20479  1976 2500    1600    2500    1600    1500    2500    800     500     1600    1100    1500    700     1000    1200    2500    400     800     400     300     
	20479  1977 1900    700     1900    600     1500    1500    1900    300     600     400     500     1500    700     1500    600     1900    1100    500     600     
	20479  1978 1400    900     1400    700     1300    1400    1000    400     700     700     1100    1300    800     1100    1400    1000    800     900     800     
	20479  1979 1400    600     1000    600     600     1000    1400    600     500     300     600     500     700     700     1000    1000    1400    300     400     
	20479  1980 3300    1400    3300    1400    3300    1700    700     1400    700     1100    1000    2800    900     1100    600     700     400     500     400     
	20479  1981 2300    1300    2100    1300    2300    1300    1000    500     1300    300     2000    400     500     1300    1100    1000    200     300     600     
	20479  1982 1900    1500    1900    1500    1900    1900    1400    1200    1500    600     1700    1900    800     1600    300     1200    800     600     700     
	20479  1983 1900    1600    1900    1600    1300    1900    1600    500     1600    1300    500     300     1100    1900    1100    900     400     1300    800     
	20479  1984 2800    1300    2800    1100    2600    2700    800     400     1100    1300    1900    700     800     1500    2700    300     800     700     600     
	20479  1985 2600    2600    1500    2600    900     1200    1200    400     2600    500     900     900     600     1200    500     900     1100    600     400     
	20479  1986 2500    2500    1500    2500    1500    1400    2100    400     2100    1500    1300    800     1200    1200    1400    1500    1000    600     500     
	20479  1987 1800    1400    1800    1400    1300    1800    900     1200    1300    1300    800     800     800     1300    400     400     400     900     600     
	20479  1988 1800    700     1800    600     1600    1800    800     500     600     300     1100    1600    1800    500     900     600     800     600     600     
	20479  1989 1800    900     1800    900     1800    1800    1200    600     600     700     500     1800    1800    1200    1000    1000    400     1200    800     
	20479  1990 2600    700     2600    700     1900    2600    900     600     700     600     500     1900    800     2200    800     600     900     500     1000    
	20479  1991 2400    1800    2200    1800    1500    2100    1300    1100    700     1100    900     1500    500     600     1500    1300    800     800     1600    
	20479  1992 1800    1300    1800    1300    1800    1300    1200    1200    1000    500     1100    1800    1100    700     800     700     500     300     1200    
	20479  1993 1600    1000    1600    1000    1600    1500    1200    500     700     1000    1100    800     1200    400     600     300     1000    800     500     
	20479  1994 1700    1200    1700    1200    1000    1700    1600    500     1200    800     900     700     1400    1300    700     600     1600    800     300     
	20479  1995 2800    1500    2800    300     1500    2800    1400    200     300     500     900     600     1400    1000    2400    400     1400    1200    1600    
	20479  1996 2900    2900    1900    2900    2200    1300    1000    2100    800     2200    1900    700     1000    1300    700     1000    800     300     900     
	20479  1997 2000    1900    2000    1900    2000    1900    1600    1800    300     800     2000    1000    700     1000    1900    1600    900     600     500     
	20479  1998 1700    800     1700    800     1700    1600    800     800     800     800     400     1700    200     800     1600    700     500     800     300     
	20479  1999 2000    600     2000    600     1300    1200    1400    300     400     600     900     800     900     900     600     1400    1100    400     200     
	20479  2000 1600    1100    1600    1100    1500    1600    600     1100    300     500     600     1500    800     1000    1200    600     400     300     600     
	20479  2001 2100    1200    2100    1200    1200    2100    700     1200    900     500     300     1200    1400    700     600     200     300     700     1200    
	20479  2002 2400    1100    1300    1000    2400    800     1100    900     300     1100    1300    700     500     700     800     1100    500     300     1200    
	20479  2003 2300    2300    2300    2200    2300    2300    1400    600     2200    2300    1000    700     2100    1300    2100    1100    1400    800     1000    
	20479  2004 1300    1000    1300    800     1300    1000    1100    300     400     1000    800     1300    700     600     400     1100    600     600     1300    
	20479  2005 1300    700     1300    700     700     900     1100    500     700     500     600     700     800     900     500     800     1100    500     600     
	20479  2006 1700    1400    1700    1400    1300    1200    1700    1100    1000    1300    700     1300    1200    900     300     1700    1100    600     1000    
	20479  2007 4600    1100    3500    900     4600    1000    1000    400     500     1100    3000    500     700     700     1000    400     1000    400     1400    
	20479  2008 1600    1500    1600    1500    1600    900     1500    400     1500    300     800     1500    900     400     900     1500    800     600     1200    
	20479  2009 2400    1200    2400    1200    1700    1500    2400    800     1200    1200    1700    800     1100    400     900     2400    500     300     500     
	20479  2010 2100    900     2100    800     2100    900     800     500     800     900     2100    1700    900     800     400     500     800     700     900     
	20479  2011 3000    3000    2700    700     2900    800     2300    700     700     2900    1900    900     400     600     400     900     600     2300    500     
	20479  2012 1900    1400    1000    900     1900    1000    1000    500     900     1400    700     1000    600     800     800     1000    600     600     200     
	20479  2013 2200    1400    2200    900     2200    2200    1100    600     900     1400    1200    700     1100    2200    700     900     500     400     400     
	20479  2014 2000    1700    2000    300     1700    1600    1900    300     300     1700    800     800     1600    900     300     1900    300     700     400     
	20479  2015 1400    1400    1100    1400    1100    1100    1300    400     1400    1000    1100    900     1100    400     900     600     1000    300     300     
	20479  2016 2400    1500    2400    400     1500    1000    2400    300     400     1500    600     1100    700     1000    700     2400    1100    900     1000    
	20479  2017 2200    1300    1300    1300    2200    1300    900     1300    300     1100    1100    900     1300    500     900     900     700     300     300     
	20479  2018 4200    1700    4200    1400    1000    4200    1500    900     1400    500     800     1000    1600    2600    900     700     1300    1500    800     
	20479  2019 1600    1100    1600    1000    1600    1500    600     400     1000    700     1000    1600    1000    1000    1200    600     500     600     700     
	20479  2020 2700    1600    2600    300     2700    1900    1300    300     300     1600    2600    1100    800     500     1500    1300    300     700     400     
	20479  2021 1700    1700    1500    1000    1500    1300    1000    300     1000    900     1500    500     1200    1300    500     1000    600     700     700     
	20479  2022 3900    1400    3900    800     3900    1900    600     800     400     1400    2200    1700    900     1900    1500    500     600     500     500     
	20479  2023 3900    1400    3900    1400    2000    1900    900     600     1400    400     600     2000    1900    500     1200    900     700     300     400     
	20479  2024 1400    700     1400    700     800     1400    1100    700     500     500     600     800     1400    600     700     1000    600     900     700     
	20479  2025 4300    3200    2700    1200    4200    1600    1000    1100    900     3100    1100    2100    1100    700     1600    900     600     700     1200    
	20479  2026 -999999 1000    -999999 600     -999999 -999999 -999999 600     300     1000    1000    -999999 -999999 -999999 -999999 -999999 -999999 -999999 -999999 
	