EUROPEAN CLIMATE ASSESSMENT & DATASET (ECA&D), file created on: 17-05-2026
THESE DATA CAN BE USED FOR NON-COMMERCIAL RESEARCH AND EDUCATION PROVIDED THAT THE FOLLOWING SOURCE IS ACKNOWLEDGED: 

Klein Tank, A.M.G. and Coauthors, 2002. Daily dataset of 20th-century surface
air temperature and precipitation series for the European Climate Assessment.
Int. J. of Climatol., 22, 1441-1453.
Data and metadata available at http://www.ecad.eu

FILE FORMAT (MISSING VALUE CODE = -999999):

THIS FILE HOLDS DATA FOR STATION NETHERLANDS                              STAPHORST                                (STAID:  20612)
LATITUDE: dd:mm:ss +52:38:53
LONGITUDE: ddd:mm:ss +006:13:00
ELEVATION: m    1

DATA IS FOR INDEX Maximum no of consecutive dry days (RR < 1 mm) (CDD) with unit 0.01 No of days

01-06 SOUID: Source identifier
08-11 YEAR : YYYY
13-20 ANNUAL DATA VALUES
21-28 WINTER HALF YEAR DATA VALUES
29-36 SUMMER HALF YEAR DATA VALUES
37-44 WINTER (DJF) DATA VALUES
45-52 SPRING (MAM) DATA VALUES
53-60 SUMMER (JJA) DATA VALUES
61-68 AUTUMN (SON) DATA VALUES
69-76 JANUARY DATA VALUES
etc. 
157-164 DECEMBER DATA VALUES

20612  1934 -999999 -999999 1900    -999999 -999999 1400    1800    -999999 -999999 -999999 600     1400    1200    1200    1400    700     800     1800    700     
	20612  1935 1800    1600    1800    900     1800    1400    700     900     500     1600    600     1200    400     1000    1400    500     400     700     600     
	20612  1936 2400    2400    1400    1100    2400    1200    1300    400     1100    2400    800     900     1000    400     1200    400     1000    1000    900     
	20612  1937 2000    600     1800    600     1100    1800    2000    600     200     500     600     900     800     600     1200    500     2000    700     500     
	20612  1938 2300    2300    1800    1400    2300    1800    1400    300     1400    2300    1400    700     1800    1000    600     1400    1200    800     1200    
	20612  1939 2500    1300    2500    1300    1500    1700    800     500     800     400     600     1500    1000    500     1700    600     400     300     1500    
	20612  1940 1500    1500    1200    1500    900     1100    900     1400    700     400     700     900     1100    200     700     900     700     500     600     
	20612  1941 1700    1300    1700    1300    1400    1700    1500    1100    600     1100    1000    1400    1500    800     500     1500    800     700     500     
	20612  1942 2000    1800    2000    1500    2000    1100    900     1400    1500    1100    2000    900     1100    400     700     900     400     800     800     
	20612  1943 3600    3600    1900    1300    2300    1900    1500    900     1300    2300    1200    1100    900     1800    500     1000    1400    700     1000    
	20612  1944 2000    1900    2000    1900    1300    2000    900     500     1900    1100    900     700     800     1000    1800    500     900     300     1100    
	20612  1945 1300    1000    1300    500     1300    1000    1300    500     300     1000    1300    1100    700     1000    700     1200    800     1300    600     
	20612  1946 1800    1500    1800    1500    1800    900     1400    1500    400     1000    1700    1200    400     900     400     700     1400    700     1200    
	20612  1947 2300    1800    2300    1800    1500    2300    1000    1200    1800    600     1100    1500    900     1300    2300    700     800     400     200     
	20612  1948 2100    2100    2000    1500    2000    1000    1300    300     1500    1100    2000    1200    900     1000    1000    600     1000    1300    700     
	20612  1949 2200    1800    2200    1800    1600    2200    1800    1000    800     1400    800     900     1900    800     1200    800     1000    600     500     
	20612  1950 -999999 1400    -999999 1400    900     -999999 -999999 1400    400     700     800     900     1300    400     -999999 -999999 -999999 -999999 -999999 
	20612  1951 -999999 -999999 -999999 -999999 -999999 -999999 2700    -999999 -999999 -999999 -999999 -999999 -999999 -999999 700     800     1900    400     600     
	20612  1952 1900    900     1900    800     1900    1000    800     700     800     900     1100    1900    800     800     400     600     800     500     700     
	20612  1953 2500    2000    1400    1100    1600    1000    1800    800     1100    1600    1200    1300    600     600     1000    700     1800    1700    800     
	20612  1954 1800    1800    1300    1800    1600    600     600     1100    700     1600    1200    1300    400     400     600     300     300     600     700     
	20612  1955 1600    1600    1400    1200    1200    1300    900     900     1200    800     1200    800     900     1300    600     600     700     800     500     
	20612  1956 1500    1400    1500    1400    1500    700     1300    500     1400    1200    1500    800     700     300     400     1300    800     1000    600     
	20612  1957 1400    1200    1100    1200    1400    1100    600     1200    400     600     1000    800     1100    300     800     400     500     600     700     
	20612  1958 2900    1300    1200    600     1300    1000    2200    600     200     1300    600     600     1000    700     700     600     800     2200    700     
	20612  1959 2700    2000    2400    2000    2400    1500    2700    500     1900    700     900     2400    1100    1500    800     2000    1800    900     800     
	20612  1960 1400    1400    1400    500     1400    900     900     200     500     1400    800     1200    900     400     700     900     400     400     500     
	20612  1961 1800    1000    1300    1000    1000    700     1800    700     1000    900     800     1000    700     600     700     1300    800     1800    1500    
	20612  1962 2100    2000    1000    1100    1200    800     2100    400     1100    1200    1000    400     800     700     600     400     2100    1300    700     
	20612  1963 2400    2400    1500    1600    900     700     1500    1500    1600    800     600     900     600     700     300     1500    900     500     1600    
	20612  1964 2400    2400    1000    1700    1800    1000    1000    1700    600     1800    800     700     500     1000    700     600     700     900     400     
	20612  1965 1900    1500    1900    800     1300    1200    1900    600     700     1300    500     1000    800     300     1200    1900    1400    1300    300     
	20612  1966 1600    1000    1600    1000    900     1100    1600    1000    600     600     300     900     1100    500     800     1500    900     700     300     
	20612  1967 1800    800     1800    800     800     1800    1400    800     700     700     800     300     1800    700     1100    800     300     1400    400     
	20612  1968 2300    1300    1700    1300    1700    700     1000    400     1300    700     1700    600     600     500     700     900     1000    800     1600    
	20612  1969 2000    1200    2000    1200    1200    2000    2000    1200    500     1200    900     800     900     2000    900     1500    2000    500     600     
	20612  1970 2200    1200    2200    800     1300    2000    1300    800     300     800     300     1300    2000    400     1400    1300    1100    800     1000    
	20612  1971 1800    800     1700    800     1400    1700    1800    800     800     700     1100    800     500     1600    500     1200    1200    600     800     
	20612  1972 2200    1500    1900    1200    1500    1100    2200    1000    800     1500    600     400     400     900     1100    900     1800    300     2100    
	20612  1973 4000    2300    2600    2300    1800    2600    1300    1900    600     1800    700     700     2600    1000    2100    1200    900     500     500     
	20612  1974 3900    1100    2800    1100    3900    1300    500     400     1100    1100    2800    700     800     500     1300    500     300     400     500     
	20612  1975 2000    1100    2000    1100    900     2000    1400    700     1100    400     900     600     1000    700     1400    900     1400    1100    700     
	20612  1976 2500    1500    2500    1500    2500    2500    1000    500     1500    1100    2300    800     1700    1100    2500    1000    800     500     300     
	20612  1977 2200    800     2200    600     1800    1500    2000    400     600     400     700     1800    1200    1500    600     1700    2000    500     600     
	20612  1978 1500    1000    1200    1000    1300    1100    1500    1000    900     400     1100    700     500     1100    800     600     1500    900     800     
	20612  1979 1100    800     1000    800     700     700     1100    800     600     300     700     400     600     700     500     1000    1100    700     400     
	20612  1980 1900    1800    1900    1400    1900    800     700     1400    1400    700     900     1900    500     800     700     700     600     500     400     
	20612  1981 2200    1300    2200    1300    1100    1500    1100    1200    700     600     1100    900     600     600     1500    1100    300     800     600     
	20612  1982 2200    1400    2200    1400    1600    2200    1400    1200    1400    900     1600    1200    500     2200    700     1200    800     600     500     
	20612  1983 2600    1600    1800    1600    1300    1800    2600    300     1600    1300    400     300     900     1600    1800    900     1300    1300    1100    
	20612  1984 2800    1300    2800    1100    1800    2600    900     400     1100    1300    1800    1100    800     700     2600    200     700     900     500     
	20612  1985 2200    2200    1200    2200    900     600     2000    600     2200    500     700     900     300     600     600     900     2000    600     400     
	20612  1986 2400    2400    2300    2400    1100    2300    2100    400     2100    1100    700     900     1900    1300    700     1500    1000    600     500     
	20612  1987 1700    1500    1700    1500    1200    1700    900     1500    1400    1200    900     700     300     1400    400     400     600     900     900     
	20612  1988 1700    1000    1500    1000    1700    1100    1000    1000    500     200     1500    1300    1100    300     900     500     1000    900     500     
	20612  1989 2100    1300    2100    1300    1900    2000    1100    1300    600     700     400     1900    1300    2000    700     900     400     1100    1100    
	20612  1990 2000    1000    1700    1000    1600    1700    2000    500     600     900     500     1600    900     1700    800     600     2000    600     900     
	20612  1991 2700    2100    2600    2100    1200    1200    1400    1100    1000    1200    800     900     200     900     1200    1400    1200    1100    1600    
	20612  1992 1900    1300    1900    1300    1900    1500    1000    1200    700     500     1100    1900    1300    700     500     1000    500     400     1100    
	20612  1993 1800    1800    1100    1800    1000    1100    1700    400     1500    1000    800     800     1100    600     600     500     1100    1600    200     
	20612  1994 1600    1300    1300    1300    900     1300    1600    600     1300    500     900     600     500     1300    800     500     1600    800     600     
	20612  1995 2700    1500    2700    500     1300    2700    1400    500     500     500     700     700     1300    1000    2300    1300    1400    700     1700    
	20612  1996 1800    1800    1300    1800    1600    1300    1000    1800    900     1600    1300    600     800     1300    1100    1000    800     500     1400    
	20612  1997 2000    1900    2000    1900    1900    2000    1600    1800    300     1200    1900    1000    600     700     2000    1600    900     600     500     
	20612  1998 1700    1300    1700    1300    1700    1600    1200    1200    800     1100    300     1700    300     900     1600    900     200     1200    300     
	20612  1999 1900    700     1900    600     1200    1200    1400    300     300     700     800     900     600     900     500     1400    1000    400     200     
	20612  2000 1300    1300    900     1300    900     800     600     1300    300     600     900     800     600     800     600     600     600     500     600     
	20612  2001 1500    1500    1000    1500    1000    1000    700     1500    300     500     500     1000    800     700     1000    200     700     700     1300    
	20612  2002 2300    1100    1300    1100    2300    800     1300    1000    400     1000    1300    700     300     600     800     1300    500     600     1300    
	20612  2003 2200    2200    2200    2200    2200    2200    1200    600     2200    2000    2200    700     1000    1200    2100    900     1100    1200    500     
	20612  2004 1800    1500    1800    500     1800    1500    1000    400     500     1100    1800    1400    800     600     900     1000    1000    300     1400    
	20612  2005 1800    1100    1300    800     1100    1100    1800    600     600     1100    600     700     1100    800     900     1000    1800    400     700     
	20612  2006 1500    1500    1500    1500    1500    1300    1200    1000    800     1200    900     1500    1300    1100    300     1200    1000    600     900     
	20612  2007 4600    1100    3500    800     4600    1300    1300    400     700     1100    3000    700     1300    300     800     600     1300    800     1500    
	20612  2008 1700    1700    1300    1700    1300    800     1000    300     1700    200     1300    1200    700     300     800     1000    600     300     1200    
	20612  2009 1400    1000    1400    1000    1400    1100    1400    800     400     900     1400    500     900     200     900     1400    500     200     500     
	20612  2010 2100    900     2100    900     2100    1000    1400    600     900     500     2100    1700    1000    700     400     400     1200    1400    700     
	20612  2011 2500    1600    1600    700     1600    600     2500    700     700     1600    1600    400     400     500     200     1200    600     2500    500     
	20612  2012 2700    2200    1000    800     2700    800     1000    500     800     2200    500     700     300     700     800     1000    500     700     200     
	20612  2013 2200    1400    2000    900     2200    2000    1300    500     900     1400    1000    600     1100    2000    700     1100    500     400     400     
	20612  2014 1600    1600    1500    500     1600    1000    1500    500     500     1600    500     600     800     1000    600     1500    600     600     600     
	20612  2015 1400    1000    1300    900     1300    800     1400    400     900     1000    1300    1100    700     500     800     600     1000    400     400     
	20612  2016 1700    1300    1300    400     1300    800     1300    200     400     1300    500     1100    800     400     700     1300    1100    1000    1000    
	20612  2017 1400    1400    1300    1400    1300    1200    800     1400    800     1100    1000    1300    1200    400     1000    800     700     400     400     
	20612  2018 3600    1200    3600    1200    900     3600    2000    900     1200    500     900     800     900     2700    800     800     2000    700     500     
	20612  2019 1500    1000    1500    1000    1000    1500    700     500     1000    700     1000    900     1000    1000    700     600     500     700     700     
	20612  2020 4600    1900    2700    700     4600    900     1600    700     500     1900    2700    1100    900     400     900     1600    600     900     400     
	20612  2021 -999999 -999999 -999999 -999999 1500    -999999 1500    -999999 1000    900     1500    400     1200    -999999 400     1500    500     700     1000    
	20612  2022 3100    1900    3100    700     3100    1400    1100    700     400     1500    2100    1000    1400    800     1400    500     1100    500     1000    
	20612  2023 2900    1100    2900    1100    1000    1900    1000    600     1100    400     700     1000    1900    300     1100    1000    700     200     500     
	20612  2024 1200    -999999 1200    -999999 800     1000    1200    600     -999999 800     500     800     800     400     700     1200    500     900     700     
	20612  2025 2200    2200    1900    1400    2200    1400    800     1400    900     2100    1400    1900    1300    500     1400    500     800     600     1200    
	20612  2026 -999999 -999999 -999999 1300    -999999 -999999 -999999 1300    500     -999999 -999999 -999999 -999999 -999999 -999999 -999999 -999999 -999999 -999999 
	