EUROPEAN CLIMATE ASSESSMENT & DATASET (ECA&D), file created on: 17-05-2026
THESE DATA CAN BE USED FOR NON-COMMERCIAL RESEARCH AND EDUCATION PROVIDED THAT THE FOLLOWING SOURCE IS ACKNOWLEDGED: 

Klein Tank, A.M.G. and Coauthors, 2002. Daily dataset of 20th-century surface
air temperature and precipitation series for the European Climate Assessment.
Int. J. of Climatol., 22, 1441-1453.
Data and metadata available at http://www.ecad.eu

FILE FORMAT (MISSING VALUE CODE = -999999):

THIS FILE HOLDS DATA FOR STATION NETHERLANDS                              'S-HERTOGENBOSCH                         (STAID:  20469)
LATITUDE: dd:mm:ss +51:41:51
LONGITUDE: ddd:mm:ss +005:18:18
ELEVATION: m    3

DATA IS FOR INDEX Maximum no of consecutive dry days (RR < 1 mm) (CDD) with unit 0.01 No of days

01-06 SOUID: Source identifier
08-11 YEAR : YYYY
13-20 ANNUAL DATA VALUES
21-28 WINTER HALF YEAR DATA VALUES
29-36 SUMMER HALF YEAR DATA VALUES
37-44 WINTER (DJF) DATA VALUES
45-52 SPRING (MAM) DATA VALUES
53-60 SUMMER (JJA) DATA VALUES
61-68 AUTUMN (SON) DATA VALUES
69-76 JANUARY DATA VALUES
etc. 
157-164 DECEMBER DATA VALUES

20469  1871 -999999 -999999 -999999 -999999 -999999 1700    1700    -999999 -999999 -999999 -999999 1300    500     700     1700    1100    1300    700     1100    
	20469  1872 1500    1400    1200    1400    1000    1100    1200    500     600     1000    800     800     800     900     1100    1200    1200    500     1000    
	20469  1873 3100    3100    1900    3100    2900    900     1500    1000    2100    2400    1100    1600    600     800     700     1300    800     1200    1800    
	20469  1874 2300    900     2300    900     2300    2100    1000    600     900     700     2000    700     1200    2000    1400    500     1000    900     1800    
	20469  1875 2800    1500    2800    1500    2800    1100    1700    600     1200    1100    2600    1000    700     900     700     1700    800     1000    800     
	20469  1876 1700    1600    1600    1600    1200    1600    1700    1400    500     600     800     1200    1400    1500    1600    400     1700    600     800     
	20469  1877 1200    600     1200    400     1000    1200    1200    400     100     300     700     800     800     400     500     600     600     400     500     
	20469  1878 1200    700     1200    700     1200    1000    1000    500     700     600     1200    500     1000    1000    900     800     1000    700     1100    
	20469  1879 2500    2500    1700    2500    1700    700     1700    1800    800     1700    500     1100    400     500     700     1700    1200    700     2400    
	20469  1880 3900    2600    3200    2600    3200    1700    1000    1500    1100    1900    1000    2600    500     600     1700    800     500     1000    600     
	20469  1881 1200    1000    1100    900     1200    1000    1000    800     900     1000    1000    1100    1000    800     700     500     800     600     1000    
	20469  1882 1800    1800    800     1800    900     800     500     1800    700     900     800     500     500     500     500     500     400     300     600     
	20469  1883 3800    900     3700    900     3800    1200    1100    900     900     900     3000    1300    500     300     1200    1100    900     400     400     
	20469  1884 1900    1100    1900    700     1900    1700    1300    700     700     800     1900    1200    1400    400     1200    1300    900     900     700     
	20469  1885 3300    1200    3300    1200    1300    3300    900     1200    600     1100    1300    400     1000    3100    700     500     400     900     1700    
	20469  1886 2300    2300    1900    2300    1900    1800    1200    200     2300    1700    1900    1000    700     1100    700     1200    900     800     400     
	20469  1887 3100    2600    3100    1800    1600    3100    1400    1100    1700    1600    900     500     2700    1000    1500    900     1400    900     400     
	20469  1888 2400    2100    2400    2100    2400    900     1500    2000    1100    300     600     2400    400     400     900     1200    1500    900     1300    
	20469  1889 1300    900     1100    900     1000    1100    1300    800     400     600     1000    400     1100    600     500     1000    600     1300    700     
	20469  1890 2700    2700    1400    2700    1100    700     1400    400     2600    1100    800     900     700     700     400     1400    700     700     1800    
	20469  1891 2600    2600    1100    2500    800     600     2200    500     2500    800     500     500     600     500     500     1100    1100    800     1100    
	20469  1892 1700    1100    1400    1100    1700    1100    700     700     1000    1000    1400    1200    600     1100    1000    500     700     500     1600    
	20469  1893 4500    1400    3100    1200    4500    1700    1000    1200    400     1400    3000    1400    1700    700     1300    700     900     1000    700     
	20469  1894 2500    1700    1100    1500    2500    1100    1100    1500    600     1700    800     800     1000    500     400     1100    700     1000    700     
	20469  1895 1900    1100    1800    1100    1200    900     1900    500     1100    800     1000    1200    900     700     900     1800    500     400     900     
	20469  1896 2000    1700    2000    1700    2000    1300    1100    900     1700    700     800     1900    1100    800     800     300     300     1100    400     
	20469  1897 2300    1100    1400    1100    1400    1100    2300    1100    900     700     800     1400    800     1100    400     700     1200    1100    1300    
	20469  1898 1400    900     1400    900     1000    1400    1400    900     400     800     1000    800     1300    1400    1300    1100    1100    700     700     
	20469  1899 3100    3100    2400    1500    1800    2300    1900    1100    1300    1800    300     700     2000    1100    1600    400     1200    1900    1000    
	20469  1900 1800    1800    1600    500     1400    1000    1600    400     500     1400    1400    1400    500     1000    600     1600    500     900     500     
	20469  1901 1700    1700    1400    1700    1400    1100    1500    1700    900     1000    900     1400    1100    1000    1000    700     800     800     400     
	20469  1902 1700    1700    1300    1700    700     800     1300    900     1700    700     700     500     700     800     300     1300    500     1000    1100    
	20469  1903 1800    1100    1800    1100    1000    1800    1000    1100    1000    900     400     1000    1300    800     600     1000    600     700     1800    
	20469  1904 2800    1400    2800    1400    1300    2800    1100    1300    700     1100    1300    1000    700     2300    900     800     800     1100    1000    
	20469  1905 1100    900     1100    900     1100    700     500     900     700     500     600     1100    700     500     600     500     300     400     600     
	20469  1906 2300    600     1700    600     2300    1200    1100    400     600     600     1700    500     1200    900     600     1000    900     500     900     
	20469  1907 1600    1200    1600    1200    1100    1600    1400    1200    700     900     900     800     500     1600    200     1400    500     900     800     
	20469  1908 3200    1600    1800    1300    1600    1800    3200    800     1100    1600    400     500     1200    700     500     1000    2100    1100    1200    
	20469  1909 1800    1300    1600    1300    1000    1600    700     1200    1300    800     1000    900     1600    600     600     700     600     600     1000    
	20469  1910 1900    1300    1500    1200    1900    1100    1500    900     400     1300    600     900     1100    700     600     1500    1500    500     500     
	20469  1911 2900    2900    2600    2900    1500    2600    1200    1900    1000    1100    1500    800     800     2400    2600    1200    700     500     300     
	20469  1912 2500    1300    2500    1300    2500    1500    2000    1300    600     400     2000    500     400     1500    300     700     1300    400     700     
	20469  1913 2800    2800    1600    2600    600     1600    1200    1000    2600    400     600     600     500     500     1600    800     700     400     600     
	20469  1914 1700    1600    1700    1600    1400    1700    1200    1600    1000    400     1400    900     900     400     1700    900     700     1200    400     
	20469  1915 2100    1000    2100    1000    1300    1400    2100    1000    800     900     1300    1300    1400    500     900     2100    1400    600     200     
	20469  1916 2400    900     2400    700     1300    2400    1400    600     400     900     800     600     800     1500    900     1200    600     1000    500     
	20469  1917 2800    2800    1700    2800    1700    900     1300    1200    1600    700     1100    600     600     900     300     1100    400     1000    700     
	20469  1918 1900    1900    1500    1300    1800    1200    700     900     600     1800    700     1200    800     400     1200    200     700     600     500     
	20469  1919 2100    2000    2100    2000    1900    1500    1700    700     1500    400     800     1900    1100    600     1500    1700    800     300     900     
	20469  1920 2800    1300    1700    1300    1000    1700    2800    700     1300    1000    200     400     1700    400     800     1000    1600    1300    1200    
	20469  1921 2900    1400    1700    1300    1400    1100    2200    500     1300    1400    700     700     900     1100    500     1700    900     2200    800     
	20469  1922 2300    1500    2300    1100    2200    700     1600    400     1100    1500    700     2200    700     700     700     300     1600    800     600     
	20469  1923 2400    1500    2400    700     1600    2400    900     500     700     1500    800     500     1000    1400    1400    900     300     600     700     
	20469  1924 1800    1800    1100    1100    1800    1100    1800    700     1100    1800    900     300     1000    1000    400     600     900     1800    1100    
	20469  1925 2100    800     2100    800     1200    2000    1300    800     500     600     1000    1200    2000    600     600     500     1000    1100    800     
	20469  1926 2000    1600    2000    900     1600    2000    800     700     900     1600    900     800     1700    1000    800     800     600     300     1200    
	20469  1927 2600    1200    1700    1200    1700    800     1300    500     1000    1100    700     1200    300     600     600     800     1300    600     2000    
	20469  1928 1900    1900    1700    1300    1300    1700    1300    400     1300    1300    600     1100    800     1700    400     1300    800     700     1200    
	20469  1929 4400    4400    2100    2300    2100    2100    1100    1400    2300    2100    1000    1400    500     2100    1300    1100    600     600     500     
	20469  1930 2000    1700    2000    1400    1500    2000    700     1100    1300    1200    1000    500     2000    500     800     500     700     500     600     
	20469  1931 2000    1000    2000    600     1200    2000    1400    400     600     1000    600     800     1600    400     800     700     1200    1400    1300    
	20469  1932 2100    1900    1900    1500    1900    1900    1000    1500    1200    1900    400     500     1900    400     700     500     500     1000    2100    
	20469  1933 2400    1800    1400    1800    1300    1400    1500    1800    1100    1200    1300    1000    800     800     1400    1100    800     1500    1700    
	20469  1934 2700    2700    2000    2600    1600    1600    1600    700     2600    900     700     1500    1300    1300    1000    800     500     1600    500     
	20469  1935 1900    1700    1900    600     1900    1400    500     600     500     1700    600     1300    400     1200    1400    400     500     500     500     
	20469  1936 1900    1900    1300    1200    1900    1200    1100    600     1200    1900    800     800     600     500     1200    400     1000    1100    900     
	20469  1937 1800    600     1800    600     1200    1100    1000    600     200     400     400     1200    600     500     1000    400     1000    600     600     
	20469  1938 2300    2300    1700    1300    2300    1700    1300    400     1300    2300    900     1400    1700    1000    900     1200    800     1300    1000    
	20469  1939 2300    1400    2300    1400    1300    1000    1200    700     700     600     600     1300    1000    600     1000    800     400     300     1700    
	20469  1940 2100    1500    2100    1500    2100    1000    1300    600     600     1100    500     2100    1000    300     800     1000    1300    500     1400    
	20469  1941 2400    1200    1600    1200    1300    1000    2400    1200    300     1200    900     1300    1000    1000    300     1600    800     1300    500     
	20469  1942 -999999 -999999 -999999 -999999 -999999 -999999 -999999 -999999 -999999 -999999 -999999 -999999 -999999 -999999 -999999 -999999 -999999 -999999 -999999 
	20469  1943 -999999 -999999 -999999 -999999 -999999 -999999 -999999 -999999 -999999 -999999 -999999 -999999 -999999 -999999 -999999 -999999 -999999 -999999 -999999 
	20469  1944 -999999 -999999 -999999 -999999 -999999 -999999 -999999 -999999 -999999 -999999 -999999 -999999 -999999 -999999 -999999 -999999 -999999 -999999 -999999 
	20469  1945 -999999 -999999 -999999 -999999 -999999 -999999 -999999 -999999 -999999 -999999 -999999 -999999 -999999 -999999 -999999 -999999 -999999 -999999 -999999 
	20469  1946 -999999 -999999 -999999 -999999 -999999 -999999 -999999 -999999 -999999 -999999 -999999 -999999 -999999 -999999 -999999 -999999 -999999 -999999 -999999 
	20469  1947 -999999 -999999 -999999 -999999 -999999 -999999 -999999 -999999 -999999 -999999 -999999 -999999 -999999 -999999 -999999 -999999 -999999 -999999 -999999 
	20469  1948 -999999 -999999 -999999 -999999 -999999 -999999 -999999 -999999 -999999 -999999 -999999 -999999 -999999 -999999 -999999 -999999 -999999 -999999 -999999 
	20469  1949 -999999 -999999 -999999 -999999 -999999 -999999 -999999 -999999 -999999 -999999 -999999 -999999 -999999 -999999 -999999 -999999 -999999 -999999 -999999 
	20469  1950 -999999 -999999 -999999 -999999 -999999 -999999 -999999 -999999 -999999 -999999 -999999 -999999 -999999 -999999 -999999 -999999 -999999 -999999 -999999 
	20469  1951 2200    -999999 1500    -999999 1000    1000    2200    400     600     900     1000    500     1000    900     700     700     1900    300     800     
	20469  1952 2200    2200    1800    1900    1800    1100    800     500     1900    700     1200    1800    800     700     1100    800     800     600     500     
	20469  1953 1700    1700    1700    1400    1600    1700    1200    1400    700     1600    1000    1300    600     900     1700    700     1000    1100    800     
	20469  1954 1800    1800    1300    1800    1600    800     700     1100    700     1600    1100    700     600     700     300     300     700     600     600     
	20469  1955 1900    1000    1900    900     1900    1300    1100    900     600     800     1900    800     1300    900     1200    800     700     1100    500     
	20469  1956 1500    1300    1300    1300    1500    800     1300    500     1300    1200    900     800     800     400     500     1300    1000    1000    400     
	20469  1957 1500    1200    1100    1200    1500    900     1000    1200    300     600     1100    800     700     600     700     300     1000    800     600     
	20469  1958 2900    1400    1200    800     1300    1200    2200    500     500     1300    600     600     1200    700     700     1100    800     2200    700     
	20469  1959 3000    2800    3000    2800    2400    1800    2000    800     2000    400     900     2400    1600    1800    1000    2000    1000    800     800     
	20469  1960 1500    900     1500    500     1400    1500    900     500     500     900     600     1100    1500    500     500     900     300     400     400     
	20469  1961 1500    1500    1300    600     1500    700     1300    500     600     1500    900     1000    700     700     700     1300    800     900     1500    
	20469  1962 2100    1900    1500    1200    1500    900     2100    500     1200    1100    1000    500     900     400     500     600     2100    600     700     
	20469  1963 2600    2100    2100    1900    1000    1700    1100    1600    1300    800     800     900     1200    1700    300     1100    1000    900     1700    
	20469  1964 2400    2400    1500    1200    1200    1500    1000    1100    1200    1200    800     600     800     800     1200    800     700     900     500     
	20469  1965 1500    1500    1100    1000    1300    1100    1400    500     1000    1300    500     700     800     300     700     1000    1400    1400    400     
	20469  1966 1600    1100    1600    1100    1600    1000    1600    1100    600     600     300     1600    1000    400     800     1600    800     400     100     
	20469  1967 1300    1100    1300    1100    800     1300    1100    1100    900     700     700     300     1300    800     1200    900     300     1100    400     
	20469  1968 2200    1200    1900    800     1900    1100    1600    400     800     700     1900    500     600     900     500     700     1000    1600    1500    
	20469  1969 2000    1200    2000    1200    1100    1200    2000    1200    400     1100    1000    400     1100    1200    900     2000    1800    300     700     
	20469  1970 2500    1200    2500    600     1200    2300    1300    500     400     400     500     1200    2300    1000    1200    1300    1100    900     1000    
	20469  1971 2100    1100    2100    1100    2000    2100    1500    900     1100    500     1500    800     500     2000    700     1300    1100    500     900     
	20469  1972 3100    1800    1900    1800    1500    1100    3100    900     800     1500    900     500     600     900     1100    1200    1900    700     1800    
	20469  1973 3700    2300    2500    2300    1000    2500    1300    1900    500     1000    600     400     2500    400     1200    1300    900     600     600     
	20469  1974 2900    1000    2200    1000    2900    1000    400     500     1000    700     2200    900     800     500     1000    300     300     400     500     
	20469  1975 1500    1100    1500    1100    1400    900     1400    600     1100    200     900     1400    600     600     900     400     1400    700     700     
	20469  1976 2300    1500    2300    1500    1900    2300    1000    500     1500    1100    1700    600     1700    1100    2300    400     800     400     400     
	20469  1977 2300    1300    2300    600     1000    1700    2300    400     400     1000    600     1000    900     1600    800     2300    1100    500     900     
	20469  1978 1700    1300    1700    1300    1000    1700    1400    900     1300    500     900     800     800     1000    1700    500     1400    1000    800     
	20469  1979 1400    700     1400    700     700     1400    1300    700     500     400     700     400     600     800     500     800     1300    700     200     
	20469  1980 1900    1900    1200    1400    1200    1100    1100    1400    1400    700     1000    1200    1100    800     700     700     500     500     400     
	20469  1981 3200    1900    2700    1900    3200    1100    1000    600     1900    500     2700    300     1000    600     1100    900     200     400     600     
	20469  1982 1800    1500    1800    1500    1800    1300    1800    1100    1500    800     1800    900     400     1000    1300    1800    800     600     900     
	20469  1983 2700    1700    2200    1700    1200    2200    2700    400     1700    1200    400     200     1300    2200    1500    600     700     2300    600     
	20469  1984 2200    1300    2200    1100    1800    2000    700     400     1100    1300    1800    1200    700     1600    2000    200     700     700     600     
	20469  1985 2000    2000    1000    2000    1000    700     1100    900     2000    500     1000    700     300     700     400     800     1100    500     500     
	20469  1986 3500    3500    1500    3200    1100    1500    3200    400     2800    1100    600     700     700     1500    1300    1500    1700    600     500     
	20469  1987 1600    1300    1600    1300    1200    1600    1200    1300    700     1200    1000    700     300     1300    700     600     600     900     900     
	20469  1988 2400    1100    2400    1100    800     2400    1100    1100    400     300     800     800     2400    400     700     600     1100    800     700     
	20469  1989 2000    1300    2000    1300    1800    1700    1000    1000    800     700     500     1800    1700    1200    1200    900     700     1000    1100    
	20469  1990 2000    1200    1700    1200    1600    1700    1000    1200    600     900     500     1600    1100    1700    900     600     1000    600     900     
	20469  1991 2500    1900    2300    1900    1600    1100    1400    1200    1200    1200    800     1600    600     500     1000    1400    1200    1000    1500    
	20469  1992 1400    1300    1200    1300    1200    1100    1400    1200    600     500     900     1200    900     700     700     900     700     400     900     
	20469  1993 1700    1000    800     900     1000    800     1600    700     900     1000    800     700     700     400     600     500     1000    1600    200     
	20469  1994 1800    1000    1800    1000    900     1800    1700    500     1000    800     900     500     500     1800    600     500     1700    500     600     
	20469  1995 2800    1300    2800    400     1900    2800    1200    300     300     500     800     1500    1300    1100    2400    1000    1200    1100    1600    
	20469  1996 3200    3200    2000    3200    2000    1900    800     2200    1000    1600    1900    600     1900    1300    800     800     800     500     1400    
	20469  1997 2000    1800    2000    1800    1900    2000    1700    1800    500     1200    1900    900     600     700     2000    1700    1100    600     600     
	20469  1998 1800    1300    1800    1300    1700    1800    1100    1200    1300    1200    300     1700    400     600     1700    1100    400     700     300     
	20469  1999 1900    700     1900    600     1200    1200    1400    300     500     700     800     900     600     900     600     1400    1100    300     400     
	20469  2000 1500    1300    1500    1300    1500    1200    800     1300    400     500     800     700     800     800     1200    800     400     300     800     
	20469  2001 1300    900     1300    900     1300    1100    800     900     400     400     300     1300    1100    900     800     300     800     500     1300    
	20469  2002 2400    1100    1300    1000    2400    900     1100    900     500     1100    1300    700     500     600     900     1100    500     300     1100    
	20469  2003 2800    2100    2800    2100    2000    2800    1100    600     2100    2000    1800    700     900     1600    2700    1100    1100    1100    1000    
	20469  2004 1800    1000    1800    1000    1800    1400    900     200     700     500     1800    1200    700     500     900     900     800     400     1500    
	20469  2005 1800    1000    1500    1000    900     1500    1800    500     600     900     500     700     1500    1100    700     800     1800    600     900     
	20469  2006 2700    1500    2700    1500    1400    1500    2700    1100    500     1300    900     1400    1200    1500    300     2700    700     600     900     
	20469  2007 3800    800     3500    800     3800    800     1000    300     600     700     3000    500     700     500     700     600     1000    400     1500    
	20469  2008 1700    1700    1400    1700    1400    900     900     500     1700    300     600     1300    700     400     900     900     700     600     1100    
	20469  2009 1400    1000    1400    1000    1200    1400    1400    800     400     800     900     800     900     500     700     1400    700     400     500     
	20469  2010 2100    1300    2100    1300    2100    1300    1200    1300    1100    600     2100    800     1100    1000    400     500     1200    400     600     
	20469  2011 2500    1300    1500    1000    1500    700     2500    500     1000    1200    1500    800     400     400     400     900     600     2500    300     
	20469  2012 2300    2100    1600    900     2300    1600    1100    500     900     2100    500     700     600     700     1600    1000    1100    400     400     
	20469  2013 2300    1100    2300    800     1900    2300    1300    500     800     1100    800     700     1100    2300    700     1100    500     800     500     
	20469  2014 1700    1600    1700    600     1600    800     1700    500     600     1600    800     500     800     700     200     1700    500     600     600     
	20469  2015 1600    1600    1200    1600    1600    1100    1400    400     1600    1600    1200    600     1100    400     800     600     1000    400     500     
	20469  2016 1500    1500    1500    600     1500    1000    1300    600     600     1500    500     1500    1000    700     900     1300    1200    900     700     
	20469  2017 1200    1100    1200    800     1100    1200    900     800     800     1100    1000    700     1200    400     900     800     900     500     300     
	20469  2018 4700    1500    4700    1400    800     4700    2400    400     1400    500     700     800     2200    2500    600     700     2400    1500    600     
	20469  2019 2100    1000    2100    1000    2100    2000    1000    600     1000    700     2100    900     1100    1100    900     1000    500     400     500     
	20469  2020 5000    2000    3000    400     5000    2000    1800    300     400     2000    3000    2100    800     900     1400    1800    800     1000    400     
	20469  2021 -999999 -999999 -999999 -999999 1800    -999999 1200    -999999 600     700     1800    400     1200    -999999 400     1200    600     700     1000    
	20469  2022 3300    3300    3200    700     3200    1900    1100    700     300     3000    2200    1000    1000    1900    1600    400     1100    700     900     
	20469  2023 3800    1100    3800    1100    1900    1900    900     400     1100    400     600     1900    1900    600     1200    900     700     300     200     
	20469  2024 1400    -999999 1400    -999999 900     1400    1200    700     -999999 900     500     800     700     600     1400    1200    400     1000    600     
	20469  2025 2900    2800    2900    1000    2900    1600    1300    600     900     2700    1100    2300    1600    700     1600    1000    1300    800     1300    
	20469  2026 -999999 -999999 -999999 1200    -999999 -999999 -999999 1200    600     -999999 -999999 -999999 -999999 -999999 -999999 -999999 -999999 -999999 -999999 
	