EUROPEAN CLIMATE ASSESSMENT & DATASET (ECA&D), file created on: 17-05-2026
THESE DATA CAN BE USED FOR NON-COMMERCIAL RESEARCH AND EDUCATION PROVIDED THAT THE FOLLOWING SOURCE IS ACKNOWLEDGED: 

Klein Tank, A.M.G. and Coauthors, 2002. Daily dataset of 20th-century surface
air temperature and precipitation series for the European Climate Assessment.
Int. J. of Climatol., 22, 1441-1453.
Data and metadata available at http://www.ecad.eu

FILE FORMAT (MISSING VALUE CODE = -999999):

THIS FILE HOLDS DATA FOR STATION NETHERLANDS                              KADIJK BIJ TERWOLDE                      (STAID:  20544)
LATITUDE: dd:mm:ss +52:15:52
LONGITUDE: ddd:mm:ss +006:38:15
ELEVATION: m    3

DATA IS FOR INDEX Maximum no of consecutive dry days (RR < 1 mm) (CDD) with unit 0.01 No of days

01-06 SOUID: Source identifier
08-11 YEAR : YYYY
13-20 ANNUAL DATA VALUES
21-28 WINTER HALF YEAR DATA VALUES
29-36 SUMMER HALF YEAR DATA VALUES
37-44 WINTER (DJF) DATA VALUES
45-52 SPRING (MAM) DATA VALUES
53-60 SUMMER (JJA) DATA VALUES
61-68 AUTUMN (SON) DATA VALUES
69-76 JANUARY DATA VALUES
etc. 
157-164 DECEMBER DATA VALUES

20544  1904 -999999 -999999 -999999 -999999 -999999 -999999 -999999 -999999 -999999 -999999 -999999 -999999 -999999 -999999 -999999 -999999 -999999 1100    1100    
	20544  1905 1800    -999999 1600    1800    1200    1300    1000    1800    700     600     1100    1200    1300    400     600     800     500     1000    700     
	20544  1906 1800    800     1700    600     1800    1100    1200    400     600     800     1700    500     1100    700     700     1100    900     600     900     
	20544  1907 1600    1000    1600    800     1500    1600    1500    800     700     1000    700     500     200     1600    400     1500    500     1100    900     
	20544  1908 1500    1400    1500    1400    800     1500    1400    900     1100    800     800     600     1200    900     600     1000    1400    800     1200    
	20544  1909 1300    1300    1200    1300    1000    1200    1300    1000    1300    400     1000    1000    800     600     1200    1100    700     800     900     
	20544  1910 1800    1300    1500    800     1500    1200    1800    800     400     1300    400     1200    900     1000    1200    1500    1700    600     400     
	20544  1911 2200    1100    2200    1100    1500    1600    1200    1100    800     700     1500    1100    500     1000    1600    1200    700     500     600     
	20544  1912 1800    800     1800    800     1800    1600    1700    800     500     500     1700    900     600     1600    500     1700    1200    300     500     
	20544  1913 1900    1900    1700    1900    1100    1700    1400    1400    1900    300     900     300     800     900     1700    1000    800     400     600     
	20544  1914 2500    1700    2500    1700    2500    1300    1400    1700    1000    400     2100    1000    900     600     1300    1000    1400    1200    500     
	20544  1915 1500    900     1200    900     1100    1200    1500    900     300     700     700     1100    1200    700     700     900     1500    600     500     
	20544  1916 2700    800     2700    500     1300    2700    1100    500     400     800     800     1200    400     1400    1300    1000    1100    900     500     
	20544  1917 2400    1700    2400    1700    2400    1000    900     1200    1600    1700    1100    1300    900     1000    700     800     500     900     1000    
	20544  1918 1900    1900    1100    1200    1800    1100    800     700     800     1800    700     1000    600     700     700     300     700     800     600     
	20544  1919 2100    2100    2100    2100    2000    1500    1200    700     1600    900     800     2000    1500    800     1400    1200    1000    800     800     
	20544  1920 2900    1400    1200    1400    1200    1200    2900    600     1400    1200    500     500     1200    300     700     1000    1600    1400    1600    
	20544  1921 3100    1400    2000    900     1300    2000    2300    400     900     1300    700     600     900     2000    1300    1200    1500    2300    800     
	20544  1922 1700    1800    1400    1200    1500    1200    1700    1200    1100    1500    700     1200    1200    400     500     400     1400    1700    900     
	20544  1923 1500    1500    1400    800     1500    1400    800     500     700     1500    900     500     900     1400    1400    800     300     800     800     
	20544  1924 2300    2300    1200    2300    1900    1200    1500    1200    2300    1900    900     500     1000    900     500     400     800     1500    1200    
	20544  1925 1700    1200    1700    1200    1200    1600    1300    1200    500     600     1000    1200    1600    800     500     500     1100    700     700     
	20544  1926 1400    800     1400    600     1000    1000    800     500     600     800     600     400     500     1000    900     800     600     600     900     
	20544  1927 1800    1100    1600    1000    1600    800     1300    700     1000    1100    700     1100    400     400     600     900     1300    600     1200    
	20544  1928 2100    1700    2100    1200    1300    1800    2000    400     1200    1300    800     700     600     1800    900     2000    400     700     500     
	20544  1929 2400    1800    2400    1400    2300    1900    900     1300    1300    1800    1000    2300    700     1900    1300    800     700     700     800     
	20544  1930 2200    2200    1300    2200    1400    1000    600     1900    1300    1200    700     600     1000    500     800     500     600     600     800     
	20544  1931 2100    1200    2100    1000    1200    2100    1200    500     800     1200    300     800     1600    500     1000    600     1200    1200    600     
	20544  1932 -999999 1800    -999999 1300    -999999 -999999 -999999 1300    700     1800    -999999 -999999 -999999 -999999 -999999 -999999 -999999 -999999 -999999 
	20544  1933 -999999 -999999 -999999 -999999 -999999 -999999 -999999 -999999 -999999 -999999 -999999 -999999 -999999 -999999 -999999 -999999 -999999 -999999 -999999 
	20544  1934 -999999 -999999 -999999 -999999 -999999 -999999 -999999 -999999 -999999 -999999 -999999 -999999 -999999 -999999 -999999 -999999 -999999 -999999 -999999 
	20544  1935 -999999 -999999 -999999 -999999 -999999 -999999 -999999 -999999 -999999 -999999 -999999 -999999 -999999 -999999 -999999 -999999 -999999 -999999 -999999 
	20544  1936 -999999 -999999 -999999 -999999 -999999 -999999 -999999 -999999 -999999 -999999 -999999 -999999 -999999 -999999 -999999 -999999 -999999 -999999 -999999 
	20544  1937 -999999 -999999 -999999 -999999 -999999 -999999 -999999 -999999 -999999 -999999 -999999 -999999 -999999 -999999 -999999 -999999 -999999 -999999 -999999 
	20544  1938 -999999 -999999 -999999 -999999 -999999 -999999 -999999 -999999 -999999 -999999 -999999 -999999 -999999 -999999 -999999 -999999 -999999 -999999 -999999 
	20544  1939 -999999 -999999 -999999 -999999 -999999 -999999 -999999 -999999 -999999 -999999 -999999 -999999 -999999 -999999 -999999 -999999 -999999 -999999 -999999 
	20544  1940 -999999 -999999 -999999 -999999 -999999 -999999 -999999 -999999 -999999 -999999 -999999 -999999 -999999 -999999 -999999 -999999 -999999 -999999 -999999 
	20544  1941 -999999 -999999 -999999 -999999 -999999 -999999 -999999 -999999 -999999 -999999 -999999 -999999 -999999 -999999 -999999 -999999 -999999 -999999 -999999 
	20544  1942 -999999 -999999 -999999 -999999 -999999 -999999 -999999 -999999 -999999 -999999 -999999 -999999 -999999 -999999 -999999 -999999 -999999 -999999 -999999 
	20544  1943 -999999 -999999 -999999 -999999 -999999 -999999 -999999 -999999 -999999 -999999 -999999 -999999 -999999 -999999 -999999 -999999 -999999 -999999 -999999 
	20544  1944 -999999 -999999 -999999 -999999 -999999 -999999 -999999 -999999 -999999 -999999 -999999 -999999 -999999 -999999 -999999 -999999 -999999 -999999 -999999 
	20544  1945 -999999 -999999 -999999 -999999 -999999 -999999 -999999 -999999 -999999 -999999 -999999 -999999 -999999 -999999 -999999 -999999 -999999 -999999 -999999 
	20544  1946 -999999 -999999 -999999 -999999 -999999 -999999 -999999 -999999 -999999 -999999 -999999 -999999 -999999 -999999 -999999 -999999 -999999 -999999 -999999 
	20544  1947 -999999 -999999 -999999 -999999 -999999 -999999 -999999 -999999 -999999 -999999 -999999 -999999 -999999 -999999 -999999 -999999 -999999 -999999 -999999 
	20544  1948 -999999 -999999 -999999 -999999 -999999 -999999 -999999 -999999 -999999 -999999 -999999 -999999 -999999 -999999 -999999 -999999 -999999 -999999 -999999 
	20544  1949 -999999 -999999 -999999 -999999 -999999 -999999 -999999 -999999 -999999 -999999 -999999 -999999 -999999 -999999 -999999 -999999 -999999 -999999 -999999 
	20544  1950 -999999 -999999 -999999 -999999 -999999 -999999 -999999 -999999 -999999 -999999 -999999 -999999 -999999 -999999 -999999 -999999 -999999 -999999 -999999 
	20544  1951 2700    -999999 1300    -999999 1000    800     2700    900     900     900     1000    900     800     800     700     800     1900    300     700     
	20544  1952 1300    1000    1300    1000    1300    1000    1100    500     1000    1000    1300    1300    800     1000    600     1100    800     700     1100    
	20544  1953 2400    2000    1600    1100    1600    1600    1800    800     1100    1600    1400    700     800     400     1600    700     1800    1600    900     
	20544  1954 1700    1700    1600    1700    1700    700     800     1100    600     1700    1100    1600    500     400     600     600     700     800     600     
	20544  1955 1600    1600    1300    1200    1200    1300    1000    900     1200    900     1200    300     1300    1200    900     1000    700     600     400     
	20544  1956 1500    1200    1300    1200    1500    500     1300    600     800     1200    1200    800     500     300     300     1300    800     900     700     
	20544  1957 1400    1200    1100    1200    1400    900     700     1200    300     600     1100    800     600     700     700     300     500     700     600     
	20544  1958 1600    1300    1100    600     1300    1000    1600    500     600     1300    800     400     900     1000    600     500     800     1600    500     
	20544  1959 3000    2100    3000    2100    1600    1700    2700    500     2000    700     1000    1600    1500    1700    1000    2000    1800    1700    800     
	20544  1960 1400    1400    1200    500     1400    900     800     400     500     1400    600     1100    900     400     400     800     300     400     600     
	20544  1961 1500    1000    1000    1000    900     700     1300    700     1000    900     700     600     700     600     600     1000    1300    1300    1500    
	20544  1962 2100    1500    1700    1300    1700    900     2100    400     1300    800     1200    500     900     500     500     700     2100    900     700     
	20544  1963 2100    2000    1200    1200    800     1100    1100    1000    1200    800     600     800     400     1100    400     1100    1000    600     1600    
	20544  1964 3000    3000    1500    1400    1800    1200    900     1400    1200    1800    700     1000    500     1000    1200    700     700     900     700     
	20544  1965 2100    1000    2100    1000    800     1100    2100    500     1000    700     400     700     800     200     1100    2100    1400    1400    400     
	20544  1966 1500    1200    1500    1200    700     1000    1500    1200    600     700     500     600     1000    300     800     1500    800     500     400     
	20544  1967 1200    900     1200    900     800     1200    1000    900     700     700     800     400     1100    800     1200    600     600     1000    400     
	20544  1968 2600    1200    2400    800     2400    700     1000    400     800     400     2400    700     600     600     700     700     1000    1000    1900    
	20544  1969 2000    1700    1800    1100    1000    1200    2000    1000    800     900     1000    600     1100    1200    600     1500    2000    300     1000    
	20544  1970 2400    1200    2400    800     1000    2300    1200    800     400     800     300     1000    2300    400     900     1200    1100    800     1000    
	20544  1971 2200    700     2200    700     2000    2100    2200    700     400     500     1500    900     900     2000    500     2200    1100    400     800     
	20544  1972 2200    2000    1600    1800    1500    1200    2200    900     1800    1500    900     700     400     1200    1100    700     1800    800     1800    
	20544  1973 3700    2300    2500    2300    1800    2500    1700    1900    600     1800    600     600     2500    1000    2100    1700    900     700     400     
	20544  1974 2400    1000    2200    1000    2400    900     600     600     1000    800     2200    600     900     700     900     400     300     600     500     
	20544  1975 2200    1200    2200    1200    1400    2200    1700    900     1200    600     700     1400    800     800     1400    500     1700    500     600     
	20544  1976 2200    1300    2200    1300    1800    2200    1100    500     1000    1100    1600    800     1700    1200    1400    500     1000    1000    700     
	20544  1977 2300    1000    1700    600     1100    1500    2300    500     300     600     400     1100    800     1500    600     1700    2300    400     1100    
	20544  1978 2000    1100    2000    1100    1900    1100    1500    1100    600     400     1000    1900    1100    900     800     500     1500    1000    800     
	20544  1979 1000    900     1000    900     1000    600     1000    900     600     300     1000    400     600     600     500     900     1000    400     400     
	20544  1980 2900    1500    2900    1400    2900    800     1100    1400    1400    700     800     2800    700     800     800     700     600     500     400     
	20544  1981 1900    1300    1900    1300    1100    1500    1100    1200    800     700     1100    800     800     700     900     1100    300     400     600     
	20544  1982 2000    1500    1900    1400    2000    1200    1900    1400    1300    1500    1600    800     1000    1200    400     1900    800     600     600     
	20544  1983 2700    1700    2700    1700    1300    2500    2300    400     1700    1300    700     300     900     900     2500    900     800     1900    900     
	20544  1984 2300    2100    2100    1100    1300    1800    2300    200     1100    1300    1300    900     700     700     1800    400     700     1600    700     
	20544  1985 2200    2200    1200    2200    900     600     2200    900     2200    300     900     900     300     600     400     800     2200    600     500     
	20544  1986 2300    2100    2300    2100    1400    2300    2100    400     1700    1400    700     600     1300    1100    1800    1500    1000    600     700     
	20544  1987 2000    1500    2000    1500    2000    1600    900     1500    700     1200    1000    1000    300     1300    300     500     600     800     900     
	20544  1988 1600    1100    1500    1100    1500    1100    1600    1100    600     200     1300    1500    1100    400     800     600     1200    900     800     
	20544  1989 2000    1300    2000    1300    1800    1700    1200    1000    700     700     500     1800    1700    1200    800     1200    700     1200    1100    
	20544  1990 2200    1400    1700    1400    1600    1700    2200    1400    600     600     600     1600    900     1700    1100    600     2200    600     800     
	20544  1991 2600    2000    2000    2000    1500    1400    1300    1000    1000    1000    1000    900     200     1100    1400    700     1300    1000    1600    
	20544  1992 3000    1300    3000    1300    1900    3000    1600    1200    600     500     1200    1900    1900    1100    800     1200    700     400     1100    
	20544  1993 1800    1800    1100    1800    1500    1100    1600    400     1500    1500    1100    700     1100    400     800     500     1100    1600    200     
	20544  1994 1600    1200    1100    1200    900     1100    1600    400     1200    400     900     500     1100    1100    800     500     1600    600     500     
	20544  1995 2800    1200    2600    500     1300    2600    1200    500     500     500     800     700     1300    900     2200    1200    1100    1100    1700    
	20544  1996 1800    1800    1300    1800    1600    1300    1400    1800    500     1600    1300    1200    900     1300    600     900     1400    600     1200    
	20544  1997 2300    1800    2300    1800    1900    1900    2300    1800    300     1200    1900    1000    600     700     1900    2300    800     1200    500     
	20544  1998 1600    900     1600    800     1600    1600    1000    800     800     600     300     1600    200     600     1600    800     400     1000    300     
	20544  1999 2500    700     2500    600     1200    1200    1400    600     600     700     800     700     900     900     1100    1400    1100    400     300     
	20544  2000 1300    1300    800     1300    800     800     600     1300    300     600     600     800     600     600     800     600     400     400     600     
	20544  2001 1300    1000    1000    1000    1000    900     1100    1000    400     500     400     1000    900     700     700     300     1100    400     1300    
	20544  2002 2300    1000    1300    800     2300    800     1100    800     600     1000    1300    700     500     700     800     1100    500     600     700     
	20544  2003 2600    2300    2600    2300    2200    2600    1000    600     2300    2000    2200    700     1000    1200    2100    1000    900     1000    1000    
	20544  2004 1500    1300    1500    1300    1400    1500    1300    400     1300    900     1400    900     700     600     900     1200    1300    400     1400    
	20544  2005 1800    1300    1500    600     700     1100    1800    600     600     400     600     700     1100    1100    600     900     1800    600     500     
	20544  2006 1800    1300    1800    1100    1300    1300    1800    1000    500     1300    700     1000    1200    1300    500     1800    700     600     1000    
	20544  2007 3600    900     3500    900     3600    800     1300    300     700     800     3000    500     800     300     800     700     1300    1000    1400    
	20544  2008 1400    1400    1100    1400    1100    700     1000    300     1400    200     700     1100    600     400     700     1000    600     600     1200    
	20544  2009 1400    1200    1300    1200    900     1100    1300    800     400     900     900     800     900     300     700     1300    500     500     800     
	20544  2010 1700    900     1700    900     1700    1000    1200    900     600     500     1700    1400    1000    600     400     500     1200    700     600     
	20544  2011 3300    1600    1500    800     1600    1100    3300    600     800     1600    1500    900     400     1100    300     1200    1200    2100    300     
	20544  2012 2100    1700    1000    1700    2100    900     900     500     1200    1400    700     700     700     700     900     900     500     800     200     
	20544  2013 2200    1400    2100    500     2200    2100    1300    500     400     1400    800     600     1100    2100    1200    1100    500     600     500     
	20544  2014 1500    1400    1500    600     1400    1000    1500    500     600     1400    600     700     900     1000    300     1500    400     600     600     
	20544  2015 1400    1000    1200    900     1200    700     1400    400     900     1000    1200    800     700     300     500     600     1000    400     800     
	20544  2016 1500    1500    1300    700     1500    900     1300    700     500     1500    600     1200    900     700     700     1300    700     900     800     
	20544  2017 1400    1300    1400    1300    1000    1400    900     1300    400     1000    1000    700     1400    400     1000    500     900     300     400     
	20544  2018 1700    1700    1500    1400    1200    1500    1600    400     1400    500     900     1200    700     1500    800     700     1600    800     600     
	20544  2019 2100    900     2100    900     2100    1600    700     400     900     600     2100    800     1100    1000    800     500     500     700     700     
	20544  2020 2900    1800    2000    700     2900    1600    1800    700     400     1800    1100    2000    900     400     1200    1800    700     800     400     
	20544  2021 -999999 -999999 1300    -999999 1300    1300    1000    -999999 600     700     1300    400     1300    800     600     1000    600     700     400     
	20544  2022 3500    1500    3500    700     3500    1400    800     700     300     1200    1700    1800    600     900     1400    500     800     800     1000    
	20544  2023 3900    1100    3900    1100    2000    1900    900     1000    1100    400     700     2000    1900    300     600     900     300     300     400     
	20544  2024 1100    -999999 1100    -999999 1100    700     1100    600     -999999 800     500     1100    700     400     400     1100    500     800     500     
	20544  2025 2700    1200    2700    1000    2700    2200    800     700     1000    1100    1400    2100    1400    600     2200    800     400     800     1100    
	20544  2026 -999999 -999999 -999999 1000    -999999 -999999 -999999 1000    500     -999999 -999999 -999999 -999999 -999999 -999999 -999999 -999999 -999999 -999999 
	