EUROPEAN CLIMATE ASSESSMENT & DATASET (ECA&D), file created on: 17-05-2026
THESE DATA CAN BE USED FOR NON-COMMERCIAL RESEARCH AND EDUCATION PROVIDED THAT THE FOLLOWING SOURCE IS ACKNOWLEDGED: 

Klein Tank, A.M.G. and Coauthors, 2002. Daily dataset of 20th-century surface
air temperature and precipitation series for the European Climate Assessment.
Int. J. of Climatol., 22, 1441-1453.
Data and metadata available at http://www.ecad.eu

FILE FORMAT (MISSING VALUE CODE = -999999):

THIS FILE HOLDS DATA FOR STATION NETHERLANDS                              BARNEVELD                                (STAID:    558)
LATITUDE: dd:mm:ss +52:07:59
LONGITUDE: ddd:mm:ss +005:34:59
ELEVATION: m    9

DATA IS FOR INDEX Maximum no of consecutive dry days (RR < 1 mm) (CDD) with unit 0.01 No of days

01-06 SOUID: Source identifier
08-11 YEAR : YYYY
13-20 ANNUAL DATA VALUES
21-28 WINTER HALF YEAR DATA VALUES
29-36 SUMMER HALF YEAR DATA VALUES
37-44 WINTER (DJF) DATA VALUES
45-52 SPRING (MAM) DATA VALUES
53-60 SUMMER (JJA) DATA VALUES
61-68 AUTUMN (SON) DATA VALUES
69-76 JANUARY DATA VALUES
etc. 
157-164 DECEMBER DATA VALUES

558    1911 -999999 -999999 1500    -999999 1500    1200    1200    -999999 -999999 700     1500    1200    300     1200    900     1200    600     500     300     
	558    1912 2300    2300    2000    2300    1700    2000    1400    2300    1000    300     1700    400     400     2000    300     1200    1400    700     600     
	558    1913 2600    1700    2600    1700    1000    1800    1300    1400    1700    500     900     1000    700     900     1800    900     800     400     600     
	558    1914 2000    2000    1300    2000    900     1100    1000    2000    1300    400     900     900     900     700     1100    1000    700     900     300     
	558    1915 -999999 -999999 -999999 500     -999999 1200    1400    500     400     -999999 -999999 1300    1200    600     800     1200    1400    600     400     
	558    1916 -999999 700     -999999 700     -999999 -999999 -999999 400     400     500     800     -999999 -999999 -999999 -999999 -999999 200     1600    400     
	558    1917 3000    3000    2400    3000    2400    900     1100    1400    1600    1300    1100    1200    500     900     500     1000    600     800     700     
	558    1918 1900    1200    1900    1200    1900    1500    1100    700     600     700     1900    900     700     800     600     100     1000    700     500     
	558    1919 3100    1500    3100    1500    2900    1100    1800    800     1100    700     900     2900    800     400     1100    1800    800     600     800     
	558    1920 2500    1200    1400    1000    1200    1400    2500    600     1000    1200    400     400     1400    500     700     900     1600    1400    1500    
	558    1921 2700    1500    2000    1300    1300    2000    2200    300     1300    1300    800     700     900     2000    800     1900    1500    2200    500     
	558    1922 2400    1400    1400    1100    1300    700     2400    1000    900     1000    500     1300    500     500     700     300     2400    600     500     
	558    1923 -999999 1500    1900    800     1500    1900    -999999 400     800     1500    1100    500     700     1400    1400    600     -999999 -999999 1100    
	558    1924 1600    -999999 1200    1600    1400    1200    1400    1200    700     1200    1000    500     1000    1000    600     500     1000    1400    1200    
	558    1925 1800    1000    1800    1000    1300    1700    1400    1000    400     600     700     1300    1700    800     900     500     1100    700     500     
	558    1926 1500    1500    1500    1400    1500    1000    800     1400    700     1500    600     400     800     1000    1000    800     600     600     800     
	558    1927 1600    1300    1600    1000    1600    700     1000    500     1000    1300    700     1100    300     300     600     900     1000    400     800     
	558    1928 4100    4100    1800    3500    1600    1800    1100    1900    2900    1300    1000    700     600     1800    800     1100    700     600     1000    
	558    1929 -999999 -999999 -999999 -999999 -999999 -999999 -999999 -999999 -999999 -999999 -999999 -999999 -999999 -999999 -999999 -999999 -999999 -999999 -999999 
	558    1930 -999999 -999999 -999999 -999999 -999999 -999999 -999999 -999999 -999999 -999999 -999999 -999999 -999999 -999999 -999999 -999999 -999999 -999999 -999999 
	558    1931 -999999 -999999 -999999 -999999 -999999 -999999 -999999 -999999 -999999 -999999 -999999 -999999 -999999 -999999 -999999 -999999 -999999 -999999 -999999 
	558    1932 -999999 -999999 -999999 -999999 -999999 -999999 -999999 -999999 -999999 -999999 -999999 -999999 -999999 -999999 -999999 -999999 -999999 -999999 -999999 
	558    1933 -999999 -999999 -999999 -999999 -999999 -999999 -999999 -999999 -999999 -999999 -999999 -999999 -999999 -999999 -999999 -999999 -999999 -999999 -999999 
	558    1934 -999999 -999999 -999999 -999999 -999999 -999999 -999999 -999999 -999999 -999999 -999999 -999999 -999999 -999999 -999999 -999999 -999999 -999999 -999999 
	558    1935 -999999 -999999 -999999 -999999 -999999 -999999 -999999 -999999 -999999 -999999 -999999 -999999 -999999 -999999 -999999 -999999 -999999 -999999 -999999 
	558    1936 -999999 -999999 -999999 -999999 -999999 -999999 -999999 -999999 -999999 -999999 -999999 -999999 -999999 -999999 -999999 -999999 -999999 -999999 -999999 
	558    1937 -999999 -999999 -999999 -999999 -999999 -999999 -999999 -999999 -999999 -999999 -999999 -999999 -999999 -999999 -999999 -999999 -999999 -999999 -999999 
	558    1938 -999999 -999999 -999999 -999999 -999999 -999999 -999999 -999999 -999999 -999999 -999999 -999999 -999999 -999999 -999999 -999999 -999999 -999999 -999999 
	558    1939 -999999 -999999 -999999 -999999 -999999 -999999 -999999 -999999 -999999 -999999 -999999 -999999 -999999 -999999 -999999 -999999 -999999 -999999 -999999 
	558    1940 -999999 -999999 -999999 -999999 -999999 -999999 -999999 -999999 -999999 -999999 -999999 -999999 -999999 -999999 -999999 -999999 -999999 -999999 -999999 
	558    1941 -999999 -999999 -999999 -999999 -999999 -999999 -999999 -999999 -999999 -999999 -999999 -999999 -999999 -999999 -999999 -999999 -999999 -999999 -999999 
	558    1942 -999999 -999999 -999999 -999999 -999999 -999999 -999999 -999999 -999999 -999999 -999999 -999999 -999999 -999999 -999999 -999999 -999999 -999999 -999999 
	558    1943 -999999 -999999 -999999 -999999 -999999 -999999 -999999 -999999 -999999 -999999 -999999 -999999 -999999 -999999 -999999 -999999 -999999 -999999 -999999 
	558    1944 -999999 -999999 -999999 -999999 -999999 -999999 -999999 -999999 -999999 -999999 -999999 -999999 -999999 -999999 -999999 -999999 -999999 -999999 -999999 
	558    1945 -999999 -999999 -999999 -999999 -999999 -999999 -999999 -999999 -999999 -999999 -999999 -999999 -999999 -999999 -999999 -999999 -999999 -999999 -999999 
	558    1946 -999999 -999999 -999999 -999999 -999999 -999999 -999999 -999999 -999999 -999999 -999999 -999999 -999999 -999999 -999999 -999999 -999999 -999999 -999999 
	558    1947 -999999 -999999 -999999 -999999 -999999 -999999 -999999 -999999 -999999 -999999 -999999 -999999 -999999 -999999 -999999 -999999 -999999 -999999 -999999 
	558    1948 -999999 -999999 -999999 -999999 -999999 -999999 -999999 -999999 -999999 -999999 -999999 -999999 -999999 -999999 -999999 -999999 -999999 -999999 -999999 
	558    1949 -999999 -999999 -999999 -999999 -999999 -999999 -999999 -999999 -999999 -999999 -999999 -999999 -999999 -999999 -999999 -999999 -999999 -999999 -999999 
	558    1950 -999999 -999999 -999999 -999999 -999999 -999999 -999999 -999999 -999999 -999999 -999999 -999999 -999999 -999999 -999999 -999999 -999999 -999999 -999999 
	558    1951 2200    -999999 1400    -999999 1000    1000    2200    1000    200     900     1000    500     1000    700     600     1000    1900    300     600     
	558    1952 1300    1000    1300    800     1300    1000    1200    600     800     1000    1300    1200    700     1000    600     1200    800     600     800     
	558    1953 3800    3800    1200    1100    2700    1100    1400    800     1100    2700    1200    900     1100    600     1000    600     1400    1100    900     
	558    1954 1800    1800    1200    1800    1700    800     600     1100    700     1700    1100    800     300     400     800     300     500     600     600     
	558    1955 6200    1600    1600    1200    1200    1300    3200    900     1200    700     1200    1000    1300    800     1100    800     700     3000    3000    
	558    1956 2400    1300    2400    1300    1400    700     2400    500     1300    1200    1100    1200    700     300     700     2400    900     1000    500     
	558    1957 1300    1200    1200    1200    1300    1200    1000    1200    400     500     900     800     1200    400     700     300     1000    800     600     
	558    1958 2900    1400    1100    600     1400    1100    2200    600     200     1400    600     500     900     1100    600     600     1000    2200    700     
	558    1959 2600    2100    2200    2100    1500    1900    2600    600     2000    700     900     1500    1700    1900    800     2000    1700    800     700     
	558    1960 1600    1400    1600    500     1600    500     900     500     500     1400    1100    1100    500     400     200     900     400     400     400     
	558    1961 1700    1700    1200    1100    1700    900     1200    500     1100    1700    700     900     700     600     900     1200    1200    600     900     
	558    1962 2200    1800    1500    1100    1500    1000    2100    500     1100    1500    1000    500     1000    500     400     400     2100    1500    700     
	558    1963 2200    2100    1300    1500    900     1000    1000    1500    1300    800     800     900     400     1000    300     1000    900     500     1700    
	558    1964 1800    1800    1600    1300    1200    1200    1000    1300    600     1200    800     1000    900     900     1200    700     600     900     700     
	558    1965 1600    1400    1600    1000    1300    1100    1600    700     1000    1300    500     700     800     300     600     1600    1400    1400    400     
	558    1966 1500    1100    1500    1100    1100    1000    1500    1100    600     400     500     1100    1000    700     800     1500    1100    400     300     
	558    1967 1400    900     1200    900     1200    1100    1400    900     900     600     800     400     900     900     1100    900     300     1400    400     
	558    1968 1600    1200    1100    800     1100    700     1600    500     800     800     1100    500     600     700     700     600     1000    1600    1500    
	558    1969 2000    1200    1900    1000    1200    1100    2000    1000    400     1200    900     600     1100    1100    1100    1600    2000    500     600     
	558    1970 2500    1200    2500    600     1000    2300    1200    600     400     1000    300     900     2300    400     900     1200    1100    800     1100    
	558    1971 2300    1400    2300    1400    2000    2200    2200    1400    800     500     1500    800     900     2000    400     2200    1200    600     800     
	558    1972 3000    1600    2000    1400    1400    1200    3000    1000    1400    1400    700     500     500     1000    1200    1200    1800    500     2100    
	558    1973 4000    2300    2500    2300    1800    2500    1300    1900    600     1800    600     400     2500    900     2100    1300    900     900     500     
	558    1974 3300    1100    2200    1000    3300    900     700     400     1000    1100    2200    900     800     600     900     700     500     400     400     
	558    1975 1800    1100    1800    1100    1400    1800    1700    600     1100    300     700     1400    1000    700     1100    800     1700    700     1100    
	558    1976 2500    1500    2500    1500    2500    2100    1000    500     1500    1100    2300    800     1500    1100    1400    400     800     500     500     
	558    1977 1900    800     1900    600     1100    1500    1900    400     300     400     400     1100    1000    1500    400     1900    1100    600     600     
	558    1978 1800    1000    1800    1000    1500    1100    1400    1000    900     500     900     1500    500     1100    900     500     1400    900     800     
	558    1979 1200    900     1000    600     800     800     1200    600     500     500     600     800     500     700     700     1000    1200    600     400     
	558    1980 1900    1900    1500    1400    1500    700     1100    1400    1400    1100    900     1500    600     700     600     700     600     500     400     
	558    1981 2300    1200    1800    1200    2300    900     700     500     1200    500     1800    500     700     700     900     700     300     500     600     
	558    1982 1900    1800    1900    1800    1200    1900    1700    1800    1400    1100    1100    1200    500     1600    400     1700    800     600     400     
	558    1983 3000    1800    3000    1800    1300    3000    2300    400     1800    1300    300     200     800     3000    1000    900     600     1900    700     
	558    1984 3200    1300    3200    1100    1400    2700    700     200     1100    1300    1400    500     800     600     2700    500     700     700     500     
	558    1985 2000    2000    1000    2000    800     1000    1400    900     2000    500     800     700     400     1000    400     800     1100    600     500     
	558    1986 3500    3500    1700    3200    1100    1700    2100    400     2800    1100    700     400     1100    1700    700     1500    600     400     500     
	558    1987 1300    1300    1300    1300    1200    1300    900     1300    700     1200    900     700     300     1300    400     400     600     900     900     
	558    1988 1600    900     1600    900     1100    1600    900     900     400     200     1100    900     1600    300     900     600     900     900     500     
	558    1989 2100    800     2100    800     1900    1600    1200    600     700     700     700     1900    1600    1200    1300    900     400     1200    800     
	558    1990 2000    1200    1700    1200    1600    1700    1000    1200    600     800     500     1600    900     1700    1000    600     1000    600     800     
	558    1991 2700    1900    1600    1900    1600    900     1100    1200    700     1200    700     1500    300     600     900     700     1100    1100    1600    
	558    1992 1800    1300    1800    1300    1800    1500    1000    1200    600     500     900     1800    1200    700     800     1000    700     400     1100    
	558    1993 1700    1000    1200    900     1300    700     1700    400     900     1000    1200    700     700     400     700     500     1100    1600    200     
	558    1994 1700    1200    1700    1200    800     1700    1300    500     1200    500     800     500     700     1700    800     1000    1300    800     600     
	558    1995 2900    1300    2700    500     800     2700    1900    200     500     600     800     700     1300    900     2300    400     1900    1100    1800    
	558    1996 2500    2500    2000    2500    2000    1300    800     2200    500     1500    2000    1200    1300    1300    800     800     800     600     1400    
	558    1997 2000    1800    2000    1800    1300    2000    2000    1800    300     900     1300    1000    600     900     2000    1600    1700    600     500     
	558    1998 1600    800     1600    800     1600    1600    600     800     800     700     300     1600    200     300     1600    600     200     500     300     
	558    1999 1900    700     1900    600     1200    1200    1400    300     400     700     800     700     500     900     500     1400    1100    300     200     
	558    2000 1100    700     1100    700     900     1100    500     700     300     600     900     700     700     800     1100    500     400     300     600     
	558    2001 1300    1100    1200    1100    1200    1000    1000    1100    300     500     400     1200    400     900     1000    300     1000    800     1300    
	558    2002 2300    1000    1300    1000    2300    1000    1000    1000    600     1000    1300    700     400     800     1000    1000    500     900     1200    
	558    2003 2200    2200    2200    2200    2200    2200    1200    600     2200    2000    2200    600     1000    1200    2100    900     900     1200    1000    
	558    2004 1500    900     1500    900     1400    1500    900     400     700     600     1200    1400    600     600     900     900     800     300     1400    
	558    2005 1700    900     1400    800     900     1100    1700    600     600     900     600     700     1100    900     900     800     1700    600     700     
	558    2006 1600    1500    1600    1500    1400    1600    1500    1100    500     1300    500     1400    1300    1600    400     1500    700     600     900     
	558    2007 3700    900     3500    900     3700    900     1300    400     600     800     3000    500     700     400     900     600     1300    1000    1800    
	558    2008 1800    1800    1300    1800    1300    900     1000    300     1800    300     900     1300    900     500     900     1000    700     600     1000    
	558    2009 1500    1000    1500    1000    1000    700     1500    800     600     900     900     800     600     500     700     1500    500     200     500     
	558    2010 2400    800     2400    800     2400    1300    1200    500     800     700     2400    1700    1100    800     300     600     1200    900     600     
	558    2011 2500    1300    1600    1000    1600    600     2500    600     1000    1200    1600    1400    400     400     400     1300    600     2500    500     
	558    2012 2600    2100    1600    800     2600    1600    1000    500     800     2100    500     400     500     700     1600    1000    1000    700     100     
	558    2013 2300    1400    2300    700     2300    2300    1300    700     600     1400    900     700     1100    2300    700     1100    600     800     700     
	558    2014 1900    1700    1900    500     1700    1800    1900    500     500     1700    600     800     1800    900     300     1900    400     600     600     
	558    2015 1500    1500    1200    900     1500    1100    1100    400     900     1500    1200    800     1100    400     800     600     800     400     400     
	558    2016 1900    1300    1900    500     1900    900     1100    500     400     1300    700     1900    900     700     700     1000    1100    900     1000    
	558    2017 1300    1300    1200    1300    1100    1200    900     1300    800     1100    1000    900     1200    300     900     800     900     300     300     
	558    2018 2300    1700    1800    1400    1000    1800    2300    400     1400    400     1000    800     900     1700    600     1200    2300    1500    600     
	558    2019 2100    1700    2100    1700    2100    1600    600     400     1700    600     2100    1600    1100    600     1000    600     500     300     700     
	558    2020 2000    1800    2000    500     2000    800     1700    300     300     1800    1500    2000    700     600     700     1700    800     800     400     
	558    2021 -999999 -999999 -999999 -999999 1700    -999999 1500    -999999 1000    800     1700    400     1200    -999999 400     1500    600     400     400     
	558    2022 3200    3200    2300    600     2900    1300    1100    600     300     2900    1400    1700    900     1300    1300    500     1100    800     1000    
	558    2023 3900    1100    3900    1100    2000    1900    1000    400     1100    500     700     2000    1900    400     1200    1000    700     200     400     
	558    2024 1200    -999999 1200    -999999 1000    800     1200    600     -999999 400     500     1000    800     600     700     1200    500     900     600     
	558    2025 4300    3200    2800    1200    4200    1600    1000    1200    900     3100    1100    2200    1400    700     1600    500     1000    800     1300    
	558    2026 -999999 -999999 -999999 1100    -999999 -999999 -999999 1100    300     -999999 -999999 -999999 -999999 -999999 -999999 -999999 -999999 -999999 -999999 
	