EUROPEAN CLIMATE ASSESSMENT & DATASET (ECA&D), file created on: 17-05-2026
THESE DATA CAN BE USED FOR NON-COMMERCIAL RESEARCH AND EDUCATION PROVIDED THAT THE FOLLOWING SOURCE IS ACKNOWLEDGED: 

Klein Tank, A.M.G. and Coauthors, 2002. Daily dataset of 20th-century surface
air temperature and precipitation series for the European Climate Assessment.
Int. J. of Climatol., 22, 1441-1453.
Data and metadata available at http://www.ecad.eu

FILE FORMAT (MISSING VALUE CODE = -999999):

THIS FILE HOLDS DATA FOR STATION NETHERLANDS                              ZALTBOMMEL                               (STAID:   2556)
LATITUDE: dd:mm:ss +51:48:00
LONGITUDE: ddd:mm:ss +005:16:00
ELEVATION: m    3

DATA IS FOR INDEX Maximum no of consecutive dry days (RR < 1 mm) (CDD) with unit 0.01 No of days

01-06 SOUID: Source identifier
08-11 YEAR : YYYY
13-20 ANNUAL DATA VALUES
21-28 WINTER HALF YEAR DATA VALUES
29-36 SUMMER HALF YEAR DATA VALUES
37-44 WINTER (DJF) DATA VALUES
45-52 SPRING (MAM) DATA VALUES
53-60 SUMMER (JJA) DATA VALUES
61-68 AUTUMN (SON) DATA VALUES
69-76 JANUARY DATA VALUES
etc. 
157-164 DECEMBER DATA VALUES

2556   1871 -999999 -999999 -999999 -999999 -999999 1700    1700    -999999 -999999 -999999 -999999 1300    500     700     1700    1100    1300    700     1100    
	2556   1872 1500    1400    1200    1400    1000    1100    1200    500     600     1000    800     800     800     900     1100    1200    1200    500     1000    
	2556   1873 3100    3100    1900    3100    2900    900     1500    1000    2100    2400    1100    1600    600     800     700     1300    800     1200    1800    
	2556   1874 2300    900     2300    900     2300    2100    1000    600     900     700     2000    700     1200    2000    1400    500     1000    900     1800    
	2556   1875 2800    1500    2800    1500    2800    1100    1700    600     1200    1100    2600    1000    700     900     700     1700    800     1000    800     
	2556   1876 1700    1600    1600    1600    1200    1600    1700    1400    500     600     800     1200    1400    1500    1600    400     1700    600     800     
	2556   1877 1200    600     1200    400     1000    1200    1200    400     100     300     700     800     800     400     500     600     600     400     500     
	2556   1878 1200    700     1200    700     1200    1000    1000    500     700     600     1200    500     1000    1000    900     800     1000    700     1100    
	2556   1879 3600    2500    1700    2500    1700    700     1700    1800    800     1700    500     1100    400     500     700     1700    1200    800     2800    
	2556   1880 3300    2800    3300    2400    3300    1700    1000    2300    500     2800    900     2700    700     600     1700    800     800     500     300     
	2556   1881 1500    1500    1200    1500    1400    900     1100    1400    1000    800     1000    1200    800     900     700     500     500     1100    1000    
	2556   1882 1700    1700    1200    1700    1200    800     800     1700    1200    900     1200    1100    500     700     300     500     700     300     600     
	2556   1883 4100    1500    3700    1000    4100    1200    1000    900     1000    1200    3000    1900    700     700     700     500     1000    400     500     
	2556   1884 2200    900     2200    900     1600    2200    1400    700     800     800     1600    1200    1400    800     1200    1400    800     900     1100    
	2556   1885 1800    1500    1800    1500    1200    1800    900     1500    600     1100    1200    500     900     1800    900     500     200     900     700     
	2556   1886 3000    2300    2500    2300    2500    1400    3000    300     2300    1300    1500    1000    700     700     1200    2300    1000    700     300     
	2556   1887 3700    3700    2500    2600    1100    2500    1000    1200    2600    1100    1100    500     2500    1100    1500    800     400     1000    400     
	2556   1888 1500    1300    1200    1300    1200    900     1500    1300    1100    300     800     1200    700     500     900     1200    1500    1000    1000    
	2556   1889 1300    1300    1300    1300    1100    1300    1300    800     400     600     1100    300     1300    600     400     1000    600     1300    1000    
	2556   1890 2700    2700    1500    2700    1500    900     1400    400     2600    1200    900     1500    700     900     800     1400    700     600     1800    
	2556   1891 2800    2800    1600    2200    1000    1200    1600    900     2200    800     1000    700     1200    1000    500     1600    500     800     1000    
	2556   1892 1700    1400    1400    1100    1700    1100    1300    700     1100    1000    1400    1300    700     1100    600     500     700     1300    1600    
	2556   1893 4400    1400    3400    1400    4400    2300    1100    1300    400     1300    3000    1400    2300    700     1200    600     800     1100    400     
	2556   1894 2700    1900    1200    1500    2700    1200    1200    1500    600     1900    800     700     1000    400     400     1100    400     1200    1300    
	2556   1895 1900    1400    1800    1400    1200    1000    1900    600     1100    800     1000    1200    900     700     1000    1800    600     400     1000    
	2556   1896 1600    1600    1400    1600    1400    1100    900     1000    1600    700     700     1400    1100    900     800     400     400     900     500     
	2556   1897 2500    1400    1400    1400    1400    1100    2500    700     1400    500     800     1400    800     1100    600     800     1200    1300    1500    
	2556   1898 2000    1000    2000    1000    1200    1500    1700    1000    400     1000    1100    1000    1200    1500    1400    1700    1100    800     600     
	2556   1899 2200    1600    2200    1200    1300    2100    1200    800     1200    1300    400     500     1700    900     1600    400     1200    1200    2000    
	2556   1900 1800    1800    1600    1300    1400    1000    1600    300     1000    1400    1300    1300    700     1000    500     1600    600     900     600     
	2556   1901 1600    1100    1600    1100    1600    1400    1500    1100    600     1000    1000    1600    1000    1100    1400    700     1000    800     400     
	2556   1902 1300    1300    900     1300    800     900     1000    900     1300    700     600     800     900     800     300     600     800     1000    1200    
	2556   1903 1500    1100    1500    1100    1000    1500    600     1100    1000    900     300     1000    1100    800     500     600     400     500     1800    
	2556   1904 2400    1400    2000    1400    1300    2000    1000    900     600     1100    1300    800     900     2000    1100    900     800     1000    1300    
	2556   1905 1400    1300    1400    1300    1200    1400    1200    700     800     600     1200    1000    1400    700     400     1200    500     800     700     
	2556   1906 2300    600     1700    600     2300    1400    1300    300     500     600     1700    500     1400    700     600     1100    900     500     1100    
	2556   1907 1700    1200    1600    1000    1700    1600    1500    1000    700     1200    800     800     300     1600    900     1500    1000    1100    800     
	2556   1908 3600    1500    2700    1300    1500    1900    3600    900     1100    1500    500     500     1200    1500    500     2700    2100    1100    1700    
	2556   1909 2200    1500    2000    1500    1100    2000    1100    1500    800     600     1000    900     2000    600     600     400     600     900     900     
	2556   1910 2100    1400    1500    900     2100    1400    1500    800     300     1400    700     1100    700     700     1400    1500    1500    500     400     
	2556   1911 2600    2600    1900    2600    1500    1900    1200    1900    700     700     1500    1500    600     1500    1900    1200    600     600     300     
	2556   1912 2600    900     2600    900     2600    1500    1600    900     500     400     2000    600     300     1500    400     1600    1200    500     500     
	2556   1913 1700    1700    1700    1700    800     1700    1000    1000    1700    300     600     800     400     500     1700    800     600     400     600     
	2556   1914 1500    1500    1300    1500    1300    1100    1200    1500    1000    400     1300    900     900     600     1100    1100    800     800     400     
	2556   1915 2200    900     2200    900     1400    1300    2000    900     600     600     1000    1400    1300    600     600     2000    1400    600     300     
	2556   1916 1700    1000    1700    600     1200    1700    1500    500     400     1000    1000    600     800     900     1300    1200    700     900     700     
	2556   1917 3000    3000    1800    3000    1200    1000    1200    1400    1600    700     1000    1200    800     1000    500     1100    300     1000    900     
	2556   1918 2200    2200    1700    1300    1800    1400    700     800     700     1800    700     1700    500     900     1100    200     700     700     400     
	2556   1919 2300    2000    2300    2000    2000    1700    1800    800     1500    800     800     2000    1500    500     1700    1800    900     700     800     
	2556   1920 2800    1200    1700    1200    1200    1700    2800    600     1200    1200    200     400     1700    400     800     1000    1600    1300    1200    
	2556   1921 2900    1400    1700    1300    1400    1100    2200    500     1300    1400    700     700     900     1100    500     1700    900     2200    800     
	2556   1922 2300    1500    2300    1100    2200    700     1600    400     1100    1500    700     2200    700     700     700     300     1600    800     600     
	2556   1923 2400    1500    2400    700     1600    2400    900     500     700     1500    800     500     1000    1400    1400    900     300     600     700     
	2556   1924 1800    1800    1100    1100    1800    1100    1800    700     1100    1800    900     300     1000    1000    400     600     900     1800    1100    
	2556   1925 2100    800     2100    800     1200    2000    1300    800     500     600     1000    1200    2000    600     600     500     1000    1100    800     
	2556   1926 2000    1600    2000    900     1600    2000    800     700     900     1600    900     800     1700    1000    800     800     600     300     1200    
	2556   1927 1900    1100    1700    1100    1700    600     1600    500     1000    1100    700     1200    300     600     600     900     1500    600     1300    
	2556   1928 1900    1900    1900    1300    1300    1900    1400    300     1300    1300    1000    700     600     1900    400     1400    500     600     600     
	2556   1929 3500    3500    2000    1400    2100    2000    800     1200    1400    2100    1000    1400    500     2000    1300    800     700     500     400     
	2556   1930 2100    2100    2000    1400    1400    2000    500     1100    1200    1200    800     600     2000    600     800     500     500     300     600     
	2556   1931 3400    3100    1800    600     3400    1600    1900    500     600     3100    900     700     1100    500     700     1800    1200    1200    800     
	2556   1932 3500    3500    2000    3500    1900    2000    1000    1500    2000    1900    800     500     2000    500     800     500     300     1000    2200    
	2556   1933 2200    1800    2200    1800    2200    1400    1200    1800    700     1200    2200    900     800     800     1400    1200    600     1000    1000    
	2556   1934 2600    2400    2600    2400    1500    2600    1300    700     2400    800     700     900     1100    2300    800     800     400     1300    300     
	2556   1935 1900    1600    1900    600     1900    1200    500     600     300     1600    600     1300    400     1100    800     500     500     500     600     
	2556   1936 1900    1900    1400    1000    1900    1200    1500    300     1000    1900    800     900     600     500     1200    400     1500    1100    900     
	2556   1937 1900    800     1900    500     1300    1200    1400    500     400     400     400     1300    600     500     900     500     1400    900     400     
	2556   1938 1600    1400    1600    1400    1600    1500    1400    400     1400    1300    1400    1600    1500    1400    600     1400    700     1300    1000    
	2556   1939 2300    1300    2300    1300    1300    1600    800     500     800     500     600     1300    1000    800     1600    700     400     500     1900    
	2556   1940 2100    1500    2100    1500    2100    1100    1300    700     1500    1100    700     2100    1100    400     700     700     1300    500     900     
	2556   1941 1600    1300    1600    1300    1600    1000    1400    1200    700     1300    900     1600    900     1000    300     1400    800     500     500     
	2556   1942 3000    2100    3000    1800    3000    1100    800     1500    1800    1100    2100    900     1100    400     700     600     600     800     800     
	2556   1943 3100    3100    1800    1200    1900    1800    1800    800     1200    1900    1000    1300    600     1800    600     1600    1600    700     1000    
	2556   1944 1900    1900    1900    1900    1300    1900    800     500     1900    1100    900     700     800     700     1800    600     800     300     800     
	2556   1945 1800    1800    1400    600     1800    1300    1400    600     300     1800    800     1400    900     1300    700     900     800     1400    500     
	2556   1946 2100    1500    1400    1500    1500    1200    2100    1500    400     1500    1100    1200    700     900     900     600     2100    700     1900    
	2556   1947 3100    1900    3100    1900    2000    2600    1200    1700    1100    300     2000    700     600     2000    2600    700     900     600     1000    
	2556   1948 -999999 -999999 -999999 1400    -999999 -999999 -999999 200     1400    -999999 -999999 -999999 -999999 -999999 -999999 -999999 -999999 -999999 -999999 
	2556   1949 -999999 -999999 -999999 -999999 -999999 -999999 -999999 -999999 -999999 -999999 -999999 -999999 -999999 -999999 -999999 -999999 -999999 -999999 700     
	2556   1950 1700    -999999 1700    1400    900     1200    1000    1400    400     700     800     900     1200    700     500     300     1000    500     1500    
	2556   1951 3600    1600    3300    1500    3600    900     2200    1000    400     1200    3000    500     900     700     700     800     2000    300     3100    
	2556   1952 9500    6300    1400    6000    1400    1000    1100    3100    2900    800     1200    1400    800     900     1000    1100    700     700     3000    
	2556   1953 8100    3800    4300    1500    7400    900     1200    1500    700     3100    3000    1300    900     300     900     800     700     1100    800     
	2556   1954 3800    3800    1700    3800    1700    800     700     1100    2700    1700    1600    1500    500     500     600     400     700     500     600     
	2556   1955 1900    1600    1900    1200    1900    1200    1300    900     1200    1000    1900    700     900     700     1200    800     700     1300    500     
	2556   1956 3000    3000    2100    3000    2100    800     1400    500     2800    1200    1200    900     800     400     400     1400    900     900     400     
	2556   1957 1500    800     1100    700     1500    900     1000    700     400     600     1100    800     700     600     700     300     1000    1000    900     
	2556   1958 2900    1300    1300    600     1300    1000    2200    600     300     1300    600     600     1000    800     700     1100    800     2200    700     
	2556   1959 4000    2100    4000    2100    2800    2000    2700    600     2000    300     900     2800    1600    1700    2000    2000    1800    700     800     
	2556   1960 1400    900     1400    400     1400    900     800     400     400     900     600     1200    900     400     700     800     300     400     600     
	2556   1961 1700    1700    1300    1200    1700    900     1300    900     1200    1700    700     1000    700     700     900     1300    1300    800     1500    
	2556   1962 2300    1900    1400    1200    1400    900     2300    500     1200    1200    900     500     900     400     600     700     2300    1100    700     
	2556   1963 3300    2100    2100    1300    900     1700    1400    1000    1300    800     800     900     1200    1700    600     1400    1000    900     2400    
	2556   1964 1800    1800    1600    1300    1200    1500    1000    1300    600     1200    800     1100    800     900     1200    800     700     900     600     
	2556   1965 1500    1500    1400    1000    1300    1400    1500    400     1000    1300    500     600     800     600     700     1100    1500    700     400     
	2556   1966 1500    1100    1500    1100    1100    1000    1500    1100    600     500     600     1100    1000    400     800     1500    800     400     200     
	2556   1967 1600    1600    1200    1600    900     1200    1100    1000    1600    700     800     300     800     800     1200    600     600     1100    400     
	2556   1968 1700    1200    1700    800     1700    700     1600    400     800     700     1700    600     600     700     500     700     1000    1600    1500    
	2556   1969 1900    1200    1600    1200    1100    1200    1900    1200    400     1100    1000    700     1100    1200    900     1600    1900    300     700     
	2556   1970 1500    1300    1500    600     800     1300    1300    500     400     800     300     700     1300    500     800     1300    1200    900     1100    
	2556   1971 2200    900     2200    800     2000    2100    2200    700     800     500     1500    800     500     2000    500     2200    1200    600     800     
	2556   1972 2200    1500    1600    1400    1500    1100    2200    1000    800     1500    900     500     600     900     1100    700     1800    500     2100    
	2556   1973 4000    2300    1900    2300    1800    1900    1500    1900    500     1800    400     400     1400    400     1900    1500    900     800     600     
	2556   1974 2900    1000    2200    1000    2900    1300    400     600     1000    700     2200    900     800     500     1300    300     400     300     400     
	2556   1975 1800    1100    1500    1100    1400    900     1800    600     1100    200     900     1400    700     600     900     400     1800    600     1100    
	2556   1976 2100    1600    2100    1600    1900    2100    900     500     1600    1100    1700    800     1700    1100    1700    600     800     500     600     
	2556   1977 2000    800     2000    600     1100    1700    2000    400     400     400     800     1100    800     1600    700     2000    1100    500     900     
	2556   1978 2000    1100    2000    1100    1700    1300    1500    900     1100    500     900     1700    800     1100    1200    1000    1500    900     800     
	2556   1979 1400    1000    1400    800     600     1300    1400    800     800     400     600     500     600     700     400     1400    1000    600     400     
	2556   1980 2400    1400    2400    1400    2400    1100    900     1400    800     700     1000    1900    1100    800     600     900     400     500     400     
	2556   1981 3200    1700    2700    1700    3200    1800    700     600     1700    500     2700    500     500     600     1800    700     200     500     600     
	2556   1982 1800    1500    1800    1500    1600    1500    1800    1500    1300    900     1600    1100    400     1500    800     1800    800     600     900     
	2556   1983 2500    1700    2300    1700    1300    2300    2500    400     1700    1300    400     200     1000    2300    1000    900     600     1900    700     
	2556   1984 2200    1300    2200    1100    1800    2000    700     400     1100    1300    1800    600     800     1000    2000    200     700     700     700     
	2556   1985 2000    2000    1300    2000    1000    800     1900    900     2000    500     800     1000    300     800     400     800     1900    600     500     
	2556   1986 3500    3500    1500    3200    1100    1500    1900    400     2800    1100    600     500     700     1500    700     1300    1000    600     400     
	2556   1987 1600    1400    1600    1400    1200    1600    1300    1400    700     1200    900     700     400     1300    400     600     600     1000    900     
	2556   1988 2500    900     2500    900     1100    2500    900     900     400     200     1100    800     2500    300     700     600     900     800     500     
	2556   1989 2000    1700    2000    1700    1800    1800    1200    1400    800     700     500     1800    1800    1200    1300    900     400     1200    1100    
	2556   1990 1800    1100    1800    1000    1600    1800    1000    500     600     900     900     1600    1300    1800    1100    600     1000    600     900     
	2556   1991 2700    1800    2300    1800    1500    1600    1400    1100    700     1200    800     1500    300     600     1000    1400    900     1100    1600    
	2556   1992 1600    1300    1300    1300    1200    1300    1600    1200    600     500     900     1200    1100    700     300     1100    700     400     1100    
	2556   1993 1700    1000    1600    1000    1600    700     1700    500     900     1000    800     800     700     500     600     600     1100    1500    300     
	2556   1994 1700    1000    1700    1000    900     1700    1700    500     1000    600     900     500     500     1700    800     600     1700    1000    400     
	2556   1995 3000    1700    2800    400     1600    2800    2200    300     300     500     800     1500    1300    1000    2400    500     2200    1200    1800    
	2556   1996 3200    3200    2100    3200    2100    1300    900     2200    1000    1600    2000    1200    1300    1200    700     900     800     600     1400    
	2556   1997 2000    1800    2000    1800    1900    2000    1600    1800    400     1200    1900    1000    600     1000    2000    1600    1100    500     800     
	2556   1998 2000    1300    2000    1300    1600    2000    1100    800     1300    1000    300     1600    400     500     1900    1100    400     700     300     
	2556   1999 1600    700     1600    600     1200    1600    1100    300     400     700     800     900     1100    1600    600     700     1100    600     200     
	2556   2000 1400    800     1400    800     1400    800     800     800     300     500     900     600     700     800     600     800     500     300     800     
	2556   2001 1400    1400    1400    1400    1400    1100    500     1400    400     400     400     1400    1100    600     1000    300     500     400     1200    
	2556   2002 1200    1000    1200    900     1000    1200    1100    500     500     1000    900     600     500     900     1200    1100    500     900     1200    
	2556   2003 2000    2000    1800    1900    2000    1800    1300    900     1900    2000    1800    700     900     1200    1600    1100    1300    1200    1000    
	2556   2004 1800    1000    1800    1000    1800    1400    1400    400     700     1000    1800    1400    1400    600     600     900     1400    500     1500    
	2556   2005 1800    1400    1400    800     700     1100    1800    600     600     500     500     700     1100    900     700     800     1800    400     700     
	2556   2006 2100    1700    2100    1700    1400    2100    1600    1100    600     1300    900     1400    1200    2100    200     1600    800     600     1000    
	2556   2007 4500    1000    3500    1000    4500    1100    1000    300     600     1000    3000    500     700     1100    700     600     1000    400     1800    
	2556   2008 1800    1800    1300    1800    1300    900     900     500     1800    300     1000    1300    400     400     900     900     700     600     1100    
	2556   2009 1600    1000    1600    1000    1000    1600    1400    800     200     800     900     700     1400    500     700     1400    700     400     500     
	2556   2010 2100    1100    2100    1100    2100    1300    1200    1100    1000    900     2100    800     1100    800     400     500     1200    900     500     
	2556   2011 2500    1300    1700    800     1700    900     2500    700     800     1200    1700    1300    300     600     400     1300    600     2500    300     
	2556   2012 2800    2100    1000    900     2800    1000    1000    500     900     2100    700     700     600     700     1000    1000    1000    600     400     
	2556   2013 2300    1900    2300    1300    2000    2300    1300    500     1300    1200    800     700     1100    2300    700     1100    400     800     500     
	2556   2014 1900    1700    1900    500     1700    1000    1900    500     500     1700    800     500     1000    500     300     1900    400     600     600     
	2556   2015 1600    1600    1200    900     1600    1100    1400    400     900     1600    1200    600     1100    500     800     600     1000    400     800     
	2556   2016 1800    1300    1500    500     1500    1000    1200    500     500     1300    500     1500    900     700     1000    1000    1200    900     1000    
	2556   2017 1300    1300    1200    1300    1000    1200    900     1300    400     1000    1000    700     1200    500     900     800     900     400     300     
	2556   2018 5300    1700    5300    1400    1000    5300    2100    400     1400    500     1000    800     2900    2400    700     1300    2100    1500    600     
	2556   2019 2100    1000    2100    1000    2100    1600    1000    600     1000    700     2100    1000    1100    1100    800     1000    500     700     500     
	2556   2020 3500    1800    2000    600     3500    1400    1700    600     400     1800    1700    2000    800     900     1400    1700    800     800     400     
	2556   2021 1800    1700    1800    1000    1600    1200    1500    400     1000    900     1600    500     1200    1000    900     1500    600     700     1000    
	2556   2022 3200    3200    2000    1000    2900    2000    800     1000    300     2900    1700    1500    900     2000    1600    400     700     800     1000    
	2556   2023 3800    1100    3800    1100    1900    1900    900     800     1100    500     700     1900    1900    300     1200    900     700     300     300     
	2556   2024 1200    900     1200    800     900     800     1200    800     200     900     500     900     700     600     500     1200    600     900     700     
	2556   2025 4300    3200    2900    1200    4200    1600    1200    1200    900     3100    1100    2300    1600    700     1600    1000    900     800     1300    
	2556   2026 -999999 1100    -999999 1100    -999999 -999999 -999999 1100    400     900     1200    -999999 -999999 -999999 -999999 -999999 -999999 -999999 -999999 
	