EUROPEAN CLIMATE ASSESSMENT & DATASET (ECA&D), file created on: 17-05-2026
THESE DATA CAN BE USED FOR NON-COMMERCIAL RESEARCH AND EDUCATION PROVIDED THAT THE FOLLOWING SOURCE IS ACKNOWLEDGED: 

Klein Tank, A.M.G. and Coauthors, 2002. Daily dataset of 20th-century surface
air temperature and precipitation series for the European Climate Assessment.
Int. J. of Climatol., 22, 1441-1453.
Data and metadata available at http://www.ecad.eu

FILE FORMAT (MISSING VALUE CODE = -999999):

THIS FILE HOLDS DATA FOR STATION NETHERLANDS                              WOENSDRECHT                              (STAID:  20646)
LATITUDE: dd:mm:ss +51:25:39
LONGITUDE: ddd:mm:ss +004:18:32
ELEVATION: m   10

DATA IS FOR INDEX Maximum no of consecutive dry days (RR < 1 mm) (CDD) with unit 0.01 No of days

01-06 SOUID: Source identifier
08-11 YEAR : YYYY
13-20 ANNUAL DATA VALUES
21-28 WINTER HALF YEAR DATA VALUES
29-36 SUMMER HALF YEAR DATA VALUES
37-44 WINTER (DJF) DATA VALUES
45-52 SPRING (MAM) DATA VALUES
53-60 SUMMER (JJA) DATA VALUES
61-68 AUTUMN (SON) DATA VALUES
69-76 JANUARY DATA VALUES
etc. 
157-164 DECEMBER DATA VALUES

20646  1905 -999999 -999999 -999999 -999999 -999999 -999999 700     -999999 -999999 -999999 -999999 -999999 -999999 -999999 -999999 -999999 400     600     1200    
	20646  1906 2300    600     1700    600     2300    1200    1200    400     500     600     1600    600     1200    700     700     1000    400     700     1000    
	20646  1907 2200    1400    2200    1400    1500    1700    2200    1300    1400    1200    400     800     400     1700    500     2200    500     1200    1700    
	20646  1908 2200    1700    1800    1700    1700    1800    1800    1600    1400    1700    800     600     1200    1000    600     900     1300    1000    1000    
	20646  1909 2300    2300    1500    1700    1500    800     1100    1700    1200    1100    1000    1500    700     600     600     1100    400     900     800     
	20646  1910 2000    1300    1700    1000    2000    1700    1100    800     400     1300    700     1300    1700    1500    700     700     1100    400     500     
	20646  1911 2400    2400    1900    2400    1500    1700    1200    1400    1000    1000    1400    1500    900     1700    1400    1200    700     600     300     
	20646  1912 2300    1100    2300    1100    1900    2300    1800    1100    600     400     1700    800     500     2300    300     1800    1200    600     700     
	20646  1913 2200    2200    1300    1900    700     1300    900     1000    1900    400     600     700     600     500     1300    800     900     900     -999999 
	20646  1914 -999999 -999999 1800    -999999 1500    1800    1000    -999999 1400    500     1500    900     800     600     1800    1000    800     800     400     
	20646  1915 2100    1200    2000    1200    1700    1300    2100    900     1200    800     1700    1100    1300    600     700     1800    2100    500     300     
	20646  1916 2700    900     2700    900     900     2700    2200    300     600     800     800     800     700     1400    1300    1000    600     2200    400     
	20646  1917 5300    5300    1800    4200    1800    1000    1200    1400    2800    1100    1100    700     800     1000    700     1200    600     1100    1900    
	20646  1918 1600    1600    1600    1600    900     1200    900     1000    800     800     800     900     800     700     1000    500     800     900     400     
	20646  1919 -999999 2200    -999999 2200    -999999 -999999 -999999 800     1400    1800    1000    -999999 -999999 -999999 -999999 -999999 -999999 -999999 -999999 
	20646  1920 -999999 -999999 -999999 -999999 -999999 -999999 -999999 -999999 -999999 -999999 -999999 -999999 -999999 -999999 -999999 -999999 -999999 -999999 -999999 
	20646  1921 -999999 -999999 -999999 -999999 -999999 -999999 -999999 -999999 -999999 -999999 -999999 -999999 -999999 -999999 -999999 -999999 -999999 -999999 -999999 
	20646  1922 -999999 -999999 -999999 -999999 -999999 -999999 -999999 -999999 -999999 -999999 -999999 -999999 -999999 -999999 -999999 -999999 -999999 -999999 -999999 
	20646  1923 -999999 -999999 -999999 -999999 -999999 -999999 -999999 -999999 -999999 -999999 -999999 -999999 -999999 -999999 -999999 -999999 -999999 -999999 -999999 
	20646  1924 -999999 -999999 -999999 -999999 -999999 -999999 -999999 -999999 -999999 -999999 -999999 -999999 -999999 -999999 -999999 -999999 -999999 -999999 -999999 
	20646  1925 -999999 -999999 -999999 -999999 -999999 -999999 -999999 -999999 -999999 -999999 -999999 -999999 -999999 -999999 -999999 -999999 -999999 -999999 -999999 
	20646  1926 -999999 -999999 -999999 -999999 -999999 -999999 -999999 -999999 -999999 -999999 -999999 -999999 -999999 -999999 -999999 -999999 -999999 -999999 -999999 
	20646  1927 -999999 -999999 -999999 -999999 -999999 -999999 -999999 -999999 -999999 -999999 -999999 -999999 -999999 -999999 -999999 -999999 -999999 -999999 -999999 
	20646  1928 -999999 -999999 -999999 -999999 -999999 -999999 -999999 -999999 -999999 -999999 -999999 -999999 -999999 -999999 -999999 -999999 -999999 -999999 -999999 
	20646  1929 -999999 -999999 -999999 -999999 -999999 -999999 -999999 -999999 -999999 -999999 -999999 -999999 -999999 -999999 -999999 -999999 -999999 -999999 -999999 
	20646  1930 -999999 -999999 -999999 -999999 -999999 -999999 -999999 -999999 -999999 -999999 -999999 -999999 -999999 -999999 -999999 -999999 -999999 -999999 -999999 
	20646  1931 -999999 -999999 -999999 -999999 -999999 -999999 -999999 -999999 -999999 -999999 -999999 -999999 -999999 -999999 -999999 -999999 -999999 -999999 -999999 
	20646  1932 -999999 -999999 -999999 -999999 -999999 -999999 -999999 -999999 -999999 -999999 -999999 -999999 -999999 -999999 -999999 -999999 -999999 -999999 -999999 
	20646  1933 -999999 -999999 -999999 -999999 -999999 -999999 -999999 -999999 -999999 -999999 -999999 -999999 -999999 -999999 -999999 -999999 -999999 -999999 -999999 
	20646  1934 -999999 -999999 -999999 -999999 -999999 -999999 -999999 -999999 -999999 -999999 -999999 -999999 -999999 -999999 -999999 -999999 -999999 -999999 -999999 
	20646  1935 -999999 -999999 -999999 -999999 -999999 -999999 -999999 -999999 -999999 -999999 -999999 -999999 -999999 -999999 -999999 -999999 -999999 -999999 -999999 
	20646  1936 -999999 -999999 -999999 -999999 -999999 -999999 -999999 -999999 -999999 -999999 -999999 -999999 -999999 -999999 -999999 -999999 -999999 -999999 -999999 
	20646  1937 -999999 -999999 -999999 -999999 -999999 -999999 -999999 -999999 -999999 -999999 -999999 -999999 -999999 -999999 -999999 -999999 -999999 -999999 -999999 
	20646  1938 -999999 -999999 -999999 -999999 -999999 -999999 -999999 -999999 -999999 -999999 -999999 -999999 -999999 -999999 -999999 -999999 -999999 -999999 -999999 
	20646  1939 -999999 -999999 -999999 -999999 -999999 -999999 -999999 -999999 -999999 -999999 -999999 -999999 -999999 -999999 -999999 -999999 -999999 -999999 -999999 
	20646  1940 -999999 -999999 -999999 -999999 -999999 -999999 -999999 -999999 -999999 -999999 -999999 -999999 -999999 -999999 -999999 -999999 -999999 -999999 -999999 
	20646  1941 -999999 -999999 -999999 -999999 -999999 -999999 -999999 -999999 -999999 -999999 -999999 -999999 -999999 -999999 -999999 -999999 -999999 -999999 -999999 
	20646  1942 -999999 -999999 -999999 -999999 -999999 -999999 -999999 -999999 -999999 -999999 -999999 -999999 -999999 -999999 -999999 -999999 -999999 -999999 -999999 
	20646  1943 -999999 -999999 -999999 -999999 -999999 -999999 -999999 -999999 -999999 -999999 -999999 -999999 -999999 -999999 -999999 -999999 -999999 -999999 -999999 
	20646  1944 -999999 -999999 -999999 -999999 -999999 -999999 -999999 -999999 -999999 -999999 -999999 -999999 -999999 -999999 -999999 -999999 -999999 -999999 -999999 
	20646  1945 -999999 -999999 -999999 -999999 -999999 -999999 -999999 -999999 -999999 -999999 -999999 -999999 -999999 -999999 -999999 -999999 -999999 -999999 -999999 
	20646  1946 -999999 -999999 -999999 -999999 -999999 -999999 -999999 -999999 -999999 -999999 -999999 -999999 -999999 -999999 -999999 -999999 -999999 -999999 -999999 
	20646  1947 -999999 -999999 -999999 -999999 -999999 -999999 -999999 -999999 -999999 -999999 -999999 -999999 -999999 -999999 -999999 -999999 -999999 -999999 -999999 
	20646  1948 -999999 -999999 -999999 -999999 -999999 -999999 -999999 -999999 -999999 -999999 -999999 -999999 -999999 -999999 -999999 -999999 -999999 -999999 -999999 
	20646  1949 -999999 -999999 -999999 -999999 -999999 -999999 -999999 -999999 -999999 -999999 -999999 -999999 -999999 -999999 -999999 -999999 -999999 -999999 -999999 
	20646  1950 -999999 -999999 -999999 -999999 -999999 -999999 -999999 -999999 -999999 -999999 -999999 -999999 -999999 -999999 -999999 -999999 -999999 -999999 -999999 
	20646  1951 2200    -999999 1300    -999999 1300    900     2200    400     600     900     1300    600     900     700     600     700     1900    300     1300    
	20646  1952 1500    1500    1300    1200    1300    1100    700     500     1200    700     1300    1300    800     800     1100    700     600     600     900     
	20646  1953 3600    3400    1400    2400    2700    1400    3600    2400    700     2700    1200    1000    700     1000    1400    800     2900    1100    900     
	20646  1954 2600    1600    2600    1600    2600    700     700     1000    600     1000    2600    1700    500     600     700     500     700     600     600     
	20646  1955 2200    800     2200    700     1900    1800    1100    700     500     800     1900    300     1500    800     1800    800     800     1100    600     
	20646  1956 1900    1600    1400    1300    1900    800     1400    500     1300    1600    600     900     800     400     400     1400    900     800     700     
	20646  1957 1400    1100    1100    1100    1300    1000    900     1100    400     600     900     800     700     500     500     300     700     900     600     
	20646  1958 2800    1400    1100    800     1400    1000    2100    500     300     1400    600     400     1000    800     600     700     900     2100    700     
	20646  1959 4000    2800    4000    2800    2500    2000    2000    800     2000    500     800     2500    1500    1300    2000    2000    900     800     900     
	20646  1960 1400    1100    1400    700     1400    1400    700     400     700     1100    1000    1100    1400    400     800     700     300     300     400     
	20646  1961 1800    1800    1200    1100    1700    800     1200    500     1100    1700    700     800     700     700     800     1200    800     900     1500    
	20646  1962 2100    1500    1600    1300    1600    1400    2100    600     1300    800     1200    400     1400    400     700     900     2100    700     700     
	20646  1963 2200    1800    2000    1400    800     1200    900     1100    1000    800     600     800     1200    800     500     700     900     500     1700    
	20646  1964 1700    1700    1500    1300    1200    1200    1000    1300    500     1200    800     1100    500     1000    1200    700     700     900     800     
	20646  1965 1500    1000    1300    1000    1300    600     1500    300     1000    700     600     1300    600     300     600     1200    1500    700     300     
	20646  1966 1600    1100    1600    1100    1100    1400    1400    1100    600     500     600     1100    1000    300     1400    1400    700     300     300     
	20646  1967 1200    900     1200    900     1200    1200    1100    900     900     800     800     400     900     700     1200    700     700     1100    400     
	20646  1968 2100    1200    1600    800     1600    1200    1900    400     800     700     1600    600     600     700     1200    700     1500    1900    1400    
	20646  1969 2300    1100    1800    900     1100    1200    2300    900     400     1100    1000    400     1000    1200    900     1600    2100    300     600     
	20646  1970 3800    1500    3800    600     1500    2300    1400    600     400     1000    300     1500    2300    300     1100    1400    1400    400     900     
	20646  1971 2700    1400    2200    1400    2700    2200    2100    1400    900     600     2200    800     600     2000    300     2100    1100    400     900     
	20646  1972 3100    1500    2100    1300    1500    1300    3100    400     800     1500    900     700     700     1100    1300    1200    1900    500     2100    
	20646  1973 2300    1900    1900    1000    1900    1900    1200    1000    600     1900    400     400     1700    1000    1900    900     900     1000    600     
	20646  1974 2100    1100    1300    700     2100    800     400     500     600     1100    1300    700     500     600     800     400     400     400     700     
	20646  1975 1900    1100    1500    1100    1500    1000    1900    500     1100    300     900     1500    1000    600     900     500     1900    700     1100    
	20646  1976 2600    1300    2600    1300    1100    2600    400     700     1000    1100    800     800     1700    1600    2600    400     400     400     600     
	20646  1977 1700    600     1700    600     1000    1700    1100    400     400     500     700     1000    400     1600    1100    1100    1100    500     900     
	20646  1978 1800    800     1800    700     1700    1200    1200    500     700     500     900     1700    700     1100    1200    1100    1200    900     600     
	20646  1979 1400    700     1400    600     600     1200    1400    600     600     500     600     500     700     700     600     1400    1100    400     300     
	20646  1980 2100    1200    2100    1200    2100    800     1300    1200    800     1200    1000    2100    600     800     800     600     500     1000    900     
	20646  1981 1700    1600    1700    1600    1100    1100    900     400     1600    400     1100    500     400     900     1100    800     400     500     600     
	20646  1982 1900    1500    1900    1500    1600    1400    1900    1100    1500    900     1600    1200    400     1400    400     1900    800     600     900     
	20646  1983 1800    1600    1500    1600    1300    1500    1800    400     1600    1300    400     300     1500    1500    1300    900     700     1400    800     
	20646  1984 2600    1300    2600    1100    2100    2400    700     400     1100    1300    1900    300     700     1000    2400    300     700     700     600     
	20646  1985 2000    2000    1600    2000    1100    1600    1900    800     2000    800     1100    1100    500     1600    400     900     1900    600     400     
	20646  1986 2900    2500    1700    2500    1200    1700    2900    400     2500    1200    600     700     1100    1700    600     1500    1400    600     500     
	20646  1987 1600    1400    1600    1400    1200    1600    1300    1400    700     1200    900     800     300     1300    700     900     500     1000    1000    
	20646  1988 2500    900     2500    900     1000    2500    800     900     700     300     1000    400     2500    300     900     600     800     800     700     
	20646  1989 2200    1700    2200    1700    2000    2000    1200    1400    800     700     500     2000    1300    2000    1300    1000    800     1200    1000    
	20646  1990 1800    1400    1800    600     1600    1800    900     500     600     1400    600     1600    1000    1800    1000    900     900     500     600     
	20646  1991 2500    1600    2300    1600    1600    1100    1400    1000    600     1100    800     1600    300     400     1000    1400    1200    1000    1500    
	20646  1992 1400    1400    1300    1400    1100    1300    800     1200    600     400     900     1100    800     700     600     800     500     400     1100    
	20646  1993 2500    2500    1500    1800    2500    800     1600    500     1500    2500    800     700     700     400     800     400     1000    1500    300     
	20646  1994 1700    1000    1700    1000    900     1700    1600    500     1000    400     900     500     1000    1700    500     600     1600    800     400     
	20646  1995 2900    1200    2900    500     1000    2900    1200    300     500     600     800     900     1300    800     2400    400     1200    1100    1600    
	20646  1996 2200    2200    1200    2200    1600    1200    900     2100    600     1600    1200    1000    1000    1200    700     900     600     500     1400    
	20646  1997 2300    1800    2000    1800    1900    2000    2300    1700    300     1200    1900    1000    500     1200    2000    1800    1700    500     700     
	20646  1998 1700    1300    1700    1300    1400    1700    700     1200    1300    1200    200     1400    700     700     1700    500     300     700     300     
	20646  1999 2500    700     2500    700     800     1200    1400    400     400     700     300     800     900     900     1100    1400    1000    300     200     
	20646  2000 1600    800     1600    800     1000    1600    900     800     400     500     600     600     1600    700     1400    900     400     300     600     
	20646  2001 1300    800     1300    800     1300    1000    700     800     800     500     400     1300    800     900     800     200     500     700     1300    
	20646  2002 2400    1100    1400    1000    2400    700     1000    900     500     1100    1300    1400    700     700     700     1000    400     600     900     
	20646  2003 2200    2000    2200    2000    2200    1900    1300    900     2000    2000    2200    700     700     1100    1700    1000    1300    800     1000    
	20646  2004 1700    1000    1300    1000    1200    1100    1200    400     700     500     900     1200    700     600     500     1200    1000    400     1500    
	20646  2005 1600    1000    1400    800     1000    1200    1600    500     800     1000    500     1000    1200    900     600     800     1600    600     500     
	20646  2006 1700    1700    1500    1700    1300    1400    1500    1100    600     1300    900     700     1100    900     400     1500    800     600     900     
	20646  2007 4500    1000    3500    800     4500    900     1000    400     700     1000    3000    500     800     900     700     600     1000    400     1400    
	20646  2008 1700    1700    1300    1700    1300    1000    1000    500     1700    200     600     1300    1000    500     800     1000    700     800     1100    
	20646  2009 1500    1000    1500    900     1000    1400    1500    800     400     1000    900     900     1000    500     800     1500    700     400     600     
	20646  2010 2200    1100    2200    1100    2100    2200    1200    1100    1000    600     2100    900     2000    700     400     600     1200    400     600     
	20646  2011 2900    1800    1500    1500    1700    600     2900    600     900     1700    1500    700     300     500     400     1200    600     2900    300     
	20646  2012 1700    1400    1100    800     1700    1000    900     500     800     1400    300     1100    600     700     1000    900     500     700     400     
	20646  2013 2300    900     2300    700     1600    2300    1300    500     700     800     800     600     1100    2300    700     1100    400     800     500     
	20646  2014 1800    1700    1800    600     1700    1600    1800    400     600     1700    900     700     1600    500     500     1800    500     600     400     
	20646  2015 2000    2000    1500    900     2000    1500    1100    400     900     2000    1300    600     1100    700     900     700     700     400     700     
	20646  2016 1900    1700    1200    400     1700    1100    1200    300     400     1700    700     600     1100    900     800     1100    1100    1000    900     
	20646  2017 1800    1000    1800    800     1100    1800    1000    800     800     1000    1100    1100    1800    500     1000    800     1000    400     300     
	20646  2018 2800    1500    2800    1400    1900    2800    1400    500     1400    400     600     1900    1300    1500    600     700     1400    1200    600     
	20646  2019 2000    1700    2000    1700    2000    1600    1000    400     1700    1500    2000    800     1100    600     900     1000    500     500     500     
	20646  2020 2800    1100    1800    1000    2800    800     1800    1000    500     1100    1700    1800    800     800     700     1800    700     600     700     
	20646  2021 1800    1700    1800    1000    1700    1300    1200    300     1000    900     1700    700     1200    1300    900     1200    600     700     1100    
	20646  2022 3800    3400    3800    700     3800    1900    800     700     400     3000    2300    1500    900     1900    1300    400     700     800     900     
	20646  2023 3500    1200    3500    1200    1600    1900    900     600     1200    400     900     1600    1900    400     1200    900     700     300     400     
	20646  2024 1000    800     900     800     800     700     1000    800     200     800     400     500     700     500     700     900     600     800     700     
	20646  2025 2900    1200    2900    1000    2900    2400    1200    1000    900     1200    1100    2300    1700    700     2400    1000    1000    700     1300    
	20646  2026 -999999 1000    -999999 1000    -999999 -999999 -999999 1000    300     1000    1700    -999999 -999999 -999999 -999999 -999999 -999999 -999999 -999999 
	