EUROPEAN CLIMATE ASSESSMENT & DATASET (ECA&D), file created on: 17-05-2026
THESE DATA CAN BE USED FOR NON-COMMERCIAL RESEARCH AND EDUCATION PROVIDED THAT THE FOLLOWING SOURCE IS ACKNOWLEDGED: 

Klein Tank, A.M.G. and Coauthors, 2002. Daily dataset of 20th-century surface
air temperature and precipitation series for the European Climate Assessment.
Int. J. of Climatol., 22, 1441-1453.
Data and metadata available at http://www.ecad.eu

FILE FORMAT (MISSING VALUE CODE = -999999):

THIS FILE HOLDS DATA FOR STATION NETHERLANDS                              ZWEELO                                   (STAID:    530)
LATITUDE: dd:mm:ss +52:48:00
LONGITUDE: ddd:mm:ss +006:43:59
ELEVATION: m   16

DATA IS FOR INDEX Maximum no of consecutive dry days (RR < 1 mm) (CDD) with unit 0.01 No of days

01-06 SOUID: Source identifier
08-11 YEAR : YYYY
13-20 ANNUAL DATA VALUES
21-28 WINTER HALF YEAR DATA VALUES
29-36 SUMMER HALF YEAR DATA VALUES
37-44 WINTER (DJF) DATA VALUES
45-52 SPRING (MAM) DATA VALUES
53-60 SUMMER (JJA) DATA VALUES
61-68 AUTUMN (SON) DATA VALUES
69-76 JANUARY DATA VALUES
etc. 
157-164 DECEMBER DATA VALUES

530    1950 -999999 -999999 -999999 -999999 -999999 -999999 -999999 -999999 -999999 -999999 -999999 -999999 -999999 -999999 -999999 -999999 -999999 -999999 -999999 
	530    1951 2200    -999999 1200    -999999 1000    800     2200    1000    400     900     1000    400     800     700     600     800     1900    400     600     
	530    1952 1900    1000    1900    800     1900    700     1000    600     800     1000    1900    1200    700     600     500     1000    700     300     800     
	530    1953 2400    1800    1500    1400    1600    1500    1800    1100    900     1600    1100    1300    500     400     1500    700     1800    1600    800     
	530    1954 1700    1700    1500    1700    1700    600     600     1100    600     1700    1200    1300    600     400     600     300     300     600     500     
	530    1955 1500    1500    1200    1100    1200    800     800     900     1100    700     1200    600     500     800     700     800     700     800     300     
	530    1956 1400    1200    900     1200    1400    600     1000    500     700     1200    900     800     400     600     400     800     900     1000    500     
	530    1957 1400    1200    1300    1200    1400    1300    600     1200    300     500     1100    800     1300    500     600     300     500     600     600     
	530    1958 2100    2100    1100    600     2100    900     1200    600     200     2100    600     600     800     900     600     500     800     1200    400     
	530    1959 2700    2000    2400    2000    2400    1600    2700    500     1900    400     1000    2400    1600    1600    1400    2000    1800    1200    800     
	530    1960 1200    1200    1100    900     1200    700     800     800     900     1200    600     900     700     500     600     800     300     300     500     
	530    1961 1700    1000    1300    1000    900     700     1700    700     1000    900     600     600     700     500     700     1300    900     1700    900     
	530    1962 2100    1600    1400    1100    1400    800     2100    400     1100    1100    1400    400     800     700     400     600     2100    1100    700     
	530    1963 2300    2300    2000    1600    800     1200    1000    900     1600    700     500     800     1200    700     300     1000    900     500     1600    
	530    1964 2400    2400    1100    1700    1800    1000    1800    1700    600     1800    700     1100    500     1000    700     600     700     1100    400     
	530    1965 1600    900     1100    700     900     1100    1600    500     600     700     500     600     800     300     1100    900     1400    1400    400     
	530    1966 1800    1800    1700    1800    700     1100    1600    1800    600     600     300     700     1100    300     800     1500    800     800     400     
	530    1967 1800    900     1800    900     900     1800    1400    800     900     500     900     400     1800    600     900     700     300     1400    400     
	530    1968 2300    1100    2300    1000    2300    800     1000    400     1000    700     2300    700     600     400     800     800     1000    1000    1900    
	530    1969 2000    1200    2000    800     1200    2000    2000    800     500     1200    900     700     800     2000    800     1500    2000    500     900     
	530    1970 2200    1200    2200    800     1300    2200    1300    800     500     800     300     1300    2200    400     900     1300    1100    600     1000    
	530    1971 2100    700     1500    700     2100    1200    1700    700     400     600     1500    900     500     1100    400     1200    1100    600     800     
	530    1972 2200    1500    1100    1300    1500    1000    2200    1000    800     1500    600     400     500     1000    600     800     1800    400     1800    
	530    1973 2300    1800    2300    1200    1800    2300    1200    1200    600     1800    600     700     2300    1000    2000    1200    800     500     300     
	530    1974 3300    1100    2200    1000    3300    800     800     400     1000    1100    2200    600     800     300     800     800     500     400     500     
	530    1975 2100    1200    2100    1100    1400    2100    1000    700     1100    700     900     1400    1000    700     1400    800     1000    600     700     
	530    1976 2200    1300    2200    1300    1800    2200    1200    500     1000    1100    1600    800     1600    1200    1400    600     1000    400     500     
	530    1977 2000    1000    1500    600     1500    1300    2000    500     400     400     500     1500    1100    1300    700     1100    2000    300     700     
	530    1978 1700    1100    1700    1100    1200    1100    1400    1100    900     500     900     1200    1100    900     900     500     1400    1400    800     
	530    1979 1000    900     1000    900     1000    700     1000    900     600     300     1000    800     700     700     500     1000    900     700     400     
	530    1980 2700    1500    2700    1400    2700    800     700     1400    1400    700     800     2600    800     800     500     700     500     500     400     
	530    1981 1700    1300    1700    1300    1100    1700    1000    1200    800     500     1100    700     800     600     1700    1000    200     400     600     
	530    1982 1600    1600    1600    1600    1600    1200    1200    1400    1600    1000    1600    700     1000    1100    800     1200    800     400     400     
	530    1983 1600    1600    1200    1600    1300    1000    1600    400     1600    1300    400     300     900     900     1000    900     600     1300    600     
	530    1984 2600    1600    2600    1100    1400    2600    1900    300     1100    1300    1400    1000    800     900     2600    300     700     1600    500     
	530    1985 2200    2200    900     2200    900     500     1800    600     2200    400     900     800     300     500     400     800     1800    600     500     
	530    1986 2100    1500    1700    1500    1100    1700    2100    700     1500    1100    700     500     1300    600     900     1500    1000    600     400     
	530    1987 1300    1200    900     1200    1200    900     800     1200    600     1200    900     800     300     900     400     300     600     800     900     
	530    1988 2000    1100    2000    1100    1700    2000    1400    1100    500     200     1500    1400    2000    400     900     600     1400    700     500     
	530    1989 2000    1300    2000    1300    1500    2000    1300    1300    700     700     400     1500    1700    2000    700     600     400     1300    800     
	530    1990 1700    1200    1700    1200    1600    1700    1000    1200    300     800     500     1600    1100    1700    1000    600     1000    600     700     
	530    1991 2400    2100    2000    2100    1100    1400    900     1100    1000    1100    800     900     400     900     1400    700     900     800     1600    
	530    1992 2200    1300    2200    1300    1900    2200    1600    1200    600     500     1100    1900    1200    1000    800     1200    500     400     1200    
	530    1993 1600    900     1600    900     1600    1300    1600    400     900     900     800     1600    1300    300     400     500     1000    1600    200     
	530    1994 1600    1300    1600    1300    900     1600    1600    600     1300    200     900     600     1000    1100    1000    600     1600    600     400     
	530    1995 2900    1200    2700    600     1400    2700    1200    600     500     500     800     900     1300    800     2300    1200    1100    1100    1800    
	530    1996 2300    2300    2100    1600    2300    1300    1300    1600    700     2300    2000    600     800     1300    800     1000    1300    600     900     
	530    1997 2200    1800    2200    1800    2200    1800    1800    1800    300     1200    2200    1000    600     800     1800    1700    1500    1100    500     
	530    1998 1700    1000    1700    1000    1700    1000    800     1000    800     700     400     1700    200     1000    900     800     200     800     300     
	530    1999 1900    700     1900    700     1400    1300    1400    400     400     500     800     1400    800     900     500     1400    1000    400     300     
	530    2000 800     600     800     500     800     800     600     500     300     600     800     700     600     700     800     600     500     300     600     
	530    2001 1300    1000    1200    1000    1200    900     700     1000    300     700     400     1200    700     800     500     200     700     300     1300    
	530    2002 2300    1000    1500    1000    2300    700     1000    1000    600     1000    1300    800     400     700     700     1000    600     800     1300    
	530    2003 2200    2200    1900    2200    2000    1900    1100    500     2200    2000    1400    700     800     1100    1800    1100    1000    1000    1000    
	530    2004 1500    1100    1500    1100    1400    1500    900     200     1100    900     1200    1400    600     600     900     900     600     300     1400    
	530    2005 1900    800     1900    800     700     1100    1800    600     600     400     600     700     1100    800     600     1300    1800    600     700     
	530    2006 2000    1300    2000    1100    1500    2000    1100    1000    900     1300    900     1500    2000    1100    500     1100    700     600     900     
	530    2007 4300    900     3500    900     4300    900     1300    400     700     800     3000    500     800     400     900     500     1300    800     2300    
	530    2008 2600    1500    1400    1500    1400    700     1000    300     1500    200     1000    1400    600     400     700     1000    600     600     1200    
	530    2009 1700    1200    1700    1200    1700    1100    1500    800     400     700     1700    700     900     400     800     1500    500     300     600     
	530    2010 1600    900     1600    900     1600    1000    800     800     900     500     1100    1600    1000    900     400     400     800     500     300     
	530    2011 2800    1600    2800    700     2800    600     2000    600     700     1600    1900    900     400     600     200     1200    1100    2000    400     
	530    2012 1900    1600    1200    1600    1900    1200    1000    1000    1100    1400    500     600     700     700     600     1000    1000    700     200     
	530    2013 2300    1200    2300    800     1200    2300    1300    800     400     1200    1000    600     1100    2300    1000    1100    300     700     400     
	530    2014 1900    1500    1900    600     1400    1000    1900    500     600     1400    500     700     800     1000    700     1900    400     700     600     
	530    2015 1300    1000    1300    900     1300    900     1300    400     900     1000    1300    800     800     300     800     600     900     400     400     
	530    2016 1700    1500    1100    500     1500    900     1000    300     500     1500    600     1100    900     400     700     1000    1000    1000    1000    
	530    2017 1300    1300    1200    1300    1100    1200    900     1300    700     1100    1000    700     1200    800     800     900     700     300     300     
	530    2018 1800    1700    1800    1400    900     1800    1400    400     1400    500     900     800     1200    1800    800     800     1400    800     500     
	530    2019 1600    1000    1600    1000    1000    1600    700     400     1000    700     1000    900     1100    1000    1000    300     600     700     700     
	530    2020 2800    1600    2700    700     2800    900     1300    700     400     1600    2700    900     900     800     900     1300    800     500     400     
	530    2021 1700    1700    1400    1000    1400    1300    1100    200     1000    700     1400    400     1300    900     500     1100    400     500     800     
	530    2022 3000    1500    3000    700     3000    1600    1100    700     300     1300    2000    1000    1000    900     1600    500     1100    400     1000    
	530    2023 3900    1100    3900    1100    2000    1900    1000    700     1100    500     700     2000    1900    400     1200    1000    200     200     500     
	530    2024 1600    1300    1100    600     1300    800     1600    600     400     1300    500     1000    800     600     700     1100    700     900     600     
	530    2025 2700    2200    2700    1200    2700    2200    1200    700     900     2100    1200    2100    1100    500     2200    1000    700     1100    1100    
	530    2026 -999999 1000    -999999 1000    -999999 -999999 -999999 1000    500     900     1000    -999999 -999999 -999999 -999999 -999999 -999999 -999999 -999999 
	