EUROPEAN CLIMATE ASSESSMENT & DATASET (ECA&D), file created on: 17-05-2026
THESE DATA CAN BE USED FOR NON-COMMERCIAL RESEARCH AND EDUCATION PROVIDED THAT THE FOLLOWING SOURCE IS ACKNOWLEDGED: 

Klein Tank, A.M.G. and Coauthors, 2002. Daily dataset of 20th-century surface
air temperature and precipitation series for the European Climate Assessment.
Int. J. of Climatol., 22, 1441-1453.
Data and metadata available at http://www.ecad.eu

FILE FORMAT (MISSING VALUE CODE = -999999):

THIS FILE HOLDS DATA FOR STATION NETHERLANDS                              BIERVLIET                                (STAID:   2372)
LATITUDE: dd:mm:ss +51:19:59
LONGITUDE: ddd:mm:ss +003:40:59
ELEVATION: m    1

DATA IS FOR INDEX Maximum no of consecutive dry days (RR < 1 mm) (CDD) with unit 0.01 No of days

01-06 SOUID: Source identifier
08-11 YEAR : YYYY
13-20 ANNUAL DATA VALUES
21-28 WINTER HALF YEAR DATA VALUES
29-36 SUMMER HALF YEAR DATA VALUES
37-44 WINTER (DJF) DATA VALUES
45-52 SPRING (MAM) DATA VALUES
53-60 SUMMER (JJA) DATA VALUES
61-68 AUTUMN (SON) DATA VALUES
69-76 JANUARY DATA VALUES
etc. 
157-164 DECEMBER DATA VALUES

2372   1950 -999999 -999999 -999999 -999999 -999999 -999999 -999999 -999999 -999999 -999999 -999999 -999999 -999999 -999999 -999999 -999999 -999999 -999999 -999999 
	2372   1951 2400    -999999 1400    -999999 1200    1000    2400    500     600     900     1200    600     1000    1000    800     700     1900    200     1400    
	2372   1952 1500    1400    1500    1100    1500    1100    900     400     1100    700     1500    900     800     900     1100    900     600     500     600     
	2372   1953 3800    3800    1400    1400    2700    1400    2200    1400    1100    2700    1000    1300    1100    800     1400    800     2200    1800    800     
	2372   1954 1800    1600    1800    1600    1800    700     1000    1000    700     1000    1200    1800    600     700     400     300     1000    500     700     
	2372   1955 4500    1200    4500    1000    1900    4100    900     800     400     1200    1900    500     800     1300    3100    900     800     900     600     
	2372   1956 2500    1200    2500    1000    2500    700     1600    500     1000    1200    1700    1800    500     700     500     1600    900     900     1000    
	2372   1957 1400    1200    1400    1200    1400    1400    1000    1200    400     700     1000    800     700     900     400     300     600     1000    600     
	2372   1958 6500    1400    6500    600     3500    3000    2000    500     400     1400    1000    3100    3000    500     500     1000    800     2000    600     
	2372   1959 3000    2800    3000    2800    1700    1500    2000    800     2000    500     600     1700    1200    1500    1000    2000    1100    800     900     
	2372   1960 1700    1400    1700    1400    1700    1500    900     500     1300    1400    1700    1100    1500    400     600     900     300     300     600     
	2372   1961 3500    1800    3500    1200    3300    800     1200    600     1200    1700    500     3100    700     300     800     1200    1000    800     1500    
	2372   1962 2700    1400    2700    1300    1100    2500    2200    600     1300    800     700     400     2500    400     800     800     2200    800     700     
	2372   1963 7000    4400    2600    1800    5700    1200    1300    1600    1300    3100    2600    800     1200    800     500     1300    900     500     1500    
	2372   1964 1600    1600    1500    1300    1100    1500    1000    1300    700     1100    800     500     900     1000    1200    800     700     900     500     
	2372   1965 1500    1500    1400    1000    1400    1100    1500    400     1000    1300    600     1400    800     300     900     1000    1500    700     400     
	2372   1966 1500    1200    1500    1200    900     1300    1500    1200    600     500     600     900     900     400     1300    1500    500     400     200     
	2372   1967 1800    900     1800    900     900     1800    1000    900     700     600     900     500     1800    700     1200    900     1000    1000    400     
	2372   1968 1600    1300    1600    800     1600    800     1500    500     800     500     1600    900     600     800     800     600     1500    1400    900     
	2372   1969 6200    1100    6100    900     6200    1200    2200    900     700     1100    3000    3100    1100    1200    900     2100    2000    300     700     
	2372   1970 3000    1300    3000    500     1000    2000    1400    400     400     500     400     1000    2000    500     900     1400    1200    600     1000    
	2372   1971 2300    1000    2300    1000    1700    2300    1500    1000    800     700     1700    600     900     2100    500     1200    1100    400     900     
	2372   1972 2200    1500    2000    1000    1500    1300    2200    700     800     1500    800     400     700     1000    1300    700     1800    900     2100    
	2372   1973 3400    2400    2600    1700    2400    2500    1300    1300    600     2400    400     500     1700    500     2500    1200    1300    1000    400     
	2372   1974 2100    1100    1400    800     2100    1300    800     400     600     1100    1100    800     700     700     1300    800     400     300     700     
	2372   1975 2100    1100    1600    1000    1500    1000    2100    800     1000    300     1100    1500    1000    600     800     700     1900    700     1100    
	2372   1976 2600    1300    2600    1300    1800    2600    700     800     900     1100    1000    1100    1700    1600    2600    600     700     400     800     
	2372   1977 1300    600     1300    600     1100    900     1100    400     300     500     500     1100    400     800     600     700     1100    500     900     
	2372   1978 1800    1200    1800    1200    1600    1200    1700    700     1200    1200    900     1600    700     900     1200    1100    1500    1100    700     
	2372   1979 1400    700     1400    700     600     1200    1400    600     700     500     600     400     700     700     600     1400    1100    700     400     
	2372   1980 1600    1200    1600    1200    1600    1300    1200    1200    800     1200    1000    1600    800     800     1300    1000    500     900     1000    
	2372   1981 2200    1600    2200    1600    1000    1100    1100    400     1600    400     1000    400     800     900     1100    1100    200     500     500     
	2372   1982 1800    1400    1800    1400    1600    1200    1800    1200    1400    900     1600    600     700     1200    400     1800    600     700     900     
	2372   1983 2700    1600    2000    1600    1300    2000    2700    400     1600    1300    500     500     2000    1600    1400    600     1300    1400    600     
	2372   1984 2100    1200    2100    1100    2100    1900    900     500     1100    1200    1900    400     700     1000    1900    400     700     900     600     
	2372   1985 2000    2000    2000    2000    1100    2000    1900    700     2000    1000    1100    1100    500     1700    600     900     1900    500     300     
	2372   1986 2500    2500    1500    2500    1400    1500    2400    400     2500    1400    600     400     1500    1400    600     1500    900     600     700     
	2372   1987 1800    1300    1800    1300    1800    1600    1000    1300    700     1200    1800    700     300     1300    700     900     1000    900     900     
	2372   1988 2500    1100    2500    1100    1100    2500    800     300     1100    200     1100    600     2500    300     900     800     700     700     400     
	2372   1989 1800    1700    1800    1700    1800    1800    1200    1400    800     800     500     1800    1800    1400    900     700     400     1200    1100    
	2372   1990 2700    1600    2700    700     1600    2700    900     500     600     1600    800     1600    1000    2200    1000    800     900     500     500     
	2372   1991 2300    1800    2300    1800    1500    1100    1400    1200    800     1300    600     1500    300     400     1000    1400    700     800     1500    
	2372   1992 1300    1300    1300    1300    1300    1300    800     1200    1300    500     900     1300    1200    700     600     800     400     400     1100    
	2372   1993 2400    2400    1600    1800    2400    1600    1800    500     1500    2400    800     700     1200    400     800     300     1000    1500    600     
	2372   1994 1700    1200    1700    1200    1100    1700    1700    500     1200    700     800     600     1300    1700    800     600     1700    500     400     
	2372   1995 3000    1200    3000    400     1200    3000    1100    300     300     500     800     1100    1300    1000    2600    300     1100    700     1600    
	2372   1996 2300    2300    1300    2300    1900    1200    900     2100    500     1600    1300    1000    1000    1200    700     900     600     300     1400    
	2372   1997 2200    1800    1900    1800    1900    1900    2200    1700    400     1200    1900    1000    400     1000    1900    1700    1700    500     700     
	2372   1998 1700    1300    1700    1300    1700    1600    900     1000    1300    1000    300     1700    600     1000    1600    900     300     600     300     
	2372   1999 1100    900     1100    700     1000    1100    1000    300     400     900     400     1000    900     900     600     900     1000    400     200     
	2372   2000 1300    1100    1300    1100    900     1300    800     1100    300     900     600     600     1300    800     900     800     400     300     900     
	2372   2001 1500    1000    1400    1000    1400    1000    700     1000    800     500     300     1400    800     900     800     200     700     700     1500    
	2372   2002 2300    1100    1200    1000    2300    700     900     900     400     1100    1200    400     500     700     700     900     400     600     900     
	2372   2003 2900    2100    2900    2100    2200    2900    1300    900     2100    2000    2200    700     800     1200    2700    1000    1300    900     1000    
	2372   2004 1700    1000    1300    1000    1200    1000    1200    300     600     1000    1000    1200    700     600     400     1200    700     600     1500    
	2372   2005 1500    1000    1500    700     1100    900     1500    600     600     1000    700     1100    800     900     600     1000    1500    700     700     
	2372   2006 1700    1700    1500    1700    1300    1100    1500    1100    600     1300    700     700     1100    800     500     1500    700     600     1000    
	2372   2007 3700    900     3500    900     3700    1000    900     500     500     800     3000    500     600     400     1000    500     900     400     1400    
	2372   2008 1800    1800    1200    1800    1200    1100    800     500     1800    300     1000    1200    1100    500     700     800     700     400     1100    
	2372   2009 1500    1000    1500    900     1500    1500    1500    800     500     1000    900     1200    1000    800     1500    1500    700     400     600     
	2372   2010 2100    1000    2100    1000    2100    1200    1100    1000    600     600     2100    800     1100    600     400     700     1100    800     1100    
	2372   2011 2200    1800    1300    1500    1700    800     2200    600     900     1700    1000    1100    400     500     400     1300    600     2200    500     
	2372   2012 1900    1400    1100    800     1900    1100    900     500     800     1400    500     1100    400     600     1100    900     400     400     300     
	2372   2013 2200    900     2200    800     1600    2200    1300    600     800     800     1100    300     1100    2200    700     1100    500     300     1200    
	2372   2014 1900    1700    1900    500     1700    1600    1900    300     400     1700    900     600     1600    500     500     1900    400     1000    400     
	2372   2015 1700    1700    1300    900     1700    1200    1000    300     900     1700    1300    900     800     400     900     700     700     300     500     
	2372   2016 1700    1700    1400    700     1700    1400    1200    300     700     1700    700     700     500     1400    800     1200    1000    700     1000    
	2372   2017 2400    1200    1700    1200    2400    1500    900     1200    900     1100    1300    1300    1500    400     900     700     900     600     400     
	2372   2018 5600    1000    5600    900     1100    5600    2500    400     900     500     1100    1100    3000    2600    600     700     2500    1200    800     
	2372   2019 1700    1700    1700    1700    1600    1600    1000    400     1700    1500    1500    800     1100    1200    1400    1000    500     400     500     
	2372   2020 2800    1100    2300    700     2800    1000    2100    700     400     1100    1700    2000    1000    800     1000    2100    700     600     400     
	2372   2021 1500    1300    1500    1000    1500    1200    1200    300     1000    800     1500    700     1200    1200    500     1200    500     600     1100    
	2372   2022 3400    3400    2600    1000    3000    2600    800     1000    400     3000    1800    1500    900     1800    1500    400     700     800     500     
	2372   2023 3200    1800    3200    1800    1600    1600    900     600     1800    400     500     1600    1600    600     1200    900     700     300     400     
	2372   2024 1100    800     1100    800     700     1100    900     800     200     400     400     700     700     500     1100    900     700     500     700     
	2372   2025 3000    1900    3000    1200    3000    1800    1200    1200    900     1900    1100    2300    1700    800     1800    900     1200    800     1100    
	2372   2026 -999999 1300    -999999 1300    -999999 -999999 -999999 1300    300     900     1700    -999999 -999999 -999999 -999999 -999999 -999999 -999999 -999999 
	