EUROPEAN CLIMATE ASSESSMENT & DATASET (ECA&D), file created on: 17-05-2026
THESE DATA CAN BE USED FOR NON-COMMERCIAL RESEARCH AND EDUCATION PROVIDED THAT THE FOLLOWING SOURCE IS ACKNOWLEDGED: 

Klein Tank, A.M.G. and Coauthors, 2002. Daily dataset of 20th-century surface
air temperature and precipitation series for the European Climate Assessment.
Int. J. of Climatol., 22, 1441-1453.
Data and metadata available at http://www.ecad.eu

FILE FORMAT (MISSING VALUE CODE = -999999):

THIS FILE HOLDS DATA FOR STATION NETHERLANDS                              EELDE-1                                  (STAID:   2564)
LATITUDE: dd:mm:ss +53:07:00
LONGITUDE: ddd:mm:ss +006:34:59
ELEVATION: m    4

DATA IS FOR INDEX Maximum no of consecutive dry days (RR < 1 mm) (CDD) with unit 0.01 No of days

01-06 SOUID: Source identifier
08-11 YEAR : YYYY
13-20 ANNUAL DATA VALUES
21-28 WINTER HALF YEAR DATA VALUES
29-36 SUMMER HALF YEAR DATA VALUES
37-44 WINTER (DJF) DATA VALUES
45-52 SPRING (MAM) DATA VALUES
53-60 SUMMER (JJA) DATA VALUES
61-68 AUTUMN (SON) DATA VALUES
69-76 JANUARY DATA VALUES
etc. 
157-164 DECEMBER DATA VALUES

2564   1846 -999999 -999999 -999999 -999999 -999999 -999999 -999999 -999999 -999999 -999999 -999999 -999999 -999999 -999999 -999999 -999999 -999999 -999999 -999999 
	2564   1847 2600    -999999 2600    -999999 1100    2600    1000    1800    700     1100    700     1000    500     800     2600    500     900     900     2400    
	2564   1848 3500    1600    1800    1600    1800    700     900     1500    400     600     400     1600    500     700     400     900     400     600     900     
	2564   1849 1200    1000    1100    1000    900     800     1100    700     600     900     600     600     800     800     500     800     1100    500     500     
	2564   1850 1600    1200    1300    1200    700     1300    1000    1200    700     600     700     500     1300    700     400     1000    500     300     1300    
	2564   1851 1400    1000    1400    800     1000    1400    1100    700     700     1000    400     700     700     600     1400    1100    1000    400     1000    
	2564   1852 2200    2200    1800    800     2200    1800    1200    500     700     2200    1600    800     200     1700    800     900     1200    400     1000    
	2564   1853 5000    2600    1800    2600    1600    1300    3200    800     1800    1400    1100    1600    1200    400     1300    1800    900     3000    1800    
	2564   1854 4100    2100    2000    700     4100    1000    1200    700     300     2100    2000    1300    1000    800     700     1200    600     500     300     
	2564   1855 2500    1200    1800    1200    1800    1000    2500    1200    900     1200    1800    900     1000    500     300     1300    400     2500    900     
	2564   1856 1800    1400    1300    1100    1400    1300    1800    800     1100    1400    1300    400     1000    700     600     1000    1600    400     700     
	2564   1857 1800    1500    1500    1500    1000    1500    1800    600     1000    600     800     1000    1500    400     1100    700     1800    1100    900     
	2564   1858 2800    2800    1200    2400    1700    1200    1100    900     2400    1700    1200    500     1200    600     800     1100    600     1100    900     
	2564   1859 1400    600     1300    500     1100    1300    1400    500     500     300     700     1100    800     1000    1300    300     1400    1100    400     
	2564   1860 2500    900     1000    700     1000    1000    2500    700     600     400     500     700     400     1000    200     700     1200    1300    500     
	2564   1861 2300    1400    1400    1400    1400    1100    2300    1400    600     800     1400    700     1100    400     600     500     2300    200     1600    
	2564   1862 1700    1300    1600    1000    1300    900     1600    1000    800     1300    600     700     600     800     900     1600    1000    1000    500     
	2564   1863 1900    1400    1900    1400    1300    1900    800     400     1400    700     700     1300    500     1500    1000    500     700     800     400     
	2564   1864 2700    1900    2700    1900    2700    1600    800     1700    900     1600    2700    2000    300     1600    600     700     700     700     1500    
	2564   1865 3900    1500    3300    1500    3900    1200    3000    1000    800     600     3000    700     1200    700     600     2200    800     400     2500    
	2564   1866 3300    1100    3300    1100    1900    1400    1900    500     300     700     800     1900    1400    900     600     700     1200    300     1000    
	2564   1867 1800    1400    1800    1400    1000    1800    800     500     1400    900     300     1000    1500    500     1800    500     800     400     600     
	2564   1868 2000    1100    2000    1100    1400    1800    1600    1000    500     500     700     1100    1400    1800    500     1600    900     400     300     
	2564   1869 2000    1100    2000    1100    800     2000    400     1000    1100    700     700     600     800     1200    1400    400     300     400     1000    
	2564   1870 2900    2900    2200    2900    2000    2100    1900    1000    1900    800     1200    1600    2100    1700    500     1300    600     800     1300    
	2564   1871 1700    1000    1300    1000    1000    1300    1700    1000    1000    1000    800     800     600     400     1300    1100    1100    700     800     
	2564   1872 1300    1300    1200    1300    900     1200    800     800     700     900     800     600     900     900     1200    600     800     400     800     
	2564   1873 1900    1800    1700    1800    1700    900     1900    900     900     1100    1700    800     900     700     400     1000    500     1900    1300    
	2564   1874 2200    1300    2200    1300    2200    1700    1700    1200    800     800     2200    700     900     1700    900     1000    1200    800     900     
	2564   1875 2500    1700    2500    1200    2500    900     1500    400     1200    1100    2200    1100    900     800     800     1500    1000    400     800     
	2564   1876 1600    1500    1600    1500    1200    1600    1500    1500    200     400     800     1100    1400    1000    1600    500     1500    500     500     
	2564   1877 1200    600     1200    600     1200    900     1200    600     300     400     1200    600     900     700     300     700     600     600     500     
	2564   1878 2100    1200    2100    1200    2100    900     1000    500     1200    700     1100    1000    900     900     600     1000    1000    900     1100    
	2564   1879 1900    1900    1200    1900    1200    1100    700     1500    600     1200    800     600     300     900     500     700     700     500     1300    
	2564   1880 2800    2300    2800    2000    2400    2300    700     1200    1000    2300    700     1800    400     600     2300    700     700     500     300     
	2564   1881 1700    900     1200    900     1700    800     1000    800     900     800     1200    1000    500     600     700     600     600     1000    900     
	2564   1882 1900    1900    900     1900    1200    400     800     1900    1200    1200    800     700     300     400     400     800     600     400     400     
	2564   1883 2400    1600    2100    1600    2400    1300    1100    1600    600     700     2100    700     1300    200     1000    500     800     400     900     
	2564   1884 1900    900     1900    900     1300    1900    1300    700     700     800     1100    1300    1500    600     1200    1300    600     800     700     
	2564   1885 1600    1400    1600    1300    1600    1600    800     1300    1000    1400    1600    400     1200    1100    800     300     300     800     1000    
	2564   1886 2200    2200    1400    2200    1200    1300    1200    200     2200    1200    700     1000    900     600     1300    800     1100    600     300     
	2564   1887 2900    2900    2500    1500    2100    2500    1200    1100    1500    1900    2100    300     2200    1400    700     800     300     1200    400     
	2564   1888 1400    1400    1300    1400    1300    800     1200    1400    500     400     900     1300    800     300     500     1200    900     1100    1400    
	2564   1889 2600    1100    2600    1100    1200    2600    1800    800     400     600     1200    800     2100    500     400     1200    900     1800    1000    
	2564   1890 2000    1600    900     1600    1200    800     900     400     1400    1000    700     900     400     400     800     700     700     900     1700    
	2564   1891 2700    2700    900     2500    900     700     2000    700     2500    900     900     600     700     400     200     700     1200    800     1100    
	2564   1892 1800    1100    1500    1100    1800    1400    900     700     1000    1100    1500    800     500     1100    1400    900     400     900     1500    
	2564   1893 2800    1300    1700    1000    2800    1700    700     1000    400     1300    1500    1300    1700    1000    900     500     500     700     600     
	2564   1894 3300    1900    1400    1400    3300    700     1300    1400    900     1900    1400    1200    600     500     400     900     1200    1000    600     
	2564   1895 1800    1800    1700    1800    1400    1000    1800    700     1800    1400    1400    1300    800     800     1000    1700    300     700     900     
	2564   1896 1500    1400    1500    1400    1300    1200    1000    1100    1200    700     1000    1300    700     1200    500     200     200     1000    500     
	2564   1897 2500    1100    1800    1100    800     1500    2500    1100    1100    300     500     800     1500    1200    600     900     1200    1300    1500    
	2564   1898 1700    1200    1700    1200    1300    1400    1700    1200    600     1000    1200    300     1000    800     1400    1700    1000    1000    600     
	2564   1899 3100    3100    2300    1300    1800    2200    1300    900     1300    1800    900     500     1800    800     1400    300     1300    1100    600     
	2564   1900 1400    1400    900     1100    1200    700     900     500     1000    1200    900     800     400     600     700     700     400     900     600     
	2564   1901 1800    1800    1600    1800    1600    1100    1700    1800    1100    600     900     1600    800     1100    1000    1300    800     700     500     
	2564   1902 1700    1700    1400    1700    800     1400    1700    500     1700    600     800     500     1400    600     500     1200    500     1400    1200    
	2564   1903 1500    1100    1500    1100    1400    1500    1500    1100    700     900     200     1400    1000    500     200     1500    500     800     2200    
	2564   1904 2800    1300    1700    1000    700     1700    1700    900     800     700     700     700     600     1700    500     1700    600     1000    900     
	2564   1905 1600    900     1300    900     1300    1200    600     700     700     700     700     1300    1200    500     600     300     200     600     1600    
	2564   1906 1800    1100    1700    1100    1800    1100    1300    400     500     700     1700    500     1000    1000    500     1200    1100    500     1000    
	2564   1907 2400    1000    2300    900     1500    1100    2400    900     800     1000    800     600     300     1100    600     2300    500     1100    800     
	2564   1908 2300    1300    1500    1300    800     1500    2300    900     1100    800     400     500     1200    1000    500     900     2100    800     1200    
	2564   1909 1800    1800    1000    1200    1000    1000    600     1200    1200    600     900     1000    500     500     1000    500     500     600     800     
	2564   1910 1600    1300    1200    800     1600    1200    1400    800     400     1300    400     900     800     1000    1100    800     1400    400     300     
	2564   1911 2900    1100    2500    1100    2900    1500    800     1100    800     700     2500    1000    700     1200    1500    800     500     500     300     
	2564   1912 1900    1300    1900    1300    1900    1600    1000    1300    500     600     1700    400     600     1600    300     1000    1000    300     500     
	2564   1913 1800    1600    1800    1600    1200    1800    1100    1100    1600    400     1100    600     700     900     1800    1000    800     500     600     
	2564   1914 1900    1900    1400    1900    1000    1100    1400    1900    1000    500     900     900     1100    900     1100    900     1400    300     400     
	2564   1915 1900    700     1500    700     1500    1100    1900    700     500     600     1400    1000    1100    600     700     1400    1900    600     200     
	2564   1916 2600    1200    2600    500     1300    2600    1100    500     400     1200    1000    600     400     1300    1300    900     800     1100    400     
	2564   1917 2400    2400    1400    2400    1400    1100    1300    1400    1600    1200    700     1200    900     800     700     1100    500     400     700     
	2564   1918 1700    1200    1700    1200    1200    900     1000    700     600     1200    600     1000    900     700     700     200     600     800     300     
	2564   1919 2200    900     2200    900     2200    900     1200    700     900     800     1100    2200    800     700     800     1200    800     500     700     
	2564   1920 4200    1200    1500    1200    1200    1500    4200    600     1200    1200    400     700     1500    500     800     1300    3000    1400    800     
	2564   1921 3600    1900    1700    1300    1000    1600    3600    300     1300    900     600     1000    700     1600    700     1700    1900    2300    500     
	2564   1922 2100    1500    1500    1500    1100    900     2100    1400    1100    1100    700     600     900     400     400     900     2100    700     400     
	2564   1923 1400    1200    1400    400     1200    1400    800     400     400     1200    1000    700     300     1400    1400    700     300     800     400     
	2564   1924 1500    1300    1000    1100    1400    1000    1500    700     700     1300    800     400     900     800     400     400     1000    1500    1000    
	2564   1925 1800    800     1800    600     1200    1700    900     600     500     700     700     1200    1700    1200    800     600     600     900     600     
	2564   1926 1500    1500    1100    800     1500    1100    800     600     800     1500    1000    400     500     800     900     800     600     600     800     
	2564   1927 1800    1300    1500    1200    1300    900     900     1200    800     1300    300     1000    900     600     600     900     800     600     1200    
	2564   1928 3200    3200    2100    1200    2000    1100    2000    300     1200    2000    1200    800     600     1100    700     2000    700     400     400     
	2564   1929 1900    1600    1900    1400    1600    1900    800     1100    1300    1600    1400    700     600     1900    700     800     600     500     700     
	2564   1930 2200    2200    2000    1700    1000    2000    800     1700    1300    900     600     600     2000    500     700     600     800     300     800     
	2564   1931 1200    1000    1100    700     1100    1100    1200    500     400     1000    500     400     700     400     600     600     1200    1100    800     
	2564   1932 2000    2000    1600    2000    1900    1600    1000    1800    600     1900    400     300     1600    500     800     700     300     1000    800     
	2564   1933 1400    1200    1400    1100    1400    1000    1400    1100    500     1200    800     1400    1000    800     900     1200    700     600     900     
	2564   1934 1800    1600    1500    1600    1000    1500    1700    700     1600    700     600     1000    1200    1300    1400    800     400     1700    700     
	2564   1935 1800    1100    1800    1100    1800    1100    500     1100    400     1000    600     1200    400     1100    1000    400     500     500     600     
	2564   1936 1300    1000    1300    1000    1300    1000    1000    500     1000    900     800     1200    800     400     1000    500     500     1000    900     
	2564   1937 1700    700     1700    500     1000    1700    1300    500     200     500     600     700     700     1000    1200    500     1000    700     500     
	2564   1938 1900    1700    1900    1300    1700    1900    1100    300     1300    1700    1300    700     600     700     1400    1000    1000    1100    1200    
	2564   1939 2300    1200    2300    1200    1300    1700    900     400     800     500     600     1300    1000    500     1700    700     500     600     1400    
	2564   1940 2500    1400    2500    1400    2500    1100    700     1400    1000    700     700     2200    1100    200     700     700     700     500     600     
	2564   1941 2400    1500    2100    1500    2100    1400    2400    1100    600     1100    800     1300    1300    1200    300     1600    800     1300    600     
	2564   1942 3100    1800    3100    1600    3100    1200    700     1600    1500    1100    2100    1000    1200    600     800     700     400     600     800     
	2564   1943 3100    3100    1800    1300    1800    1800    1400    900     1300    1800    1100    1100    900     1700    500     1000    1200    600     1000    
	2564   1944 1900    1900    1400    1900    1300    1400    1100    500     1900    1100    900     600     900     1400    900     1100    600     300     1100    
	2564   1945 2100    1100    1400    900     1100    1400    2100    900     300     1100    800     700     700     1400    700     1300    2000    1200    500     
	2564   1946 1900    1500    1700    1500    1700    600     1900    1500    400     1100    1700    1600    500     600     500     700     1900    700     1200    
	2564   1947 3100    2600    3100    2600    1200    2400    1200    600     2000    400     1100    1200    800     1600    2400    700     1200    300     600     
	2564   1948 1800    1600    1800    1000    1400    1800    900     400     1000    1000    1400    1100    600     1800    500     400     600     900     1100    
	2564   1949 1900    1400    1900    1400    1300    1900    1400    700     900     1100    800     600     1600    900     800     1000    600     500     600     
	2564   1950 1600    1400    1600    1400    1000    1300    900     1400    300     500     1000    900     1300    300     600     200     900     600     1500    
	2564   1951 2700    2000    1200    2000    1100    900     2700    1300    700     1000    1100    500     900     600     600     900     2000    300     1300    
	2564   1952 1500    1000    1500    1000    1500    700     800     1000    800     1000    1100    1500    700     600     500     700     800     600     700     
	2564   1953 2300    2000    1400    1100    1600    1400    1500    800     1100    1600    1100    1300    1400    600     1000    700     800     1500    800     
	2564   1954 1700    1700    1300    1700    1600    800     600     1100    700     1600    1200    1300    500     400     800     400     300     600     500     
	2564   1955 1600    1500    1600    1100    1200    1400    800     1100    1100    800     1200    800     600     1300    1200    800     700     400     300     
	2564   1956 2000    1800    1300    1600    2000    700     1300    500     1100    1800    1000    800     700     400     400     1300    800     800     600     
	2564   1957 1400    1300    1100    1200    1400    1100    1000    1200    800     600     1100    800     1100    400     600     400     1000    600     900     
	2564   1958 1300    1300    1000    600     1300    1000    1200    500     200     1300    600     700     1000    900     500     500     800     1200    400     
	2564   1959 3500    1500    3500    1500    2800    1600    2200    500     1400    600     1000    2800    1100    1600    800     2000    1800    1300    700     
	2564   1960 2700    2100    1600    500     2700    700     1100    500     400     2100    600     1200    700     300     400     900     300     600     500     
	2564   1961 1500    1000    1300    1000    1300    700     1400    700     1000    900     1300    1000    700     500     700     1300    800     1400    1500    
	2564   1962 2100    1600    1600    1100    1000    1600    2100    400     1100    500     1000    400     1600    600     600     400     2100    1100    900     
	2564   1963 2000    1800    1500    1100    800     900     1500    900     1100    700     500     800     700     700     500     1500    900     400     1600    
	2564   1964 2400    2400    900     1600    1800    800     1000    1600    600     1800    900     900     500     800     500     600     700     900     200     
	2564   1965 1800    800     1100    800     900     1100    1800    600     600     600     500     500     700     600     1100    700     1400    1300    200     
	2564   1966 1700    1000    1700    1000    700     1100    1500    1000    600     600     300     700     1100    300     700     1500    900     300     200     
	2564   1967 1500    1500    1300    1500    700     1300    900     900     1500    600     700     400     1300    700     1100    800     300     900     500     
	2564   1968 2000    1300    1600    1300    1600    1000    1000    500     1300    800     1600    700     1000    900     800     700     1000    1000    1900    
	2564   1969 2000    1900    1800    700     1400    1200    2000    600     700     1400    900     600     1000    1200    600     1500    2000    400     800     
	2564   1970 2000    1200    2000    800     1300    2000    1300    800     600     600     300     1300    2000    400     900     1300    1100    800     1200    
	2564   1971 1900    800     1600    800     1900    1600    1700    800     400     500     1500    800     700     1500    600     800     1100    600     800     
	2564   1972 2200    1700    1600    1300    1700    1200    2200    1000    800     1700    1000    600     800     1200    800     800     1800    600     1000    
	2564   1973 2600    2600    2400    2600    2000    2400    1200    1900    600     2000    800     700     2400    500     1100    1200    800     500     800     
	2564   1974 3900    1100    2800    1100    3900    1300    800     500     1100    1100    2800    700     800     400     1300    800     300     500     600     
	2564   1975 2000    1200    2000    1100    1200    2000    1700    800     1100    800     900     1200    1100    700     1400    600     1700    400     1000    
	2564   1976 2200    1300    2200    1300    2000    2200    1100    500     1000    1100    2000    600     1600    1200    2200    900     1000    400     300     
	2564   1977 2000    1000    1800    600     1700    1600    2000    400     600     600     500     1700    1600    1200    500     1100    2000    300     1100    
	2564   1978 2000    1100    1400    1100    1400    500     2000    1100    500     500     1000    1200    500     500     400     500     1100    1100    800     
	2564   1979 1600    1600    1000    1400    700     700     1000    900     1400    300     700     400     600     700     500     1000    1000    400     400     
	2564   1980 1900    1500    1900    1500    1900    1000    700     1500    1300    1200    800     1900    1000    500     800     700     500     500     400     
	2564   1981 1500    1300    1500    1300    1400    1500    1100    1200    700     500     1400    700     800     700     1500    1000    600     300     700     
	2564   1982 1700    1600    1700    1600    1100    1100    1700    1400    1600    1100    1000    1000    1100    1100    700     1700    800     600     400     
	2564   1983 1700    1700    1200    1700    1300    1000    1600    400     1700    1300    400     200     700     900     1000    900     900     1300    600     
	2564   1984 2600    1300    2600    1100    1500    2600    1000    400     1100    1300    1500    600     800     900     2600    300     600     1000    500     
	2564   1985 2200    2200    900     2200    900     500     2100    900     2200    500     900     900     500     400     500     900     2100    1000    400     
	2564   1986 3000    3000    1600    2700    1200    1600    2100    700     2700    1100    1200    800     1300    1000    800     1500    1000    600     500     
	2564   1987 1400    1400    1000    1400    1300    1000    1200    1200    1400    1300    900     800     500     700     400     300     600     900     900     
	2564   1988 2300    1000    2300    1000    2300    1300    1900    1000    300     200     2100    1800    1100    400     900     900     1900    700     500     
	2564   1989 2000    900     2000    900     1800    1500    1300    600     600     700     500     1800    1200    1500    700     900     400     1300    800     
	2564   1990 2000    800     1800    800     1800    1800    2000    800     700     800     500     1800    1000    1800    900     600     2000    500     600     
	2564   1991 2500    2500    1600    2500    1300    1200    900     1100    1400    1300    700     1000    400     600     1200    600     900     800     1600    
	2564   1992 2200    1300    2200    1300    1900    2200    1700    1200    700     400     700     1900    2200    1200    600     1200    500     600     1200    
	2564   1993 2500    1800    2500    1800    2500    1300    1900    500     1500    1500    1000    1700    1300    400     400     500     1000    1600    200     
	2564   1994 1700    1700    1100    1700    900     1100    1700    500     1700    200     900     900     600     1100    1000    600     1700    600     400     
	2564   1995 3300    1500    2600    600     1800    2600    1400    600     500     500     1400    700     1300    500     2200    700     1400    1200    2100    
	2564   1996 3100    3100    2000    3100    2000    1000    1200    2200    900     1800    2000    600     800     1000    600     900     1200    400     1200    
	2564   1997 3000    1800    2200    1800    2200    2000    1500    1800    300     800     2200    1000    600     1100    2000    1500    900     1200    500     
	2564   1998 1600    900     1600    900     1500    1600    800     900     800     500     300     1500    300     600     1600    800     200     700     300     
	2564   1999 2500    800     2500    600     1700    1300    1400    300     300     800     800     1700    800     900     1100    1400    1000    400     200     
	2564   2000 1100    1100    800     1100    700     800     500     1100    300     600     700     700     800     600     600     400     500     300     600     
	2564   2001 1000    1000    1000    1000    1000    800     600     1000    300     700     500     1000    700     700     700     300     600     400     1000    
	2564   2002 2300    1000    1300    1000    2300    900     1000    1000    500     1000    1300    800     600     700     900     1000    800     500     1300    
	2564   2003 2300    2300    1800    2300    2000    1800    1000    400     2300    2000    1400    700     800     1100    1700    1000    1000    800     1000    
	2564   2004 1800    1500    1800    1100    1800    1500    1200    400     1100    1100    1800    1400    700     600     900     1000    1200    300     1400    
	2564   2005 1800    1200    1200    800     700     900     1800    500     600     500     600     700     800     900     500     700     1800    200     700     
	2564   2006 1900    1700    1900    1700    1300    1200    1900    1100    800     1300    600     1300    1200    1100    200     1900    900     600     900     
	2564   2007 2400    800     2200    800     2400    600     1200    400     500     600     2200    500     600     400     500     300     1200    800     1400    
	2564   2008 1600    1600    1500    1600    1500    800     900     300     1600    300     700     1500    800     400     800     900     600     600     1200    
	2564   2009 2200    1100    2200    1100    1700    900     2200    800     400     800     1700    500     600     400     900     2200    700     200     500     
	2564   2010 2000    800     2000    800     2000    1300    800     800     700     500     2000    1000    1100    800     400     400     800     500     500     
	2564   2011 2700    1600    2700    700     2700    700     2000    600     700     1600    1900    800     500     700     400     900     1200    2000    500     
	2564   2012 2700    2200    1300    900     2700    800     1000    500     900     2200    500     1300    400     700     800     1000    500     600     300     
	2564   2013 2200    1400    2100    900     2200    2100    700     900     400     1400    1300    700     1100    2100    1200    500     300     400     400     
	2564   2014 1400    1300    1200    600     1400    1000    1200    500     600     1300    600     700     800     1000    500     1200    400     700     600     
	2564   2015 1400    1000    1200    900     1200    900     1400    400     900     1000    1200    800     700     400     900     600     1000    400     300     
	2564   2016 1500    1000    1300    400     1100    800     1500    300     400     1000    600     1100    800     300     700     1300    1500    1000    600     
	2564   2017 1300    1300    1300    1300    1000    1300    900     1300    1100    800     1000    700     1300    600     500     900     900     300     800     
	2564   2018 1800    1700    1800    1400    800     1800    1800    300     1400    700     800     800     600     1800    800     500     1800    700     500     
	2564   2019 1500    800     1500    700     1000    1500    700     400     700     600     1000    900     1000    1000    1100    600     500     700     700     
	2564   2020 2800    1700    2700    700     2800    900     1300    700     600     1700    2700    1000    700     500     900     1300    600     800     500     
	2564   2021 1600    1600    1400    1000    1400    1300    1400    300     1000    900     1400    500     1300    800     500     1400    500     700     1000    
	2564   2022 3100    1700    3100    900     3100    1600    800     900     400     1300    2100    1000    400     900     1600    500     800     600     1000    
	2564   2023 3500    1100    3500    1100    1600    1900    1000    600     1100    400     500     1600    1900    500     1100    1000    200     200     500     
	2564   2024 1300    1300    1100    600     1300    800     1100    600     300     1300    500     1000    800     600     700     1100    600     900     700     
	2564   2025 2700    1200    2700    1200    2700    2200    1100    1100    1000    1000    1400    2100    1100    700     2200    900     300     700     1200    
	2564   2026 -999999 1300    -999999 1300    -999999 -999999 -999999 1300    300     900     1000    -999999 -999999 -999999 -999999 -999999 -999999 -999999 -999999 
	