EUROPEAN CLIMATE ASSESSMENT & DATASET (ECA&D), file created on: 17-05-2026
THESE DATA CAN BE USED FOR NON-COMMERCIAL RESEARCH AND EDUCATION PROVIDED THAT THE FOLLOWING SOURCE IS ACKNOWLEDGED: 

Klein Tank, A.M.G. and Coauthors, 2002. Daily dataset of 20th-century surface
air temperature and precipitation series for the European Climate Assessment.
Int. J. of Climatol., 22, 1441-1453.
Data and metadata available at http://www.ecad.eu

FILE FORMAT (MISSING VALUE CODE = -999999):

THIS FILE HOLDS DATA FOR STATION NETHERLANDS                              ENTER                                    (STAID:  20517)
LATITUDE: dd:mm:ss +52:17:17
LONGITUDE: ddd:mm:ss +006:34:54
ELEVATION: m -100

DATA IS FOR INDEX Maximum no of consecutive dry days (RR < 1 mm) (CDD) with unit 0.01 No of days

01-06 SOUID: Source identifier
08-11 YEAR : YYYY
13-20 ANNUAL DATA VALUES
21-28 WINTER HALF YEAR DATA VALUES
29-36 SUMMER HALF YEAR DATA VALUES
37-44 WINTER (DJF) DATA VALUES
45-52 SPRING (MAM) DATA VALUES
53-60 SUMMER (JJA) DATA VALUES
61-68 AUTUMN (SON) DATA VALUES
69-76 JANUARY DATA VALUES
etc. 
157-164 DECEMBER DATA VALUES

20517  1896 -999999 -999999 -999999 -999999 -999999 -999999 -999999 -999999 -999999 -999999 -999999 -999999 -999999 -999999 -999999 -999999 500     1000    500     
	20517  1897 2500    1200    1500    1200    800     1500    2500    1200    700     700     800     800     1200    1200    400     1100    1200    1300    1400    
	20517  1898 1400    1100    1300    1100    1200    1300    1400    1100    400     700     1200    600     1000    800     1300    1100    1100    1200    700     
	20517  1899 2500    1600    2500    1600    1400    2100    1400    1100    1200    1400    400     600     2000    900     1600    300     1400    700     1000    
	20517  1900 2100    1600    2100    1100    2100    700     1200    500     1000    1400    1500    800     600     600     700     1200    500     800     700     
	20517  1901 1800    1800    1400    1800    1400    1100    1700    1800    900     600     1000    1400    800     1100    1000    1300    700     800     400     
	20517  1902 1700    1700    1600    1700    800     1600    1600    500     1700    700     800     800     1600    600     400     1200    500     1100    1200    
	20517  1903 1600    1300    1600    1300    900     1600    900     1300    700     900     400     900     1100    500     400     900     600     500     1600    
	20517  1904 2200    1200    2000    1100    1300    2000    1200    900     700     600     1000    1300    700     2000    600     1200    600     1100    1000    
	20517  1905 1500    1500    1500    1500    1100    1500    1000    1500    400     600     1100    1000    1500    500     600     800     500     1000    700     
	20517  1906 1800    800     1700    800     1800    1100    1200    600     800     700     1700    500     1100    800     500     1100    900     700     900     
	20517  1907 1700    1000    1700    800     1400    1700    1500    800     700     900     1000    700     700     1700    500     1500    400     1100    800     
	20517  1908 2700    1600    1800    1300    1600    1800    2700    900     1100    1600    400     500     1200    900     500     1100    2300    700     1200    
	20517  1909 1800    1300    1200    1300    1000    700     1200    900     1300    400     1000    1000    600     700     600     1200    700     700     900     
	20517  1910 1900    1300    1500    800     1900    900     1500    800     400     1300    600     1200    900     700     600     1500    1200    600     500     
	20517  1911 1600    1400    1600    1400    1600    1500    1200    1200    1400    900     1600    1500    700     1100    1500    1200    600     500     600     
	20517  1912 2000    800     2000    800     2000    1800    1800    800     600     600     1900    400     800     1800    300     1800    1200    300     700     
	20517  1913 1700    1600    1700    1600    1200    1700    1300    1000    1600    400     800     700     800     700     1700    1200    900     800     600     
	20517  1914 1800    1600    1800    1600    1300    1800    1200    1600    1000    400     1300    900     1200    700     1800    800     700     1200    700     
	20517  1915 2000    900     2000    900     1300    1700    1400    900     700     600     700     1300    1700    400     600     1000    1400    600     700     
	20517  1916 2700    800     2700    700     1200    2700    1100    700     500     700     1000    600     1200    1400    1300    1000    700     1000    500     
	20517  1917 3100    3100    1600    3100    1600    1100    1300    1400    1700    1500    600     1300    1000    700     300     1100    500     500     1100    
	20517  1918 2200    2200    1200    2200    1800    900     1000    1600    700     1800    400     1000    900     700     800     300     700     700     300     
	20517  1919 2100    2000    2100    2000    2100    1200    1200    1000    1500    900     1000    2100    1200    700     1000    1200    900     600     700     
	20517  1920 2800    1200    2000    1200    800     2000    2800    600     1200    800     500     500     2000    500     700     800     1600    1400    600     
	20517  1921 2700    1400    2300    1300    2200    1500    2200    500     1300    700     700     2200    1000    1500    600     1700    1500    2200    900     
	20517  1922 1600    1600    1400    1100    1600    1200    1400    1100    1100    1600    700     1200    1200    300     400     500     1400    1100    600     
	20517  1923 1600    1200    1400    600     1600    1400    800     600     500     1200    800     500     300     1400    1300    700     600     700     500     
	20517  1924 1600    1600    1200    1600    1600    1200    1400    1200    1200    1600    1100    700     1000    1200    800     500     900     1400    1200    
	20517  1925 1900    1200    1900    1200    600     1800    1300    1200    500     500     600     600     1700    800     1800    500     1100    800     600     
	20517  1926 1400    800     1400    800     1100    900     800     700     800     700     800     600     500     800     900     800     600     400     1200    
	20517  1927 1900    1100    1500    1100    1500    600     1200    500     1000    1000    500     1100    400     600     600     900     1200    800     1300    
	20517  1928 2300    1700    2300    1200    1500    900     2200    400     1200    1300    800     700     600     900     500     2200    400     700     500     
	20517  1929 2100    2100    2000    1100    2100    2000    900     1100    800     2100    1000    700     500     2000    1000    800     900     700     500     
	20517  1930 2100    2000    2100    1800    1300    2100    1100    1800    1100    1200    500     500     2100    500     800     600     1100    400     600     
	20517  1931 1500    1100    1500    1100    1000    1500    1200    600     900     1000    400     900     1000    500     500     1000    1200    1200    1100    
	20517  1932 1900    1900    900     1600    1900    900     1000    1500    600     1900    800     600     900     500     700     400     500     1000    1800    
	20517  1933 2300    2300    2300    2300    2300    1000    1200    2300    800     1200    2300    1000    900     800     1000    1200    1100    600     600     
	20517  1934 2200    2200    1900    2200    1500    1300    1200    700     2200    900     600     1400    1100    1200    900     800     300     1200    300     
	20517  1935 1900    1600    1900    500     1900    1200    800     500     400     1600    600     1300    500     900     1200    700     800     700     600     
	20517  1936 1700    1700    1400    900     1700    1200    1400    300     900     1700    500     900     600     300     1200    400     1100    1000    700     
	20517  1937 1300    800     1200    500     700     1200    1300    500     200     400     500     600     500     400     900     400     1000    800     500     
	20517  1938 1300    1300    1300    1300    1300    1300    1300    300     1300    1300    700     900     1300    700     600     800     1200    1300    1200    
	20517  1939 2400    1300    2400    1300    1400    1000    800     500     800     400     600     1400    1000    600     600     700     400     400     1400    
	