EUROPEAN CLIMATE ASSESSMENT & DATASET (ECA&D), file created on: 17-05-2026
THESE DATA CAN BE USED FOR NON-COMMERCIAL RESEARCH AND EDUCATION PROVIDED THAT THE FOLLOWING SOURCE IS ACKNOWLEDGED: 

Klein Tank, A.M.G. and Coauthors, 2002. Daily dataset of 20th-century surface
air temperature and precipitation series for the European Climate Assessment.
Int. J. of Climatol., 22, 1441-1453.
Data and metadata available at http://www.ecad.eu

FILE FORMAT (MISSING VALUE CODE = -999999):

THIS FILE HOLDS DATA FOR STATION NETHERLANDS                              TILBURG                                  (STAID:   2529)
LATITUDE: dd:mm:ss +51:34:00
LONGITUDE: ddd:mm:ss +005:07:59
ELEVATION: m   11

DATA IS FOR INDEX Maximum no of consecutive dry days (RR < 1 mm) (CDD) with unit 0.01 No of days

01-06 SOUID: Source identifier
08-11 YEAR : YYYY
13-20 ANNUAL DATA VALUES
21-28 WINTER HALF YEAR DATA VALUES
29-36 SUMMER HALF YEAR DATA VALUES
37-44 WINTER (DJF) DATA VALUES
45-52 SPRING (MAM) DATA VALUES
53-60 SUMMER (JJA) DATA VALUES
61-68 AUTUMN (SON) DATA VALUES
69-76 JANUARY DATA VALUES
etc. 
157-164 DECEMBER DATA VALUES

2529   1950 -999999 -999999 -999999 -999999 -999999 -999999 -999999 -999999 -999999 -999999 -999999 -999999 -999999 -999999 -999999 -999999 -999999 -999999 -999999 
	2529   1951 2200    -999999 1400    -999999 1100    1000    2200    400     300     900     1000    1100    1000    700     700     700     1900    300     1300    
	2529   1952 1300    1000    1300    900     1300    1100    800     500     900     1000    1200    1300    800     900     1100    800     600     700     700     
	2529   1953 2600    1700    1400    1300    1600    900     2600    1300    700     1600    1300    1300    700     700     900     700     2600    1100    900     
	2529   1954 1800    1800    1700    1800    1700    700     700     1100    700     1500    1600    1500    600     700     500     600     700     600     600     
	2529   1955 1600    1300    1600    1000    1200    1600    1100    900     1000    800     1200    400     1600    1300    1100    800     700     1100    500     
	2529   1956 1500    1300    1500    1300    1500    400     1400    500     1300    1200    1500    800     400     400     300     1400    900     1000    700     
	2529   1957 1500    1200    1500    1200    1500    1500    1100    1200    300     600     1100    800     700     900     700     300     1000    1100    600     
	2529   1958 2800    1400    1100    800     1300    900     2100    500     300     1300    500     400     800     900     600     1000    900     2100    700     
	2529   1959 3700    2800    3700    2800    2800    1700    2000    800     2000    300     900     2800    1700    1700    1700    2000    900     800     800     
	2529   1960 1400    1100    1400    900     1400    900     800     300     900     1100    600     1100    900     500     300     800     300     400     600     
	2529   1961 1700    1700    1300    1100    1700    700     1300    600     1100    1700    700     1000    700     700     600     1300    900     900     1500    
	2529   1962 2200    2000    1700    1300    1400    1400    2200    600     1300    1100    900     500     1400    900     700     1200    2200    900     700     
	2529   1963 2600    2300    2000    2300    800     1300    1800    1300    1100    800     600     800     1200    1300    500     1800    1000    900     1700    
	2529   1964 1800    1800    900     1300    1200    900     1000    1300    600     1200    800     600     500     900     800     800     700     900     800     
	2529   1965 1500    1500    1100    1000    1300    1100    1200    300     1000    1300    600     700     800     300     600     1100    1200    700     300     
	2529   1966 1600    1500    1600    1500    1400    1000    1500    1500    600     500     700     1400    1000    500     800     1500    800     300     300     
	2529   1967 1300    900     1300    900     1000    1300    1100    800     900     900     900     500     1300    700     1200    900     900     1100    400     
	2529   1968 2200    1200    1900    800     1900    700     1900    400     800     700     1900    600     600     700     500     700     1500    1900    1500    
	2529   1969 2300    1100    1800    800     1100    1200    2300    800     400     1100    1000    700     800     1200    900     1600    2100    300     900     
	2529   1970 2500    1300    2500    600     700     2300    1300    500     400     400     500     700     2300    500     1200    1300    1200    900     2100    
	2529   1971 2300    1600    2300    1600    2000    2100    2200    1600    900     500     1500    800     500     2000    700     2200    1100    600     900     
	2529   1972 3100    1500    1700    900     1500    1200    3100    700     800     1500    900     800     600     1000    1200    1200    1900    500     1800    
	2529   1973 3100    2100    1900    2100    2000    1700    1700    1300    600     2000    400     400     1700    900     1200    1700    900     1000    800     
	2529   1974 3300    1100    2200    700     3300    1000    400     600     600     1100    2200    900     800     500     1000    400     300     400     600     
	2529   1975 1900    1100    1900    1100    1800    900     1800    500     1100    200     900     1800    700     800     900     500     1800    700     900     
	2529   1976 2300    1500    2300    1500    1800    2300    800     500     1500    1100    1700    800     1700    1100    2300    500     800     400     600     
	2529   1977 2000    900     2000    600     1100    1600    2000    400     400     600     700     1100    800     1600    1100    2000    2000    600     900     
	2529   1978 1800    900     1700    900     1200    1000    1800    900     700     500     900     1200    700     900     1000    1000    1300    1200    700     
	2529   1979 1400    900     1400    600     900     1200    1400    600     500     200     900     500     600     800     700     1400    1200    700     400     
	2529   1980 2000    1400    2000    1400    2000    1300    1200    1400    700     1200    900     1900    1300    800     800     900     500     900     400     
	2529   1981 1700    1700    1700    1700    1200    1000    700     600     1700    600     1100    500     1000    600     1000    700     200     500     600     
	2529   1982 1800    1500    1800    1500    1600    1100    1800    1100    1500    800     1600    1100    200     1100    300     1800    800     600     600     
	2529   1983 1900    1900    1400    1900    1300    1400    1800    500     1900    1300    300     200     1400    1200    1300    600     700     1400    800     
	2529   1984 2000    1300    2000    1100    2000    1300    700     400     1100    1300    1900    500     700     1000    1300    500     700     700     700     
	2529   1985 2000    2000    1500    2000    1100    1500    1800    400     2000    1100    1100    1000    300     1500    400     800     1800    600     500     
	2529   1986 3500    3500    1600    3200    1100    1600    3200    400     2800    1100    600     800     1100    1600    700     1500    1700    600     500     
	2529   1987 2000    1500    2000    1500    2000    1400    1300    1500    700     1200    1800    700     400     1400    700     900     500     1000    1400    
	2529   1988 2500    900     2500    900     1100    2500    1100    900     600     300     1100    800     2500    300     700     600     1100    900     700     
	2529   1989 2100    1300    2100    1300    1900    1800    1300    1000    800     700     500     1900    1800    1400    1400    900     700     1300    1100    
	2529   1990 2100    2100    1800    600     2100    1800    1000    600     600     2100    700     1500    1100    1800    1400    600     1000    600     600     
	2529   1991 2500    2000    2300    2000    1600    1600    1400    1000    1200    1300    1000    1600    600     600     1000    1400    1100    1000    1500    
	2529   1992 2200    1300    2200    1300    2100    1300    1600    1200    600     500     900     2100    1100    700     300     1600    500     300     1100    
	2529   1993 2500    2500    1800    1800    2500    1800    1700    700     1500    2500    800     700     1400    500     600     500     1100    1500    300     
	2529   1994 2600    1000    2600    1000    1400    2600    1600    400     1000    400     1400    500     1400    1700    400     300     1600    500     600     
	2529   1995 2800    1200    2800    600     1900    2800    1100    600     500     500     800     1500    1300    1000    2400    800     1100    1100    1600    
	2529   1996 3200    3200    1300    3200    1600    1300    1200    2200    1000    1600    1300    1200    1000    1300    700     900     1200    500     1400    
	2529   1997 2000    1800    2000    1800    1900    2000    2000    1800    500     1500    1900    1000    600     600     2000    1700    1700    400     700     
	2529   1998 1900    1300    1900    1300    1700    1900    1000    800     1300    800     300     1700    600     500     1900    1000    400     700     300     
	2529   1999 1900    800     1900    600     1200    1200    1300    300     400     800     800     700     700     900     600     1300    1100    400     200     
	2529   2000 800     500     800     500     700     800     500     500     400     400     600     600     700     500     800     500     400     300     800     
	2529   2001 1800    800     1800    800     1300    1800    800     800     400     500     300     1300    1300    800     1000    300     700     800     1100    
	2529   2002 2300    1000    1600    1000    2300    800     1000    1000    600     1000    1300    600     500     800     700     1000    700     600     1100    
	2529   2003 2000    2000    1900    1900    2000    1900    1100    600     1900    2000    1800    700     1300    1600    1700    1100    900     800     1000    
	2529   2004 1700    1000    1200    1000    1200    900     1300    300     700     500     800     1200    500     600     300     900     1300    300     1500    
	2529   2005 1700    1300    1500    800     900     1500    1700    500     800     900     400     600     1500    1200    600     800     1700    400     700     
	2529   2006 1500    1300    1500    1000    1400    1100    1500    1000    500     1300    800     1400    1100    1100    400     1500    700     600     1000    
	2529   2007 4500    1000    3500    1000    4500    800     900     300     700     1000    3000    500     700     600     800     500     900     400     1500    
	2529   2008 1700    1700    1200    1700    1200    900     900     500     1700    200     800     1200    700     500     900     900     700     800     1100    
	2529   2009 2000    1000    2000    1000    1200    2000    2000    800     1000    800     900     700     1500    500     700     1600    1200    400     700     
	2529   2010 2100    900     2100    900     2100    1300    1400    600     900     600     2100    1400    1100    800     400     500     1200    1400    500     
	2529   2011 2500    1300    1600    800     1600    700     2500    600     800     1200    1500    1500    300     400     400     1200    600     2500    300     
	2529   2012 2600    2400    1100    900     2600    1100    1100    500     900     2400    300     700     600     700     1100    1000    1100    400     400     
	2529   2013 2200    1100    2200    800     1900    2200    1300    500     800     1100    800     900     1100    2200    700     1100    500     800     500     
	2529   2014 2400    1700    2400    400     1700    1600    2300    400     400     1700    600     500     1600    500     200     2300    700     600     400     
	2529   2015 2000    2000    1500    1400    2000    1500    1400    400     1400    2000    1200    900     1100    700     900     600     1000    400     500     
	2529   2016 1500    1300    1500    600     1500    900     1200    300     600     1300    500     1500    900     900     900     1000    1200    900     800     
	2529   2017 1300    1300    1200    1300    1100    1200    800     1300    400     1100    1000    900     1200    500     900     800     700     600     400     
	2529   2018 5000    1500    5000    1400    900     5000    2300    400     1400    400     900     800     2300    2700    700     700     2300    1200    600     
	2529   2019 1700    1700    1600    1700    1500    1600    900     500     1700    700     800     1500    1100    600     900     900     500     700     500     
	2529   2020 2800    1000    2700    1000    2800    1600    1900    1000    300     900     2700    1900    800     800     1000    1900    800     800     400     
	2529   2021 -999999 -999999 1800    -999999 900     1200    1200    -999999 600     900     900     500     1200    800     900     1200    600     700     1000    
	2529   2022 3400    3400    2600    700     3000    2600    800     700     400     3000    1700    1700    1400    1900    1600    400     800     700     1000    
	2529   2023 3900    1400    3900    1400    2000    1900    1100    1100    1100    500     700     2000    1900    500     1200    1000    1000    400     600     
	2529   2024 1200    -999999 1100    -999999 900     800     1200    700     -999999 900     500     700     800     500     600     1100    600     1000    600     
	2529   2025 2900    2500    2900    1200    2900    2700    1200    1200    1000    2400    1100    2300    1600    700     2700    1000    1000    700     1300    
	2529   2026 -999999 -999999 -999999 1000    -999999 -999999 -999999 1000    400     -999999 -999999 -999999 -999999 -999999 -999999 -999999 -999999 -999999 -999999 
	