EUROPEAN CLIMATE ASSESSMENT & DATASET (ECA&D), file created on: 17-05-2026
THESE DATA CAN BE USED FOR NON-COMMERCIAL RESEARCH AND EDUCATION PROVIDED THAT THE FOLLOWING SOURCE IS ACKNOWLEDGED: 

Klein Tank, A.M.G. and Coauthors, 2002. Daily dataset of 20th-century surface
air temperature and precipitation series for the European Climate Assessment.
Int. J. of Climatol., 22, 1441-1453.
Data and metadata available at http://www.ecad.eu

FILE FORMAT (MISSING VALUE CODE = -999999):

THIS FILE HOLDS DATA FOR STATION NETHERLANDS                              DRONTEN                                  (STAID:   2395)
LATITUDE: dd:mm:ss +52:33:00
LONGITUDE: ddd:mm:ss +005:51:00
ELEVATION: m    0

DATA IS FOR INDEX Maximum no of consecutive dry days (RR < 1 mm) (CDD) with unit 0.01 No of days

01-06 SOUID: Source identifier
08-11 YEAR : YYYY
13-20 ANNUAL DATA VALUES
21-28 WINTER HALF YEAR DATA VALUES
29-36 SUMMER HALF YEAR DATA VALUES
37-44 WINTER (DJF) DATA VALUES
45-52 SPRING (MAM) DATA VALUES
53-60 SUMMER (JJA) DATA VALUES
61-68 AUTUMN (SON) DATA VALUES
69-76 JANUARY DATA VALUES
etc. 
157-164 DECEMBER DATA VALUES

2395   1912 -999999 -999999 2000    -999999 -999999 800     1000    -999999 -999999 -999999 1900    500     600     800     200     1000    1000    400     800     
	2395   1913 1900    1900    1900    1900    1700    1800    1600    1400    1900    900     1000    700     600     900     1800    1000    1600    400     600     
	2395   1914 2100    1600    2100    1600    2100    1200    1400    1600    1000    400     1700    1000    900     1000    1200    1000    1100    700     400     
	2395   1915 1900    1100    1200    500     1000    1200    1900    500     400     700     700     1000    1200    700     700     1100    1900    700     400     
	2395   1916 2600    1800    2600    1300    1800    2600    1100    1000    1100    1800    1000    900     1100    1300    1300    1000    800     900     700     
	2395   1917 2800    2800    1500    2800    1800    1100    1000    1800    1000    1800    700     1200    500     900     400     800     700     1000    800     
	2395   1918 2200    2200    1300    1200    1800    1300    900     700     700     1800    1000    600     700     700     800     300     500     900     500     
	2395   1919 3100    2000    3100    2000    2800    1600    1900    700     1500    800     900     2800    700     800     1600    1800    1000    1600    800     
	2395   1920 2800    1600    2000    1200    1200    1900    2800    800     1200    1200    400     700     1900    500     800     800     1600    1400    1900    
	2395   1921 3000    1500    1700    1500    1600    1500    2300    700     1200    1400    1200    1600    1000    1500    700     1700    1600    2300    700     
	2395   1922 -999999 1600    -999999 1200    -999999 -999999 -999999 1200    1100    1600    700     -999999 -999999 -999999 -999999 -999999 -999999 -999999 -999999 
	2395   1923 -999999 -999999 -999999 -999999 -999999 -999999 -999999 -999999 -999999 -999999 -999999 -999999 -999999 -999999 -999999 -999999 -999999 -999999 -999999 
	2395   1924 -999999 -999999 -999999 -999999 -999999 -999999 -999999 -999999 -999999 -999999 -999999 -999999 -999999 -999999 -999999 -999999 -999999 -999999 -999999 
	2395   1925 -999999 -999999 -999999 -999999 -999999 -999999 -999999 -999999 -999999 -999999 -999999 -999999 -999999 -999999 -999999 -999999 -999999 -999999 -999999 
	2395   1926 -999999 -999999 -999999 -999999 -999999 -999999 -999999 -999999 -999999 -999999 -999999 -999999 -999999 -999999 -999999 -999999 -999999 -999999 -999999 
	2395   1927 -999999 -999999 -999999 -999999 -999999 -999999 -999999 -999999 -999999 -999999 -999999 -999999 -999999 -999999 -999999 -999999 -999999 -999999 -999999 
	2395   1928 -999999 -999999 -999999 -999999 -999999 -999999 -999999 -999999 -999999 -999999 -999999 -999999 -999999 -999999 -999999 -999999 -999999 -999999 -999999 
	2395   1929 -999999 -999999 -999999 -999999 -999999 -999999 -999999 -999999 -999999 -999999 -999999 -999999 -999999 -999999 -999999 -999999 -999999 -999999 -999999 
	2395   1930 -999999 -999999 -999999 -999999 -999999 -999999 -999999 -999999 -999999 -999999 -999999 -999999 -999999 -999999 -999999 -999999 -999999 -999999 -999999 
	2395   1931 -999999 -999999 -999999 -999999 -999999 -999999 -999999 -999999 -999999 -999999 -999999 -999999 -999999 -999999 -999999 -999999 -999999 -999999 -999999 
	2395   1932 -999999 -999999 -999999 -999999 -999999 -999999 -999999 -999999 -999999 -999999 -999999 -999999 -999999 -999999 -999999 -999999 -999999 -999999 -999999 
	2395   1933 -999999 -999999 -999999 -999999 -999999 -999999 -999999 -999999 -999999 -999999 -999999 -999999 -999999 -999999 -999999 -999999 -999999 -999999 -999999 
	2395   1934 -999999 -999999 -999999 -999999 -999999 -999999 -999999 -999999 -999999 -999999 -999999 -999999 -999999 -999999 -999999 -999999 -999999 -999999 -999999 
	2395   1935 -999999 -999999 -999999 -999999 -999999 -999999 -999999 -999999 -999999 -999999 -999999 -999999 -999999 -999999 -999999 -999999 -999999 -999999 -999999 
	2395   1936 -999999 -999999 -999999 -999999 -999999 -999999 -999999 -999999 -999999 -999999 -999999 -999999 -999999 -999999 -999999 -999999 -999999 -999999 -999999 
	2395   1937 -999999 -999999 -999999 -999999 -999999 -999999 -999999 -999999 -999999 -999999 -999999 -999999 -999999 -999999 -999999 -999999 -999999 -999999 -999999 
	2395   1938 -999999 -999999 -999999 -999999 -999999 -999999 -999999 -999999 -999999 -999999 -999999 -999999 -999999 -999999 -999999 -999999 -999999 -999999 -999999 
	2395   1939 -999999 -999999 -999999 -999999 -999999 -999999 -999999 -999999 -999999 -999999 -999999 -999999 -999999 -999999 -999999 -999999 -999999 -999999 -999999 
	2395   1940 -999999 -999999 -999999 -999999 -999999 -999999 -999999 -999999 -999999 -999999 -999999 -999999 -999999 -999999 -999999 -999999 -999999 -999999 -999999 
	2395   1941 -999999 -999999 -999999 -999999 -999999 -999999 -999999 -999999 -999999 -999999 -999999 -999999 -999999 -999999 -999999 -999999 -999999 -999999 -999999 
	2395   1942 -999999 -999999 -999999 -999999 -999999 -999999 -999999 -999999 -999999 -999999 -999999 -999999 -999999 -999999 -999999 -999999 -999999 -999999 -999999 
	2395   1943 -999999 -999999 -999999 -999999 -999999 -999999 -999999 -999999 -999999 -999999 -999999 -999999 -999999 -999999 -999999 -999999 -999999 -999999 -999999 
	2395   1944 -999999 -999999 -999999 -999999 -999999 -999999 -999999 -999999 -999999 -999999 -999999 -999999 -999999 -999999 -999999 -999999 -999999 -999999 -999999 
	2395   1945 -999999 -999999 -999999 -999999 -999999 -999999 -999999 -999999 -999999 -999999 -999999 -999999 -999999 -999999 -999999 -999999 -999999 -999999 -999999 
	2395   1946 -999999 -999999 -999999 -999999 -999999 -999999 -999999 -999999 -999999 -999999 -999999 -999999 -999999 -999999 -999999 -999999 -999999 -999999 -999999 
	2395   1947 -999999 -999999 -999999 -999999 -999999 -999999 -999999 -999999 -999999 -999999 -999999 -999999 -999999 -999999 -999999 -999999 -999999 -999999 -999999 
	2395   1948 -999999 -999999 -999999 -999999 -999999 -999999 -999999 -999999 -999999 -999999 -999999 -999999 -999999 -999999 -999999 -999999 -999999 -999999 -999999 
	2395   1949 -999999 -999999 -999999 -999999 -999999 -999999 -999999 -999999 -999999 -999999 -999999 -999999 -999999 -999999 -999999 -999999 -999999 -999999 -999999 
	2395   1950 -999999 -999999 -999999 -999999 -999999 -999999 -999999 -999999 -999999 -999999 -999999 -999999 -999999 -999999 -999999 -999999 -999999 -999999 -999999 
	2395   1951 2200    -999999 1600    -999999 1100    1000    2200    1000    400     900     1100    500     1000    800     700     700     1900    400     600     
	2395   1952 1700    1700    1200    1700    1200    900     800     1100    1700    900     1200    1200    500     700     900     800     800     300     700     
	2395   1953 2500    2000    1600    1700    1600    1000    1700    1400    1100    1600    1200    1400    1000    600     1000    500     1200    1700    900     
	2395   1954 1800    1800    1400    1800    1600    700     600     1100    700     1600    1300    1400    500     500     600     300     300     600     700     
	2395   1955 3700    1400    1900    1100    1900    1300    3700    900     1100    800     1900    800     600     1300    1300    800     3100    1000    3000    
	2395   1956 3000    3000    1300    3000    1400    900     1300    500     2800    1100    1300    1000    900     400     400     1300    800     1100    600     
	2395   1957 1500    1100    1100    1100    1500    1100    600     1100    400     500     1100    800     1100    200     800     400     500     600     700     
	2395   1958 1700    1300    1100    600     1300    1000    1700    500     200     1300    600     500     1000    800     600     800     800     1700    700     
	2395   1959 2700    2100    2500    2100    1500    2500    2700    500     2000    400     1300    1500    1500    2500    1600    2000    1800    1200    800     
	2395   1960 1900    1400    1900    500     1900    800     900     400     500     1400    700     1200    500     400     800     900     400     300     400     
	2395   1961 1700    1700    1000    1000    1700    700     1400    600     1000    1700    500     1000    700     500     700     700     800     1400    700     
	2395   1962 2100    1900    1500    1100    1500    900     2100    500     1100    1200    1000    500     900     700     400     700     2100    1300    1100    
	2395   1963 2600    2600    1700    2600    1000    900     1700    2600    1500    1000    600     900     600     700     300     1700    1000    500     1700    
	2395   1964 2400    2400    1100    1800    1800    1000    1000    1800    600     1800    800     1100    800     1000    400     800     600     900     400     
	2395   1965 1500    1500    1100    900     1300    1100    1400    700     900     1300    500     600     700     300     1100    900     1400    1400    300     
	2395   1966 1600    1300    1600    1300    700     1100    1500    1300    600     600     300     700     1100    200     800     1500    800     700     300     
	2395   1967 1600    1600    1100    1600    900     1100    1400    1000    1600    900     500     400     900     700     1100    700     400     1400    400     
	2395   1968 2300    1300    1600    1300    1600    700     1000    400     1300    800     1600    500     600     500     700     600     1000    800     1600    
	2395   1969 2200    1400    2200    900     1400    2000    2000    900     400     1400    900     700     1100    2000    700     2000    2000    400     600     
	2395   1970 2200    1200    2200    800     1300    2200    1200    800     400     800     300     1300    2200    300     900     1200    1100    700     1200    
	2395   1971 2100    1000    1500    1000    2100    1300    1800    800     500     600     1500    800     600     1100    500     1200    1200    600     900     
	2395   1972 3000    1500    1200    1300    1500    1200    3000    1000    800     1500    900     700     800     1200    700     1200    1800    300     1800    
	2395   1973 3700    2300    2500    2300    900     2500    1300    1900    500     900     900     600     2500    1000    2100    1200    900     1000    500     
	2395   1974 3700    1100    2600    1000    3700    1400    500     500     1000    1100    2600    900     800     400     1400    500     300     400     500     
	2395   1975 2100    1100    2100    1100    900     2100    1400    600     1100    300     900     600     1000    700     1400    900     1400    700     1100    
	2395   1976 2500    1500    2500    1500    2500    2100    1000    500     1500    1100    2300    800     1800    1100    1500    1000    800     400     500     
	2395   1977 1600    800     1600    600     1500    1500    1500    500     300     800     500     1500    800     1500    700     1500    1100    400     600     
	2395   1978 1500    1100    1200    1100    1200    1200    1500    1100    700     500     900     700     500     1200    1200    500     1500    900     800     
	2395   1979 1100    1000    1000    1000    500     900     1100    1000    800     400     500     500     700     700     900     1000    1100    1100    400     
	2395   1980 1600    1600    1600    1400    1600    800     700     1400    1400    700     800     1600    600     800     700     400     600     500     400     
	2395   1981 2600    1400    2100    1400    2600    1700    1100    1300    1200    500     2100    300     800     600     1700    1100    300     800     600     
	2395   1982 1700    1400    1700    1400    1100    1100    1700    1400    1400    900     1000    1100    700     1100    500     1700    800     600     600     
	2395   1983 2300    1500    2200    1500    1300    2200    2300    400     1500    1300    400     200     1100    2200    1000    900     600     1700    1000    
	2395   1984 2300    1200    2300    1100    1800    2300    900     400     1100    1200    1800    1100    800     1300    2300    300     700     900     500     
	2395   1985 2200    2200    900     2200    700     600     1800    1200    2200    500     700     700     300     600     400     900     1800    1000    400     
	2395   1986 2400    2400    2400    2400    1100    2400    2100    400     2100    1100    700     600     2000    1000    700     1500    700     600     700     
	2395   1987 1500    1500    900     1500    1300    700     1000    1300    1400    1300    900     900     500     700     400     600     600     800     900     
	2395   1988 2000    900     2000    900     1400    2000    1000    900     400     400     1400    1200    2000    300     900     600     1000    900     500     
	2395   1989 2100    1000    2100    1000    1900    2100    1300    1000    600     700     500     1900    1700    2100    800     900     400     1300    1100    
	2395   1990 1700    1000    1700    1000    1600    1700    900     500     600     800     500     1600    500     1700    900     500     900     500     900     
	2395   1991 2800    1800    2800    1800    1200    2300    1400    1100    700     1200    900     1000    200     700     1600    1400    900     1100    1600    
	2395   1992 2000    1300    2000    1300    1900    2000    800     1200    700     500     800     1900    2000    1100    500     800     400     400     1100    
	2395   1993 1700    1000    1100    900     1000    1100    1700    400     900     1000    1000    700     1100    300     500     500     1100    1600    200     
	2395   1994 1700    1200    1500    1200    1000    1500    1700    500     1200    400     900     500     900     1300    800     600     1700    600     500     
	2395   1995 3600    1700    3600    400     1200    3600    2200    200     300     500     800     700     1300    1300    2300    700     2200    1200    1000    
	2395   1996 3000    3000    1300    3000    1600    1300    900     2100    900     1600    1300    500     700     1300    800     900     800     300     1400    
	2395   1997 2000    1800    2000    1800    1900    2000    1600    1800    300     900     1900    1000    600     1100    2000    1600    700     1100    500     
	2395   1998 1600    1300    1600    1300    1500    1600    1100    900     1300    600     300     1500    300     600     1600    1100    200     500     300     
	2395   1999 2500    700     2500    600     1200    1300    1400    300     400     700     800     700     900     1300    1100    1400    1000    500     200     
	2395   2000 1400    700     1300    700     1400    1000    600     700     300     500     1000    1300    600     500     1000    600     400     500     800     
	2395   2001 1500    1500    1200    1500    1200    700     700     1500    300     500     400     1200    700     600     500     200     700     400     1000    
	2395   2002 2300    1200    1300    1200    2300    700     1000    1000    600     1000    1300    500     400     600     700     1000    700     600     1300    
	2395   2003 2200    2200    2200    2200    2200    2200    1200    900     2200    2000    2200    700     1000    1200    2100    900     1000    1200    500     
	2395   2004 1600    1600    1500    500     1400    1500    1200    300     500     1100    1100    1400    700     600     900     1200    1000    300     1300    
	2395   2005 1600    1000    1200    700     700     1100    1600    700     600     700     600     700     1100    800     500     900     1600    600     700     
	2395   2006 1500    1500    1500    1500    1500    1300    1200    1100    900     1200    1300    1500    1300    1100    400     1200    1000    600     900     
	2395   2007 3700    1000    3500    800     3700    1000    1300    400     700     800     3000    500     900     300     1000    500     1300    700     1300    
	2395   2008 1500    1500    1400    1500    1400    900     1000    300     1500    400     800     1400    700     300     900     1000    600     600     1200    
	2395   2009 1500    1000    1400    1000    1300    900     1400    800     600     1000    1300    600     700     500     900     1400    500     200     500     
	2395   2010 1700    900     1700    700     1700    900     800     600     700     900     1700    1600    900     700     300     500     800     800     300     
	2395   2011 2700    1600    2700    700     2700    900     2500    700     700     1600    1900    800     700     600     300     1200    1200    2500    500     
	2395   2012 2700    2200    1500    800     2700    800     1000    500     800     2200    500     1500    300     700     800     1000    900     600     200     
	2395   2013 2300    1400    2300    900     2200    2300    1200    600     900     1400    800     600     1100    2300    700     1000    500     400     400     
	2395   2014 1900    1400    1900    500     1400    800     1900    500     500     1400    500     800     800     800     500     1900    700     600     600     
	2395   2015 1500    1500    1300    1400    1500    800     1400    500     1400    1500    1300    700     700     400     800     600     1000    400     900     
	2395   2016 1700    1700    1100    700     1700    800     1000    500     700     1700    500     1100    800     400     800     1000    1000    1000    1000    
	2395   2017 1500    1300    1500    1300    1400    1500    800     1300    400     1000    1000    1400    1500    400     900     800     700     500     400     
	2395   2018 1800    1700    1800    1400    1100    1800    1600    400     1400    600     900     1100    900     1800    600     500     1600    800     500     
	2395   2019 2100    1700    2100    1700    2100    1500    700     400     1700    600     2100    900     1000    1000    700     600     300     700     700     
	2395   2020 2500    1600    2500    700     2500    900     1300    700     300     1600    2500    1000    800     800     900     1300    800     900     400     
	2395   2021 -999999 -999999 1600    -999999 1600    -999999 1100    -999999 1000    700     1600    500     1200    -999999 500     1100    500     700     800     
	2395   2022 3100    2200    3100    700     3100    1600    700     700     400     1900    2100    1000    1000    1300    1600    500     700     500     1000    
	2395   2023 2900    1100    2900    1100    1000    1900    900     600     1100    500     800     1000    1900    300     1200    900     700     200     500     
	2395   2024 1200    -999999 1200    -999999 1100    800     1200    600     -999999 500     400     1100    800     400     700     1200    600     900     900     
	2395   2025 2700    1100    2700    1000    2700    1600    1200    700     1000    1100    1100    2100    1400    400     1600    1000    1000    800     1200    
	2395   2026 -999999 -999999 -999999 1200    -999999 -999999 -999999 1100    900     -999999 -999999 -999999 -999999 -999999 -999999 -999999 -999999 -999999 -999999 
	