EUROPEAN CLIMATE ASSESSMENT & DATASET (ECA&D), file created on: 17-05-2026
THESE DATA CAN BE USED FOR NON-COMMERCIAL RESEARCH AND EDUCATION PROVIDED THAT THE FOLLOWING SOURCE IS ACKNOWLEDGED: 

Klein Tank, A.M.G. and Coauthors, 2002. Daily dataset of 20th-century surface
air temperature and precipitation series for the European Climate Assessment.
Int. J. of Climatol., 22, 1441-1453.
Data and metadata available at http://www.ecad.eu

FILE FORMAT (MISSING VALUE CODE = -999999):

THIS FILE HOLDS DATA FOR STATION NETHERLANDS                              NIJKERK                                  (STAID:   2484)
LATITUDE: dd:mm:ss +52:13:59
LONGITUDE: ddd:mm:ss +005:28:00
ELEVATION: m    0

DATA IS FOR INDEX Maximum no of consecutive dry days (RR < 1 mm) (CDD) with unit 0.01 No of days

01-06 SOUID: Source identifier
08-11 YEAR : YYYY
13-20 ANNUAL DATA VALUES
21-28 WINTER HALF YEAR DATA VALUES
29-36 SUMMER HALF YEAR DATA VALUES
37-44 WINTER (DJF) DATA VALUES
45-52 SPRING (MAM) DATA VALUES
53-60 SUMMER (JJA) DATA VALUES
61-68 AUTUMN (SON) DATA VALUES
69-76 JANUARY DATA VALUES
etc. 
157-164 DECEMBER DATA VALUES

2484   1867 -999999 -999999 1000    -999999 1100    1000    1000    -999999 -999999 1100    300     900     800     300     1000    500     1000    1000    1100    
	2484   1868 2800    1700    2100    1700    1600    2100    1600    1600    600     600     600     1000    1300    2100    900     1600    700     1300    600     
	2484   1869 2000    1100    2000    1000    1100    2000    1000    900     1000    1100    700     400     800     1200    1300    800     400     1000    900     
	2484   1870 3200    2900    2300    2900    3200    1000    2200    900     2000    1100    2300    1400    1000    700     400     1500    700     800     1100    
	2484   1871 3100    1800    1700    1500    2000    1700    2700    1400    1300    1800    700     1700    1300    700     1700    1000    1200    2700    700     
	2484   1872 1400    1300    1400    1300    1200    1400    1100    600     900     900     700     700     800     1000    1400    800     1100    400     500     
	2484   1873 2000    2000    1800    2000    1900    1100    1100    800     1200    1900    1800    300     1100    800     400     800     500     1100    1900    
	2484   1874 2600    1600    2600    1600    2400    2600    2000    700     1600    800     2200    700     700     2100    800     700     1500    900     1700    
	2484   1875 2400    1700    2400    1300    2400    1100    1200    900     1300    1500    2200    900     800     800     1100    1000    1000    500     700     
	2484   1876 2700    2700    2100    2700    1900    2100    1800    1600    1300    700     700     1900    2100    1300    1900    200     1800    500     600     
	2484   1877 1700    700     1700    700     1700    900     1100    700     400     500     1700    800     900     500     200     900     600     500     700     
	2484   1878 2000    1300    1800    1300    1800    1100    900     900     1300    300     1000    1000    500     1100    700     900     900     600     2000    
	2484   1879 2700    2000    1000    2000    600     800     1000    800     400     400     400     600     500     800     400     700     1000    800     2700    
	2484   1880 3900    3900    1900    3900    1900    1400    900     2900    1000    1800    1000    1900    400     500     1400    800     600     600     300     
	2484   1881 2500    2500    1400    2500    2100    800     1200    2500    900     900     1400    700     800     800     700     800     800     900     1100    
	2484   1882 1800    1800    1400    1800    1700    800     1000    1800    800     1700    1200    1400    300     500     500     600     1000    700     800     
	2484   1883 2900    2900    2100    1500    2900    1300    1100    1500    700     2900    2100    800     600     200     1300    1100    1000    400     700     
	2484   1884 1600    1300    1600    800     1200    1300    1200    500     700     800     900     1200    1000    400     1100    1200    600     1100    1100    
	2484   1885 1600    1500    1600    1500    1300    1600    900     1500    1100    1100    1300    400     900     1100    900     500     300     900     800     
	2484   1886 4700    4700    2300    2800    2300    1400    1400    1000    2800    1900    1300    1000    800     700     700     1400    900     600     1200    
	2484   1887 3000    2500    3000    2500    2200    3000    1200    1700    2400    2200    1700    400     2600    700     700     800     700     1200    900     
	2484   1888 3300    3300    2500    3300    2500    600     1600    2900    1800    700     1000    2500    600     300     600     1200    1400    1600    2200    
	2484   1889 2200    1900    2200    1900    1300    2200    1900    1700    1000    600     1300    600     1600    600     400     500     1000    1900    1100    
	2484   1890 3300    3300    1100    2900    1200    800     1000    500     2800    1200    1000    1100    700     700     800     1000    700     600     3100    
	2484   1891 4800    2000    1400    1700    1300    600     1400    1100    1700    1300    600     600     600     400     400     1400    500     800     1000    
	2484   1892 1800    1600    1500    1600    1800    1100    1400    1600    1000    1100    1500    800     400     1100    800     500     600     1400    1700    
	2484   1893 3800    2700    1900    2700    2400    1700    900     2100    400     1300    1800    1200    1700    700     1300    600     700     900     600     
	2484   1894 2500    1700    1100    1700    2500    1100    1000    1600    1000    1700    800     700     1000    300     400     500     300     1000    1300    
	2484   1895 3800    3800    1800    3800    1400    900     1800    1800    2800    900     1400    1100    900     800     600     1800    800     400     1400    
	2484   1896 1700    1700    1400    1700    1400    1300    1500    1200    1700    800     900     1400    700     1300    400     300     900     1500    1100    
	2484   1897 3400    3400    1200    3400    1000    1200    2600    3000    800     700     600     1000    600     1200    500     1100    1200    1400    1200    
	2484   1898 2000    1400    2000    900     1500    1200    1700    900     500     1400    1500    800     700     400     1200    1700    1000    1100    800     
	2484   1899 2400    1800    2400    1800    1500    2000    1300    1200    1300    1500    900     600     2000    900     1200    500     1300    1100    1600    
	2484   1900 2100    2100    1300    1800    1900    1000    900     400     1400    1900    1300    1100    500     1000    700     900     600     900     700     
	2484   1901 1900    1600    1900    1600    1900    1100    1700    1600    800     1000    1000    1900    800     1100    900     1300    800     900     400     
	2484   1902 1400    1400    1000    1400    1000    900     1200    600     1400    600     600     1000    800     900     400     600     600     1200    1300    
	2484   1903 1400    1100    1400    1100    900     1400    1400    1100    900     900     400     800     1000    400     300     1400    400     500     2200    
	2484   1904 2800    1300    2100    1300    1100    2100    1000    900     700     1100    700     600     800     2100    500     800     800     1000    1200    
	2484   1905 1200    800     1200    700     1100    700     1200    600     700     500     1100    600     700     500     600     1200    400     1000    700     
	2484   1906 2300    600     1700    500     2300    1200    1100    300     500     600     1700    700     1200    700     500     1000    700     500     900     
	2484   1907 1700    1200    1700    800     1700    1600    1700    800     800     1200    1000    600     400     1600    400     1700    400     1100    800     
	2484   1908 1500    1300    1500    1300    1000    1500    1400    900     1100    1000    600     600     1200    700     500     900     1400    800     1800    
	2484   1909 2400    1700    1000    1700    1100    700     600     1300    1700    1100    900     1000    700     600     600     400     500     600     900     
	2484   1910 2000    1400    900     600     2000    700     1500    600     400     1400    600     900     400     700     600     800     1500    500     500     
	2484   1911 2100    2100    1500    2100    900     1000    1200    1200    1500    900     800     800     700     1000    800     1200    500     1000    400     
	2484   1912 1500    1000    1500    1000    1300    1500    1300    900     1000    700     1300    500     500     1500    100     1300    1200    400     300     
	2484   1913 2000    1600    2000    1600    1000    1900    1500    1400    1600    400     1000    600     800     900     1900    1200    700     400     600     
	2484   1914 2100    1600    2100    1600    2100    1800    1200    1600    1000    400     1700    900     800     600     1800    800     700     1200    500     
	2484   1915 1300    700     1200    700     1000    1200    1300    700     300     600     700     1000    1200    700     700     1200    1300    600     400     
	2484   1916 2800    800     2800    800     1200    2800    1100    700     400     800     800     600     400     1500    1300    1000    600     900     800     
	2484   1917 2600    2600    1500    2600    1500    1000    800     1400    1200    1100    700     1200    900     1000    300     800     300     500     800     
	2484   1918 1700    1700    1400    1400    1400    1400    700     900     700     1400    800     600     800     700     700     200     700     700     300     
	2484   1919 3100    3100    3000    3100    2900    1500    1800    1600    1500    900     900     2900    800     400     1500    1800    800     600     800     
	2484   1920 2500    1400    1200    1100    1400    1200    2500    600     1100    1400    400     1000    1200    400     600     800     1600    1400    1400    
	2484   1921 2800    1600    1600    1600    1400    1600    2300    500     1100    1400    900     800     900     1600    1000    1600    900     2300    600     
	2484   1922 2900    1600    2800    1500    1900    900     2900    1300    1500    1600    500     1900    900     500     700     400     2800    1100    600     
	2484   1923 2300    1800    2000    1800    1900    2000    1100    600     1800    1400    1100    500     600     1400    1400    900     300     1100    2300    
	2484   1924 2500    1800    1200    1700    1800    1200    2500    1700    900     1800    1000    500     1000    1100    500     800     900     2500    1200    
	2484   1925 1400    1100    1200    800     1200    1100    1000    800     300     600     1100    1200    1100    700     1000    600     800     1000    900     
	2484   1926 1600    900     1600    900     800     1300    900     700     900     800     600     500     400     1300    1100    800     800     900     1000    
	2484   1927 3000    1500    1500    1500    1500    900     1400    700     1500    1500    600     1100    800     400     600     900     1400    900     2100    
	2484   1928 2100    2000    2100    1500    1700    2100    2000    300     1500    1300    1000    700     600     2100    500     2000    800     1200    500     
	2484   1929 2300    2300    2200    2300    1600    2200    1100    1200    2200    1600    800     1500    600     2200    800     1100    600     500     1200    
	2484   1930 3300    3300    1500    2400    1100    1100    500     1300    2400    900     500     600     1100    400     1000    500     200     300     600     
	2484   1931 2400    2100    2100    800     2400    2100    1200    700     800     2100    400     700     1600    500     900     600     1200    600     900     
	2484   1932 1800    1800    1100    1800    1800    1100    1000    1800    1600    1800    800     1100    1100    400     800     600     300     1000    1800    
	2484   1933 1800    1800    1700    1800    1700    1000    1100    1800    700     1200    1700    1000    800     700     1000    1100    800     600     1000    
	2484   1934 2100    2100    1500    2100    800     1500    1000    700     2100    600     600     800     1200    1200    1400    700     300     1000    400     
	2484   1935 1500    1500    1500    400     1500    1300    700     400     400     1500    300     1300    500     1000    1100    400     500     700     600     
	2484   1936 1300    1300    1100    1100    1300    900     1000    300     1100    1300    800     700     700     300     900     400     900     1000    900     
	2484   1937 1200    800     1100    600     700     1100    1200    600     200     400     400     700     500     1000    900     500     1100    800     400     
	2484   1938 1800    1400    1800    1400    1700    1800    1400    300     1400    1300    600     1600    1800    1300    600     1400    800     600     1000    
	2484   1939 2400    1000    2400    1000    1400    1900    1200    400     700     300     600     1400    1000    600     1900    800     400     300     1900    
	2484   1940 2000    1600    2000    1600    2000    1100    1300    1500    700     400     500     2000    1100    200     700     800     1300    400     700     
	2484   1941 1700    1200    1700    1200    1400    1700    1000    1100    600     1200    1100    1300    1500    700     400     1000    800     500     500     
	2484   1942 2300    2100    2300    1600    2300    1200    900     1500    1600    1100    2100    600     1200    400     600     900     400     800     800     
	2484   1943 3200    3200    1900    1300    1900    1900    1500    1000    1300    1900    1600    1100    900     1900    500     1000    1400    700     1000    
	2484   1944 1900    1900    1800    1900    1500    1800    1200    400     1900    1300    700     900     700     1000    1800    1200    600     200     1000    
	2484   1945 2400    2400    1800    600     2400    1800    1200    400     300     2400    1300    1100    1000    1800    700     900     1000    1200    1100    
	2484   1946 2200    2200    1200    2200    1300    1200    1000    2200    300     1200    1100    700     600     700     500     700     1000    500     1800    
	2484   1947 4200    4200    3000    4100    1200    2500    1000    1300    2800    400     1200    900     800     1600    2500    800     900     500     600     
	2484   1948 2900    2900    1400    1400    1500    1400    1000    200     1400    1500    1300    1300    500     1400    1000    700     1000    1000    1300    
	2484   1949 2100    1600    2100    1600    1400    2100    1600    1000    700     1300    900     600     1700    1200    1200    800     800     500     500     
	2484   1950 1700    1500    1700    1000    1100    1300    1000    1000    400     1100    600     800     1300    600     600     200     1000    300     1400    
	2484   1951 2200    1300    1300    1300    1000    1000    2200    1000    300     1000    1000    500     1000    700     500     700     2000    200     700     
	2484   1952 1400    1000    1400    800     1400    1000    900     700     800     1000    1100    1400    800     1000    600     900     800     300     700     
	2484   1953 2100    2100    1400    1100    1600    1400    1200    800     1100    1600    1200    1000    700     600     1400    700     800     1100    900     
	2484   1954 1800    1800    1600    1800    1700    800     600     1100    700     1700    1500    1400    500     600     800     300     300     600     600     
	2484   1955 2500    2500    1600    1900    1200    1100    1200    900     1900    700     1200    1000    600     800     1100    800     800     1200    500     
	2484   1956 1400    1400    1300    1400    1400    800     1300    600     1400    1200    1100    800     800     400     300     1300    900     1000    600     
	2484   1957 1500    1200    1100    1200    900     1100    1500    1200    400     600     900     800     1100    300     700     200     1500    800     600     
	2484   1958 1600    1400    1100    600     1400    1100    1600    600     200     1400    600     500     1100    700     600     900     900     1600    700     
	2484   1959 2800    2800    2200    2800    1500    1700    2700    800     2000    700     800     1500    1700    1600    700     2000    1800    800     800     
	2484   1960 1600    1000    1600    400     1600    800     1000    200     400     1000    900     1100    800     400     300     1000    200     300     600     
	2484   1961 1700    1700    1300    600     1700    700     1300    500     600     1700    500     1100    700     700     700     1300    1200    900     800     
	2484   1962 2100    1200    2000    600     1500    1700    2100    400     600     800     1000    500     1700    400     600     700     2100    600     700     
	2484   1963 2900    2400    1300    1600    900     900     1100    1500    1600    800     600     900     700     800     300     1100    900     500     2400    
	2484   1964 1400    1400    1400    1300    1200    1400    1000    1300    500     1200    800     500     800     800     700     600     600     900     700     
	2484   1965 1800    1500    1800    1000    1300    1200    1800    700     1000    1300    500     700     800     400     600     1800    1400    1400    400     
	2484   1966 1600    1600    1500    1600    800     1000    1500    1600    600     500     400     800     1000    300     800     1500    800     300     300     
	2484   1967 1400    900     1300    900     1300    1200    1400    900     800     600     800     500     900     900     1200    900     600     1400    400     
	2484   1968 2000    1300    1700    1300    1700    700     1600    500     1300    800     1700    600     500     700     700     600     1000    1600    1900    
	2484   1969 2500    1600    2500    1000    1200    2100    2500    1000    700     1200    1000    700     800     2000    600     2500    2000    300     600     
	2484   1970 3300    1200    3300    900     1000    2300    1300    900     400     800     400     1000    2300    400     900     1300    1100    800     1300    
	2484   1971 2200    1000    2200    1000    2100    2200    2200    700     800     600     1500    800     800     2000    400     2200    1100    400     900     
	2484   1972 3000    1500    1600    1400    1500    1200    3000    1000    800     1500    700     700     500     1200    1100    1200    1800    500     1800    
	2484   1973 3700    2300    2400    2300    1100    2400    1500    1900    500     1100    600     400     2400    900     2100    1500    800     700     500     
	2484   1974 3300    1100    2200    700     3300    1300    800     500     700     1100    2200    900     800     600     1300    800     300     400     500     
	2484   1975 2100    1100    2100    1100    1400    2100    1700    600     1100    300     900     1400    1000    700     1400    900     1700    700     1100    
	2484   1976 2500    1500    2500    1500    2500    2100    700     500     1500    1100    2300    800     1500    1100    1500    400     700     400     500     
	2484   1977 2000    700     2000    600     1800    1600    1400    400     300     400     500     1800    900     1600    400     1300    1400    600     600     
	2484   1978 1900    900     1900    900     1900    1100    1500    900     700     500     900     1900    400     1100    1100    500     1500    900     800     
	2484   1979 1200    1000    1000    600     600     800     1200    600     500     500     600     500     800     700     500     1000    1100    700     400     
	2484   1980 2100    1900    1600    1400    1200    700     2100    1400    1400    1100    900     1200    600     700     600     1600    600     500     400     
	2484   1981 2300    1300    1800    1300    2300    1700    1000    500     1300    500     1800    300     800     600     1700    1000    300     500     600     
	2484   1982 1700    1400    1700    1400    1200    1300    1700    1400    1400    1000    1000    1200    1000    1300    300     1700    800     600     500     
	2484   1983 2400    1800    2400    1800    1300    2400    1800    500     1800    1300    500     200     800     2400    1000    900     600     1400    600     
	2484   1984 2900    1200    2900    1100    1500    2600    700     300     1100    1200    1500    600     700     900     2600    300     700     700     500     
	2484   1985 2300    2300    1000    2300    900     1000    1900    900     2200    500     800     900     400     1000    400     800     1900    1000    500     
	2484   1986 3400    3400    1600    3100    1100    1600    2100    400     2800    1100    700     600     1100    1600    700     1500    700     400     500     
	2484   1987 1900    1200    1700    1200    1200    1700    800     1200    700     1200    1000    700     500     1400    400     400     600     800     1500    
	2484   1988 1700    1100    1700    1100    1300    1700    900     1100    600     200     1100    1300    1700    300     900     600     900     900     500     
	2484   1989 2000    800     2000    800     1800    1700    1200    600     800     700     500     1800    1700    1300    1200    900     400     1200    1100    
	2484   1990 2200    1600    1700    1600    1600    1700    1000    1400    600     800     500     1600    900     1700    800     600     1000    600     800     
	2484   1991 2700    2200    2300    2200    1500    1000    1400    1200    1000    1200    700     1500    200     600     1000    1400    1200    1100    1600    
	2484   1992 1800    1000    1800    1000    1800    1300    1600    900     700     500     900     1800    1100    700     600     1600    500     400     1100    
	2484   1993 1800    1800    1500    1800    1200    1500    1700    400     1500    1000    1200    700     1200    700     800     500     1100    1600    200     
	2484   1994 1700    1200    1700    1200    800     1700    1600    500     1200    800     800     600     500     1700    400     1000    1600    900     500     
	2484   1995 2800    1500    2700    500     1200    2700    1500    500     500     500     800     700     1300    900     2300    700     1500    1200    1700    
	2484   1996 2500    2500    1900    2500    1900    1200    800     2200    500     1400    1900    600     900     1200    800     800     800     400     1400    
	2484   1997 2000    1800    2000    1800    1900    2000    1600    1800    300     900     1900    1000    600     1200    2000    1600    1000    800     500     
	2484   1998 1600    1300    1600    1300    1400    1600    700     800     1300    700     300     1400    400     600     1600    700     200     500     300     
	2484   1999 1600    600     1600    600     1200    1200    1300    300     400     500     800     700     900     900     1100    800     1300    300     400     
	2484   2000 1500    1100    1500    1100    1500    800     600     1100    400     500     800     700     600     800     500     600     400     300     600     
	2484   2001 1200    900     1200    900     1200    1000    700     900     300     500     400     1200    700     600     1000    200     700     500     1000    
	2484   2002 1300    1100    1300    1100    1300    900     1000    1000    500     900     1300    700     500     900     900     1000    800     500     1300    
	2484   2003 2200    2000    2200    1900    2100    2200    1200    600     1900    2000    2100    700     1900    1200    2100    900     900     1200    1000    
	2484   2004 1500    1000    1500    900     1400    1500    1200    200     700     1000    800     1400    600     600     900     1200    800     300     1400    
	2484   2005 1700    900     1300    800     700     1100    1700    600     800     500     600     700     1100    1000    900     900     1700    400     600     
	2484   2006 1700    1500    1700    1500    1500    1700    1500    1100    900     1300    800     1500    1300    1700    400     1500    1100    600     1200    
	2484   2007 3700    1200    3500    1200    3700    1000    1200    500     700     700     3000    500     700     300     1000    600     1200    800     1500    
	2484   2008 1800    1800    1600    1800    1600    900     1000    300     1800    300     700     1500    900     500     800     1000    700     600     1200    
	2484   2009 1500    1000    1500    1000    1000    700     1500    800     900     800     900     800     600     500     700     1500    500     200     600     
	2484   2010 2100    900     2100    900     2100    1300    1200    800     600     700     2100    1500    1100    700     300     500     1200    800     1100    
	2484   2011 2500    1100    1600    1000    1600    600     2500    700     1000    1100    1600    900     300     600     400     700     600     2500    500     
	2484   2012 2900    2400    1500    800     2900    1500    1000    500     800     2400    500     1000    500     700     1500    1000    1000    600     200     
	2484   2013 2300    1400    2300    800     2300    2300    1300    600     800     1400    900     700     1100    2300    700     1100    500     800     700     
	2484   2014 1900    1700    1900    500     1700    900     1900    500     500     1700    500     700     800     900     300     1900    700     600     600     
	2484   2015 1500    1500    1200    900     1500    900     1100    400     900     1500    1200    600     800     500     800     600     700     400     400     
	2484   2016 1100    1100    1100    700     1100    700     1100    500     700     1100    700     1100    700     700     700     1000    1100    900     1000    
	2484   2017 1200    1100    1200    800     1100    1200    900     800     700     1100    600     800     1200    500     900     400     900     400     300     
	2484   2018 4500    1700    4500    1400    900     4500    2200    400     1400    500     900     800     1800    2700    600     800     2200    1500    600     
	2484   2019 2100    1700    2100    1700    2100    1600    800     600     1700    700     2100    1600    1100    1000    1000    600     500     800     700     
	2484   2020 4500    1800    2700    700     4500    1600    1600    700     400     1800    2700    1200    700     600     1000    1600    800     900     400     
	2484   2021 -999999 -999999 1700    -999999 1700    1200    1100    -999999 1000    900     1700    500     1200    900     400     1100    600     700     500     
	2484   2022 3200    3200    1700    500     2900    1600    1200    400     300     2900    1600    1000    1400    1600    1300    500     1200    500     1000    
	2484   2023 3900    1100    3900    1100    2000    1900    1100    900     1100    500     700     2000    1900    400     1100    900     1000    300     500     
	2484   2024 1200    -999999 1200    -999999 1000    1100    1200    600     -999999 400     500     1000    800     600     700     1200    700     900     700     
	2484   2025 4300    3200    1900    1200    4200    1600    1200    1200    900     3100    1100    1900    1400    700     1600    1000    700     800     1300    
	2484   2026 -999999 -999999 -999999 1100    -999999 -999999 -999999 1100    300     -999999 -999999 -999999 -999999 -999999 -999999 -999999 -999999 -999999 -999999 
	