EUROPEAN CLIMATE ASSESSMENT & DATASET (ECA&D), file created on: 17-05-2026
THESE DATA CAN BE USED FOR NON-COMMERCIAL RESEARCH AND EDUCATION PROVIDED THAT THE FOLLOWING SOURCE IS ACKNOWLEDGED: 

Klein Tank, A.M.G. and Coauthors, 2002. Daily dataset of 20th-century surface
air temperature and precipitation series for the European Climate Assessment.
Int. J. of Climatol., 22, 1441-1453.
Data and metadata available at http://www.ecad.eu

FILE FORMAT (MISSING VALUE CODE = -999999):

THIS FILE HOLDS DATA FOR STATION NETHERLANDS                              BERGSCHENHOEK                            (STAID:   2370)
LATITUDE: dd:mm:ss +51:58:59
LONGITUDE: ddd:mm:ss +004:30:00
ELEVATION: m   -6

DATA IS FOR INDEX Maximum no of consecutive dry days (RR < 1 mm) (CDD) with unit 0.01 No of days

01-06 SOUID: Source identifier
08-11 YEAR : YYYY
13-20 ANNUAL DATA VALUES
21-28 WINTER HALF YEAR DATA VALUES
29-36 SUMMER HALF YEAR DATA VALUES
37-44 WINTER (DJF) DATA VALUES
45-52 SPRING (MAM) DATA VALUES
53-60 SUMMER (JJA) DATA VALUES
61-68 AUTUMN (SON) DATA VALUES
69-76 JANUARY DATA VALUES
etc. 
157-164 DECEMBER DATA VALUES

2370   1908 -999999 -999999 -999999 -999999 700     -999999 -999999 -999999 -999999 500     600     700     -999999 -999999 -999999 -999999 -999999 -999999 -999999 
	2370   1909 -999999 -999999 -999999 -999999 -999999 -999999 -999999 -999999 -999999 -999999 -999999 -999999 -999999 -999999 -999999 -999999 -999999 -999999 -999999 
	2370   1910 -999999 -999999 -999999 -999999 -999999 -999999 -999999 -999999 -999999 -999999 -999999 -999999 -999999 -999999 -999999 -999999 -999999 -999999 -999999 
	2370   1911 -999999 -999999 -999999 -999999 -999999 -999999 -999999 -999999 -999999 -999999 -999999 -999999 -999999 -999999 -999999 -999999 -999999 -999999 -999999 
	2370   1912 -999999 -999999 -999999 -999999 -999999 -999999 -999999 -999999 -999999 -999999 -999999 -999999 -999999 -999999 -999999 -999999 -999999 -999999 -999999 
	2370   1913 -999999 -999999 -999999 -999999 -999999 -999999 -999999 -999999 -999999 -999999 -999999 -999999 -999999 -999999 -999999 -999999 -999999 -999999 -999999 
	2370   1914 -999999 -999999 -999999 -999999 -999999 -999999 -999999 -999999 -999999 -999999 -999999 -999999 -999999 -999999 -999999 -999999 -999999 -999999 -999999 
	2370   1915 -999999 -999999 -999999 -999999 -999999 -999999 -999999 -999999 -999999 -999999 -999999 -999999 -999999 -999999 -999999 -999999 -999999 -999999 -999999 
	2370   1916 -999999 -999999 -999999 -999999 -999999 -999999 -999999 -999999 -999999 -999999 -999999 -999999 -999999 -999999 -999999 -999999 -999999 -999999 -999999 
	2370   1917 -999999 -999999 -999999 -999999 -999999 -999999 -999999 -999999 -999999 -999999 -999999 -999999 -999999 -999999 -999999 -999999 -999999 -999999 -999999 
	2370   1918 -999999 -999999 -999999 -999999 -999999 -999999 -999999 -999999 -999999 -999999 -999999 -999999 -999999 -999999 -999999 -999999 -999999 -999999 -999999 
	2370   1919 -999999 -999999 -999999 -999999 -999999 -999999 -999999 -999999 -999999 -999999 -999999 -999999 -999999 -999999 -999999 -999999 -999999 -999999 -999999 
	2370   1920 -999999 -999999 -999999 -999999 -999999 -999999 -999999 -999999 -999999 -999999 -999999 -999999 -999999 -999999 -999999 -999999 -999999 -999999 -999999 
	2370   1921 -999999 -999999 -999999 -999999 -999999 -999999 -999999 -999999 -999999 -999999 -999999 -999999 -999999 -999999 -999999 -999999 -999999 -999999 -999999 
	2370   1922 -999999 -999999 -999999 -999999 -999999 -999999 -999999 -999999 -999999 -999999 -999999 -999999 -999999 -999999 -999999 -999999 -999999 -999999 -999999 
	2370   1923 -999999 -999999 -999999 -999999 -999999 -999999 -999999 -999999 -999999 -999999 -999999 -999999 -999999 -999999 -999999 -999999 -999999 -999999 -999999 
	2370   1924 -999999 -999999 -999999 -999999 -999999 -999999 -999999 -999999 -999999 -999999 -999999 -999999 -999999 -999999 -999999 -999999 -999999 -999999 -999999 
	2370   1925 -999999 -999999 -999999 -999999 -999999 -999999 -999999 -999999 -999999 -999999 -999999 -999999 -999999 -999999 -999999 -999999 -999999 -999999 -999999 
	2370   1926 -999999 -999999 -999999 -999999 -999999 -999999 -999999 -999999 -999999 -999999 -999999 -999999 -999999 -999999 -999999 -999999 -999999 -999999 -999999 
	2370   1927 -999999 -999999 -999999 -999999 -999999 -999999 -999999 -999999 -999999 -999999 -999999 -999999 -999999 -999999 -999999 -999999 -999999 -999999 -999999 
	2370   1928 -999999 -999999 -999999 -999999 -999999 -999999 -999999 -999999 -999999 -999999 -999999 -999999 -999999 -999999 -999999 -999999 -999999 -999999 -999999 
	2370   1929 -999999 -999999 -999999 -999999 -999999 -999999 -999999 -999999 -999999 -999999 -999999 -999999 -999999 -999999 -999999 -999999 -999999 -999999 -999999 
	2370   1930 -999999 -999999 -999999 -999999 -999999 -999999 -999999 -999999 -999999 -999999 -999999 -999999 -999999 -999999 -999999 -999999 -999999 -999999 -999999 
	2370   1931 -999999 -999999 -999999 -999999 -999999 -999999 -999999 -999999 -999999 -999999 -999999 -999999 -999999 -999999 -999999 -999999 -999999 -999999 -999999 
	2370   1932 2100    -999999 1900    -999999 1700    1900    1000    1500    2100    1700    700     600     1900    1000    700     500     300     1000    1300    
	2370   1933 3300    1300    2300    1300    2300    1500    1100    1200    800     1100    2300    700     1000    700     1500    1100    700     1100    2600    
	2370   1934 2100    2100    2000    2100    1500    1600    700     700     2100    900     600     1500    1400    1300    800     600     300     700     400     
	2370   1935 1800    1600    1800    500     1800    1100    700     500     300     1600    600     1200    500     1100    800     700     400     300     600     
	2370   1936 2600    2600    1400    1000    2600    1200    1100    600     1000    2600    900     1000    700     300     1200    600     900     1100    900     
	2370   1937 1100    800     1100    600     1100    1100    1000    600     300     400     500     1100    700     500     900     500     1000    900     400     
	2370   1938 2300    2300    1800    1300    2300    1800    900     400     1300    2300    1300    1400    1800    900     900     800     700     900     1000    
	2370   1939 2500    1200    2500    1200    1500    1000    700     600     700     300     600     1500    1000    800     900     600     300     200     1700    
	2370   1940 2100    1000    2100    1000    2100    1800    700     600     1000    500     500     2100    1600    600     700     700     700     400     600     
	2370   1941 2500    1200    2500    1200    1600    2500    1500    1100    300     1200    1000    1600    2200    1000    300     1500    800     600     800     
	2370   1942 3000    1900    3000    1600    3000    1200    900     1300    1600    1200    2100    900     1200    400     700     900     500     800     700     
	2370   1943 3600    3600    1900    1300    2300    1900    1400    400     1300    2300    1500    1300    900     1900    800     500     900     500     1000    
	2370   1944 2000    1900    2000    1900    1300    2000    700     500     1900    1000    1000    700     700     1500    1800    500     700     300     500     
	2370   1945 1600    900     1600    900     1100    1600    1600    900     300     900     800     1100    800     1600    600     1000    1600    600     500     
	2370   1946 1500    1500    1400    1500    1400    1000    1300    1500    800     1400    1100    1200    700     1000    400     600     1300    500     1300    
	2370   1947 3600    1200    3600    1200    1400    2400    1200    1200    1200    400     1000    1400    1000    2000    2400    1200    900     600     900     
	2370   1948 3100    3100    1500    1600    1500    1500    1000    300     1600    1500    1000    1400    1200    1400    900     700     1000    900     700     
	2370   1949 2900    1500    2900    1500    1100    2900    1400    700     800     1000    800     700     1700    1200    2000    600     800     500     600     
	2370   1950 1800    1800    1700    1300    1400    1300    1400    1300    400     1400    400     1000    1300    400     600     200     1400    500     1300    
	2370   1951 2400    1400    1500    1200    1000    1100    2400    1000    400     1000    1000    500     1100    900     700     700     2000    300     1300    
	2370   1952 1900    1000    1900    1000    1900    1100    700     600     1000    700     1100    1900    800     800     1100    700     600     400     700     
	2370   1953 3400    3400    1400    1700    2700    1400    1600    1700    700     2700    1100    1200    700     400     1400    700     1600    1100    800     
	2370   1954 1700    1700    1400    1700    1700    700     700     1100    700     1700    1100    1400    500     600     700     300     300     500     600     
	2370   1955 1900    1600    1900    1200    1900    1100    1000    900     1200    700     1900    700     800     900     1100    800     700     1000    400     
	2370   1956 1500    1300    1500    1300    1200    800     1500    500     1300    900     800     1200    800     400     300     1500    900     1000    1000    
	2370   1957 1200    1200    1100    1200    900     1000    1200    1200    400     500     900     800     700     300     700     300     1200    800     400     
	2370   1958 2100    1300    1100    600     1300    1000    2100    500     200     1300    500     500     1000    800     600     600     800     2100    400     
	2370   1959 2900    2900    2500    2900    2500    1600    2500    900     2000    400     800     2500    1600    1500    1500    2000    1600    800     800     
	2370   1960 1500    1100    1500    400     1500    1100    900     400     400     1100    1100    1100    1100    500     400     900     300     400     300     
	2370   1961 1700    1700    1000    1200    1700    700     1200    600     1200    1700    500     800     700     700     700     600     700     1200    900     
	2370   1962 2100    1400    2000    1300    1700    1700    2100    600     1300    1000    1200    500     1700    400     400     1100    2100    700     700     
	2370   1963 2400    2400    2000    1600    800     1200    1600    1000    1600    800     800     800     1200    600     300     1600    900     500     1500    
	2370   1964 1700    1700    1600    1300    1200    1400    1000    1300    700     1200    800     500     800     900     1200    700     700     900     600     
	2370   1965 2100    2100    1100    1400    1000    1100    1400    700     1400    700     400     1000    800     300     1100    900     1400    700     300     
	2370   1966 1600    1600    1500    1600    1200    900     1500    1600    600     600     300     1200    900     200     800     1500    800     300     200     
	2370   1967 1400    900     1100    900     900     1100    1400    900     800     700     900     500     900     700     1100    700     600     1400    400     
	2370   1968 1700    1300    1700    800     1700    800     1100    400     800     600     1700    600     600     700     800     500     1100    1100    1500    
	2370   1969 1800    1600    1800    900     1100    1100    1700    900     700     1100    1000    400     1000    1100    900     1600    1700    300     700     
	2370   1970 3200    1200    3200    600     1000    2200    1400    500     400     400     200     1000    2200    600     1200    1400    1100    900     2000    
	2370   1971 2300    1500    2300    1500    2100    2100    2200    1500    900     800     1500    600     700     2000    600     2200    1100    400     900     
	2370   1972 2200    1600    1800    1300    1600    1300    2200    900     800     1600    700     600     700     1300    1000    800     1800    400     1900    
	2370   1973 3300    2400    1600    1800    2400    1400    1600    1400    600     2400    400     500     1400    500     1200    1600    900     900     600     
	2370   1974 1700    700     1100    600     1700    800     800     500     600     700     1100    900     800     300     800     800     400     400     400     
	2370   1975 1800    1100    1600    1000    900     1600    1800    700     1000    200     900     700     1000    800     900     600     1800    800     1100    
	2370   1976 3000    1500    3000    1500    3000    2300    800     500     1500    1100    2800    800     1700    1200    2300    400     800     400     300     
	2370   1977 2100    800     2100    600     1100    2100    1100    400     600     800     500     1100    900     1600    400     800     1100    500     600     
	2370   1978 2000    700     2000    700     1700    1000    1100    400     700     500     900     1700    400     1000    1000    500     1100    900     800     
	2370   1979 1100    700     1100    700     600     1100    1100    600     700     300     600     400     500     600     600     1000    1100    600     400     
	2370   1980 3200    1300    3200    1300    3200    800     700     1300    600     1100    900     2800    800     800     600     600     700     500     400     
	2370   1981 2300    1600    1800    1600    2300    1800    700     400     1600    600     1800    600     600     1100    1800    700     300     600     700     
	2370   1982 1700    1400    1700    1400    1200    1100    1700    1400    1400    700     1000    1200    900     1100    400     1700    800     600     800     
	2370   1983 2100    1600    2100    1600    1300    2100    1700    400     1600    1300    400     300     2100    1600    1500    900     700     1400    700     
	2370   1984 2100    1300    2100    1100    2100    1500    700     200     1100    1300    1900    500     800     1200    1500    200     700     700     500     
	2370   1985 2000    2000    1300    2000    1000    1300    1100    400     2000    600     1000    900     400     1300    400     800     900     700     300     
	2370   1986 3500    3500    1500    3200    1100    1500    2100    400     2800    1100    600     600     800     1500    1400    1500    1000    400     500     
	2370   1987 1600    1300    1600    1300    1200    1600    900     1300    1000    1200    1000    700     400     1300    400     400     500     900     900     
	2370   1988 1900    1200    1900    1200    1000    1900    1000    900     1200    200     1000    800     1900    300     900     600     1000    700     600     
	2370   1989 1800    1300    1800    1300    1800    1300    1200    1000    600     700     500     1800    1300    1300    1000    800     400     1200    1100    
	2370   1990 1900    1000    1900    1000    1900    1800    900     800     600     900     600     1900    1100    1800    800     500     900     500     600     
	2370   1991 2400    1900    2300    1900    1500    1600    1400    1200    700     1100    900     1500    200     600     1000    1400    1200    800     1600    
	2370   1992 2100    1300    2100    1300    2100    1000    1300    1200    700     500     1300    2100    1000    700     600     800     500     600     1200    
	2370   1993 1800    1000    1600    900     1600    700     1800    500     900     1000    800     800     700     400     500     300     1000    1400    200     
	2370   1994 1600    1100    1400    1100    800     1400    1600    400     1100    400     800     700     900     1000    500     500     1600    800     400     
	2370   1995 2700    1300    2700    500     1300    2700    1200    200     500     500     800     800     1300    1000    2300    900     1200    1100    1600    
	2370   1996 2300    2300    2000    2300    2000    1200    1000    2100    500     1600    1900    1200    1000    1200    1000    1000    400     400     1400    
	2370   1997 2000    1800    1900    1800    1900    1900    1700    1800    300     800     1900    1000    700     800     1900    1700    800     500     700     
	2370   1998 1700    1300    1700    1300    1700    1600    700     800     1300    1300    200     1700    400     1200    1600    700     200     700     300     
	2370   1999 2500    600     2500    600     1000    1200    1400    300     300     500     600     800     900     900     1100    1400    1200    400     200     
	2370   2000 1300    1300    1300    1300    1300    1100    800     1300    400     700     900     900     700     800     1100    800     400     300     700     
	2370   2001 1400    1400    1400    1400    1400    800     800     1400    800     500     300     1400    800     400     600     200     800     700     1000    
	2370   2002 2400    1100    1300    1000    2400    800     900     1000    500     1100    1300    700     700     700     800     900     500     600     1200    
	2370   2003 2300    2300    2200    2300    2200    2100    1300    600     2300    2000    2200    600     1300    1300    2100    900     1300    800     1000    
	2370   2004 2200    1100    2200    1100    2200    1300    1200    300     1100    1100    1000    2200    1300    600     500     1200    700     400     1500    
	2370   2005 1300    900     1300    700     1100    900     1000    700     600     900     500     1100    800     900     500     800     1000    500     500     
	2370   2006 1700    1700    1500    1700    1500    1100    1500    1100    900     1300    700     1500    1100    800     400     1500    700     600     1000    
	2370   2007 4600    1100    3500    1000    4600    1000    1000    400     600     1100    3000    500     700     400     1000    600     1000    400     1700    
	2370   2008 1800    1800    1500    1800    1500    900     1000    700     1800    300     800     1400    600     500     900     1000    900     500     1100    
	2370   2009 2000    900     2000    900     1000    2000    1400    800     600     800     900     800     1500    500     1500    1400    700     400     500     
	2370   2010 2100    900     2100    700     2100    1300    900     600     700     900     2100    1700    1100    1000    400     500     900     700     500     
	2370   2011 2700    1800    2700    800     2700    500     2700    700     700     1700    1900    800     400     500     400     800     400     2700    500     
	2370   2012 2700    2400    1500    800     2700    1500    1000    500     800     2400    500     900     400     700     1500    1000    900     400     200     
	2370   2013 2200    1200    2200    800     2100    2200    1300    600     800     1200    900     600     1100    2200    700     1100    500     400     500     
	2370   2014 2000    1500    2000    500     1500    1700    2000    500     500     1500    600     700     1700    900     200     2000    700     600     400     
	2370   2015 2000    2000    1300    1400    2000    1200    1000    400     1400    2000    1300    900     1100    400     900     700     700     300     400     
	2370   2016 1900    1300    1400    500     1300    1400    1200    500     400     1300    600     1200    500     1400    700     1000    1200    1000    1000    
	2370   2017 1500    1100    1500    800     1300    1300    800     800     600     1100    1200    1300    1300    500     900     800     700     300     300     
	2370   2018 3700    1500    3700    1400    1800    3700    1500    400     1400    500     1000    1800    2200    1500    600     1300    900     1500    800     
	2370   2019 2000    1700    2000    1700    2000    1600    600     400     1700    1300    2000    1600    1100    500     1000    600     500     600     500     
	2370   2020 2000    1600    2000    800     2000    900     1700    800     300     1600    1700    2000    700     600     900     1700    600     800     400     
	2370   2021 2800    1000    2800    600     900     1600    2600    300     600     900     800     500     1600    1100    600     2600    400     700     800     
	2370   2022 2800    2800    1700    700     2800    1400    800     700     400     2800    1700    1000    900     1300    1400    500     700     800     500     
	2370   2023 3900    1100    3900    1100    2000    1900    900     600     1100    300     700     2000    1900    300     1200    900     700     200     500     
	2370   2024 1800    700     1800    700     900     1800    1000    700     200     500     500     900     900     600     1200    900     600     800     700     
	2370   2025 2700    1200    2700    1200    2700    1600    1300    1100    1000    1000    1100    2100    1400    700     1600    1000    1300    800     1300    
	2370   2026 -999999 900     -999999 600     -999999 -999999 -999999 600     400     900     2800    -999999 -999999 -999999 -999999 -999999 -999999 -999999 -999999 
	