EUROPEAN CLIMATE ASSESSMENT & DATASET (ECA&D), file created on: 17-05-2026
THESE DATA CAN BE USED FOR NON-COMMERCIAL RESEARCH AND EDUCATION PROVIDED THAT THE FOLLOWING SOURCE IS ACKNOWLEDGED: 

Klein Tank, A.M.G. and Coauthors, 2002. Daily dataset of 20th-century surface
air temperature and precipitation series for the European Climate Assessment.
Int. J. of Climatol., 22, 1441-1453.
Data and metadata available at http://www.ecad.eu

FILE FORMAT (MISSING VALUE CODE = -999999):

THIS FILE HOLDS DATA FOR STATION NETHERLANDS                              DORDRECHT                                (STAID:  20509)
LATITUDE: dd:mm:ss +51:48:46
LONGITUDE: ddd:mm:ss +004:40:41
ELEVATION: m -100

DATA IS FOR INDEX Maximum no of consecutive dry days (RR < 1 mm) (CDD) with unit 0.01 No of days

01-06 SOUID: Source identifier
08-11 YEAR : YYYY
13-20 ANNUAL DATA VALUES
21-28 WINTER HALF YEAR DATA VALUES
29-36 SUMMER HALF YEAR DATA VALUES
37-44 WINTER (DJF) DATA VALUES
45-52 SPRING (MAM) DATA VALUES
53-60 SUMMER (JJA) DATA VALUES
61-68 AUTUMN (SON) DATA VALUES
69-76 JANUARY DATA VALUES
etc. 
157-164 DECEMBER DATA VALUES

20509  1926 -999999 -999999 -999999 -999999 -999999 -999999 -999999 -999999 -999999 -999999 -999999 -999999 -999999 -999999 -999999 -999999 -999999 -999999 -999999 
	20509  1927 1900    -999999 1000    -999999 1200    600     1200    600     1000    1200    700     600     500     300     600     400     1200    600     1300    
	20509  1928 1900    1900    1500    1300    1300    1500    1100    300     1300    1300    500     700     700     1500    500     1100    300     700     900     
	20509  1929 2600    2600    2000    2400    2100    2000    1100    1200    2200    2100    1000    1600    500     2000    800     1100    700     700     500     
	20509  1930 2100    2100    1000    1200    1400    1000    1000    1000    1200    1200    800     500     1000    500     700     500     1000    500     600     
	20509  1931 2300    2000    1500    500     2300    1500    1200    500     500     2000    900     700     1100    400     1000    700     1200    1100    800     
	20509  1932 1600    1600    1600    1500    1600    1600    1000    1500    1200    1600    300     600     1600    500     700     700     300     1000    1100    
	20509  1933 2300    1600    2300    1600    2300    1400    1100    1600    800     1100    2300    700     1000    1200    1400    1000    700     700     1400    
	20509  1934 2500    2500    1600    2500    1500    1500    1600    700     2400    900     600     1500    1300    1200    800     500     1100    1600    500     
	20509  1935 1600    1600    1400    600     1600    1200    800     600     300     1600    500     1300    500     1200    1100    800     500     500     600     
	20509  1936 2400    1900    2400    1000    2400    1100    2000    600     1000    1900    800     2000    700     500     1100    400     1700    1100    900     
	20509  1937 2000    800     2000    600     1200    1100    1400    600     400     400     300     1200    800     800     1100    400     1400    900     400     
	20509  1938 2300    2300    1800    1300    2300    1800    1100    500     1300    2300    1100    1600    1800    1000    900     1100    700     800     1000    
	20509  1939 2400    1300    2400    1300    1400    1300    1100    600     700     500     600     1400    1000    1300    900     800     300     300     1700    
	20509  1940 2300    1300    2300    800     2300    1300    1400    700     600     1100    700     2300    1100    300     1200    1000    1400    500     600     
	20509  1941 1800    1300    1800    1300    1300    1800    1500    1200    300     1200    900     1300    1500    1000    300     1500    800     500     500     
	20509  1942 2700    1800    2700    1500    2700    1300    1100    1400    1500    1200    2600    700     1300    400     900     1100    600     800     800     
	20509  1943 3800    3800    1900    1300    2500    1900    1400    600     1300    2500    1000    1300    900     1900    600     700     1400    500     1200    
	20509  1944 1900    1200    1900    1000    1300    1900    700     500     1000    1100    900     600     800     700     1800    400     700     300     800     
	20509  1945 -999999 900     -999999 600     1400    -999999 1800    600     600     900     800     1400    -999999 -999999 500     1500    1800    800     800     
	20509  1946 3000    2600    1500    1500    3000    1500    2200    1500    700     2600    1100    1200    300     1300    700     600     2200    500     1300    
	20509  1947 2600    1100    2600    1100    1100    2400    900     1000    600     300     1100    800     700     700     2400    400     900     500     1400    
	20509  1948 3000    3000    1400    1500    1500    1300    1500    300     1500    1500    800     1400    900     1300    800     1100    1100    1000    1300    
	20509  1949 -999999 -999999 -999999 -999999 -999999 -999999 -999999 -999999 -999999 -999999 -999999 -999999 -999999 -999999 -999999 -999999 -999999 -999999 -999999 
	20509  1950 -999999 -999999 1700    -999999 -999999 1200    1000    -999999 -999999 -999999 1100    1000    1200    600     600     300     1000    500     900     
	20509  1951 2400    1100    1500    800     1000    1100    2400    500     400     900     1000    400     1100    700     300     700     2000    300     800     
	20509  1952 1900    1100    1900    1100    1900    1100    800     500     1100    700     1100    1900    700     800     1100    800     600     800     700     
	20509  1953 3400    3400    1400    1700    2700    1400    1600    1700    700     2700    1000    1200    600     800     1400    700     1600    1100    900     
	20509  1954 1700    1700    1600    1700    1700    800     700     1100    600     1700    1400    1600    600     400     500     300     700     600     600     
	20509  1955 1900    1500    1900    1200    1900    1400    1100    900     1200    900     1900    800     800     1300    1000    800     700     1100    500     
	20509  1956 2500    1300    2500    1300    2500    1000    1400    500     1300    1200    1700    800     1000    300     300     1400    900     1000    1000    
	20509  1957 1400    1300    1100    1300    1100    1000    1100    1300    400     600     1100    800     700     500     700     300     700     1100    600     
	20509  1958 2600    1300    1300    600     1300    1000    2200    600     400     1300    1300    500     1000    800     600     700     900     2200    500     
	20509  1959 3800    2100    3800    2100    2400    1800    2600    500     2000    400     800     2400    1700    1800    1800    2000    1700    800     800     
	20509  1960 1700    1100    1700    500     1700    900     700     500     500     1100    600     1200    900     400     200     700     300     300     400     
	