EUROPEAN CLIMATE ASSESSMENT & DATASET (ECA&D), file created on: 17-05-2026
THESE DATA CAN BE USED FOR NON-COMMERCIAL RESEARCH AND EDUCATION PROVIDED THAT THE FOLLOWING SOURCE IS ACKNOWLEDGED: 

Klein Tank, A.M.G. and Coauthors, 2002. Daily dataset of 20th-century surface
air temperature and precipitation series for the European Climate Assessment.
Int. J. of Climatol., 22, 1441-1453.
Data and metadata available at http://www.ecad.eu

FILE FORMAT (MISSING VALUE CODE = -999999):

THIS FILE HOLDS DATA FOR STATION NETHERLANDS                              VLEUTEN                                  (STAID:   2540)
LATITUDE: dd:mm:ss +52:04:59
LONGITUDE: ddd:mm:ss +005:00:00
ELEVATION: m    0

DATA IS FOR INDEX Maximum no of consecutive dry days (RR < 1 mm) (CDD) with unit 0.01 No of days

01-06 SOUID: Source identifier
08-11 YEAR : YYYY
13-20 ANNUAL DATA VALUES
21-28 WINTER HALF YEAR DATA VALUES
29-36 SUMMER HALF YEAR DATA VALUES
37-44 WINTER (DJF) DATA VALUES
45-52 SPRING (MAM) DATA VALUES
53-60 SUMMER (JJA) DATA VALUES
61-68 AUTUMN (SON) DATA VALUES
69-76 JANUARY DATA VALUES
etc. 
157-164 DECEMBER DATA VALUES

2540   1848 -999999 -999999 -999999 -999999 -999999 -999999 -999999 -999999 -999999 -999999 -999999 -999999 -999999 -999999 -999999 -999999 -999999 -999999 -999999 
	2540   1849 1600    -999999 1300    -999999 1600    900     1100    600     500     1600    500     500     900     700     500     800     1100    500     500     
	2540   1850 2100    2100    1300    900     1400    1200    1300    900     700     1400    300     600     1200    600     400     1300    600     400     1100    
	2540   1851 1600    1100    1600    1100    800     1600    1400    700     1100    800     600     500     900     700     1500    1400    1100    600     1500    
	2540   1852 1700    1200    1600    600     1700    1200    1200    300     600     1200    1600    800     300     1000    900     500     1200    500     400     
	2540   1853 3100    1200    1700    1200    1600    1700    3100    900     1000    900     400     1600    1200    500     1500    900     1100    2000    1400    
	2540   1854 2800    2800    2000    1300    2500    1000    1200    1300    400     2400    2000    1400    800     1000    800     1200    600     500     300     
	2540   1855 2800    900     2800    900     1600    1200    2000    700     900     800     1000    1600    1200    400     700     1300    400     2000    800     
	2540   1856 2400    1100    1400    800     1300    1400    2400    800     800     1100    900     500     1100    600     600     1200    1600    800     500     
	2540   1857 3600    1200    3600    1100    3600    900     1500    500     900     1100    700     2900    900     600     800     1400    900     1500    1800    
	2540   1858 2200    2200    2100    1800    1400    1200    2100    800     1800    1400    1100    1000    1200    600     800     2100    700     2000    1300    
	2540   1859 1900    1700    1900    1200    1500    1900    1700    1200    400     700     700     1400    600     1800    1000    300     900     1700    500     
	2540   1860 2600    700     900     600     900     800     2600    500     600     300     500     900     700     800     200     400     1200    1400    400     
	2540   1861 3500    1600    2800    1600    2800    1100    3500    1500    1000    900     2600    800     1100    400     700     500     3100    500     1300    
	2540   1862 1700    1400    1700    1300    1500    1300    1700    1300    1100    1400    800     800     400     800     1300    1700    1000    900     500     
	2540   1863 2200    1000    2200    900     1300    2200    1100    600     900     700     1200    1100    500     1700    1100    900     700     800     400     
	2540   1864 2700    1800    2700    1800    2700    1700    1600    1600    800     1200    2700    1500    800     1700    800     600     1000    600     2000    
	2540   1865 2800    2000    2800    2000    2800    2600    2800    900     800     500     2500    600     2600    600     800     2100    700     800     2800    
	2540   1866 2800    1100    2000    1100    1700    1000    2800    800     700     600     800     1700    700     1000    600     700     2100    700     1000    
	2540   1867 1100    1100    1000    900     1000    900     1000    600     900     800     500     1000    800     700     900     600     800     1000    900     
	2540   1868 2000    600     2000    500     1500    1600    1600    400     500     400     900     900     1600    1100    500     1600    900     700     400     
	2540   1869 2200    1300    2200    1200    1300    2000    800     1200    1100    1300    600     400     900     1200    1800    400     800     500     400     
	2540   1870 3400    1900    3400    1900    1800    1600    1900    1500    1900    600     1000    1800    1600    800     400     1300    600     600     1100    
	2540   1871 1700    1700    1200    1700    900     1200    1200    800     1700    900     700     900     800     800     1200    1200    1200    1100    800     
	2540   1872 1300    1300    1200    1300    900     1200    1000    800     700     900     800     800     1200    900     1100    600     1000    300     800     
	2540   1873 1800    1100    1300    1100    1600    1100    1800    900     700     1100    1000    500     1100    1100    400     1300    500     1800    1800    
	2540   1874 1800    800     1700    700     1700    1400    1800    600     700     800     1700    700     700     1100    1400    700     1200    900     800     
	2540   1875 2800    1700    2800    1200    2800    1000    1100    800     1200    1100    2200    900     900     1000    500     900     800     500     700     
	2540   1876 1600    1400    1600    1400    1100    1600    1600    1400    400     900     900     800     600     1200    1600    400     1600    500     500     
	2540   1877 1000    500     1000    400     800     1000    800     400     200     400     700     800     1000    600     500     700     500     700     500     
	2540   1878 1500    1500    1400    1500    1400    1100    900     500     1200    400     1200    600     1100    900     600     600     900     700     900     
	2540   1879 2300    2300    1200    2300    1400    1200    1200    1700    600     1400    600     700     1200    900     600     700     1000    1200    2000    
	2540   1880 2800    2700    2800    1500    2800    2300    900     1200    600     2700    1000    1000    500     600     2300    800     600     600     300     
	2540   1881 1600    900     1400    900     1600    1100    900     800     900     900     1100    1400    800     1100    700     500     600     900     600     
	2540   1882 2000    2000    1200    2000    1700    600     500     2000    1300    1700    1200    700     300     500     500     400     500     300     600     
	2540   1883 2700    900     2100    900     2700    1000    1200    900     900     900     2100    1300    1000    300     600     1200    1000    400     1100    
	2540   1884 1800    1000    1800    1000    1800    1500    1300    700     700     800     1800    1200    1400    700     1300    1300    900     900     700     
	2540   1885 1900    1400    1900    1400    1700    1900    1100    1400    500     1000    1700    600     900     1900    800     500     200     1100    1700    
	2540   1886 2500    1700    2500    1700    2500    1400    1900    300     1700    1700    1500    1000    800     700     900     1900    900     700     300     
	2540   1887 3100    1500    3100    1500    1100    3100    900     1200    1500    1100    800     600     2700    1700    1400    900     600     900     400     
	2540   1888 1500    1300    1300    1300    1100    1200    1500    1300    500     400     600     1100    1200    400     800     1100    1500    900     1300    
	2540   1889 1400    1100    1300    1100    1100    1300    1400    1100    400     600     1100    500     1300    600     400     1100    700     1400    700     
	2540   1890 2700    2700    1400    2700    1200    900     1400    900     2600    1200    1100    700     900     900     600     1400    700     600     1800    
	2540   1891 2800    2800    1400    2500    1400    600     1400    700     2500    800     1400    600     600     500     400     700     1100    800     1000    
	2540   1892 1800    1000    1500    1000    1800    1100    500     700     1000    1000    1500    1300    500     1100    500     500     400     500     1700    
	2540   1893 4500    1400    3100    1100    4500    2100    700     1100    400     1400    3000    1400    2100    700     800     700     600     700     500     
	2540   1894 2700    1900    1600    1400    2700    1600    1000    1400    600     1900    800     700     1000    600     400     600     400     1000    1300    
	2540   1895 1900    1100    1800    1100    1300    1000    1900    500     1100    800     1000    1300    1000    700     600     1800    600     400     900     
	2540   1896 1700    1400    1400    1400    1400    1300    1500    1000    1400    700     1000    1400    700     1300    800     400     300     1500    600     
	2540   1897 -999999 1000    -999999 1000    -999999 -999999 -999999 1000    700     900     500     -999999 -999999 -999999 -999999 -999999 -999999 -999999 -999999 
	2540   1898 -999999 -999999 1800    -999999 1100    1600    1600    900     200     1000    1100    600     800     1600    1300    1600    900     600     -999999 
	2540   1899 -999999 -999999 -999999 -999999 -999999 -999999 -999999 -999999 -999999 -999999 -999999 -999999 -999999 -999999 -999999 -999999 -999999 -999999 -999999 
	2540   1900 -999999 -999999 -999999 -999999 -999999 -999999 -999999 -999999 -999999 -999999 -999999 -999999 -999999 -999999 -999999 -999999 -999999 -999999 -999999 
	2540   1901 -999999 -999999 -999999 -999999 -999999 -999999 -999999 -999999 -999999 -999999 -999999 -999999 -999999 -999999 -999999 -999999 -999999 -999999 -999999 
	2540   1902 -999999 -999999 -999999 -999999 -999999 -999999 -999999 -999999 -999999 -999999 -999999 -999999 -999999 -999999 -999999 -999999 -999999 -999999 -999999 
	2540   1903 -999999 -999999 -999999 -999999 -999999 -999999 -999999 -999999 -999999 -999999 -999999 -999999 -999999 -999999 -999999 -999999 -999999 -999999 -999999 
	2540   1904 -999999 -999999 -999999 -999999 -999999 -999999 -999999 -999999 -999999 -999999 -999999 -999999 -999999 -999999 -999999 -999999 -999999 -999999 -999999 
	2540   1905 -999999 -999999 -999999 -999999 -999999 -999999 -999999 -999999 -999999 -999999 -999999 -999999 -999999 -999999 -999999 -999999 -999999 -999999 -999999 
	2540   1906 1900    -999999 1600    -999999 1900    1200    1100    300     400     800     1600    500     1200    600     500     1000    700     500     500     
	2540   1907 1800    1100    1700    1100    1400    1600    1800    900     1000    900     1100    600     500     1600    400     1700    700     1200    800     
	2540   1908 2400    1400    1800    1400    1400    1800    2400    800     1100    1400    700     600     1100    1400    600     700     1300    1100    1700    
	2540   1909 2200    1400    1100    1400    1000    1000    1100    1400    1100    700     1000    900     1000    600     600     1100    700     600     800     
	2540   1910 1900    1300    1200    900     1900    1200    1500    900     500     1300    600     900     1200    1000    600     700     1500    600     700     
	2540   1911 3400    3400    1900    3400    1700    1400    1300    1900    1500    1000    1500    1700    800     1300    1400    1300    500     400     400     
	2540   1912 1900    800     1900    800     1600    1900    1300    800     700     300     1600    900     200     1900    300     1300    1200    400     500     
	2540   1913 1800    1600    1800    1600    1100    1800    1300    900     1600    400     600     1100    700     800     1800    800     800     500     500     
	2540   1914 1600    1600    1300    1600    1200    1100    1200    1600    1100    300     1200    800     900     700     1100    900     1100    1000    400     
	2540   1915 1400    1100    1100    700     800     1100    1400    700     300     800     700     800     1100    600     700     1100    1400    600     300     
	2540   1916 2800    900     2800    700     1200    2800    1500    400     300     900     1000    800     800     1500    1300    1000    600     1500    400     
	2540   1917 1800    1700    1800    1700    1800    1100    900     1200    1700    600     1100    700     400     1000    400     900     400     500     700     
	2540   1918 1700    1400    1700    1400    1700    1500    900     800     600     1400    1700    1100    700     800     1000    200     900     600     500     
	2540   1919 3100    1900    3100    1900    2900    1400    1800    700     1500    900     1100    2900    700     500     1400    1800    800     700     500     
	2540   1920 2600    1200    1000    1100    1200    1000    2600    400     1100    1200    300     400     1000    500     700     900     1600    1400    1400    
	2540   1921 3000    1400    2100    1300    1600    2100    2300    700     1300    1200    400     1600    900     2100    800     1800    800     2300    700     
	2540   1922 2500    1200    2000    1200    1200    1200    2500    700     1200    1100    500     1200    1200    300     700     300     2500    900     500     
	2540   1923 2500    1400    2500    500     1900    2500    1000    500     500     1400    1100    500     1100    1400    1300    600     200     1000    300     
	2540   1924 2300    1800    1100    700     1800    1100    2300    700     600     1800    1000    600     1000    1000    400     600     900     2300    1000    
	2540   1925 1400    1100    1200    1100    1200    1100    1400    1100    500     500     600     1200    1100    600     600     400     1100    900     500     
	2540   1926 1500    1500    1500    800     1500    1000    800     800     700     1500    1000    700     600     700     1000    800     600     700     700     
	2540   1927 1900    1300    1400    1000    1300    500     1000    400     1000    1300    400     600     400     400     500     900     1000    600     1300    
	2540   1928 2000    1700    2000    1200    1300    2000    1300    400     1200    1300    800     700     600     2000    400     1300    500     400     500     
	2540   1929 2600    2600    2200    1500    2100    2200    1100    1400    1300    2100    900     1600    600     2200    700     1100    700     700     500     
	2540   1930 2300    2100    2100    1400    2300    2100    700     1100    1200    1200    1400    500     2100    600     1000    500     700     300     600     
	2540   1931 1600    1600    1500    1000    1600    1500    1200    500     800     1600    300     500     1100    400     1000    1000    1200    1200    1300    
	2540   1932 2300    2200    1800    2200    1800    1800    1000    1500    1200    1800    300     600     1800    500     800     800     300     1000    2300    
	2540   1933 3300    2300    1600    2300    1600    1000    1100    1600    800     1100    1600    900     800     800     1000    1100    700     700     2600    
	2540   1934 2100    2100    1900    2100    1700    1700    1000    700     2100    1000    700     1500    1400    1400    800     800     400     1000    500     
	2540   1935 1800    1500    1800    500     1800    1200    700     500     500     1500    600     1200    500     1200    1000    700     500     500     400     
	2540   1936 3300    3300    1500    1100    2800    1200    1100    300     1100    2800    600     1100    800     800     1200    400     900     1100    900     
	2540   1937 1600    800     1600    500     1100    1600    1400    500     200     400     400     1100    700     600     1000    500     1400    900     400     
	2540   1938 1800    1300    1800    1300    1500    1800    1300    300     1300    1300    1500    1400    1800    1300    600     1300    700     1200    1000    
	2540   1939 2500    1400    2500    1400    1500    1700    800     600     800     400     600     1500    1000    700     1700    600     400     200     1700    
	2540   1940 2100    1000    2100    800     2100    1100    1300    600     400     800     700     2100    1100    600     700     900     1300    400     900     
	2540   1941 2800    1200    2800    1200    2800    900     1100    1100    600     1100    1100    1700    900     600     400     1100    800     500     800     
	2540   1942 3000    1600    3000    1600    3000    1100    900     1500    1600    1200    2100    900     1100    400     800     900     300     800     600     
	2540   1943 3200    3200    2100    1300    1900    2100    1400    500     1300    1900    1000    1300    500     1900    600     900     1400    700     1500    
	2540   1944 1900    1900    1800    1900    1300    1800    1200    500     1900    1100    900     700     800     700     1800    1200    900     300     800     
	2540   1945 1400    1100    1400    600     1100    1400    800     600     400     1100    800     1100    800     1400    700     800     800     700     700     
	2540   1946 1500    1500    1500    1500    1300    1500    1500    1500    700     1200    1100    700     300     1300    700     700     1500    700     1300    
	2540   1947 3200    1200    3200    1200    1100    2500    1000    1200    800     400     1100    700     1000    2100    2500    700     900     400     900     
	2540   1948 3000    3000    1400    1500    1500    1300    1000    200     1500    1500    800     1400    800     1300    900     700     1000    900     1100    
	2540   1949 2900    1300    2900    800     1400    2900    2400    500     800     1300    800     1300    1700    1200    1300    1100    1600    500     700     
	2540   1950 1700    1200    1700    1200    1400    1300    1000    1200    400     800     800     1400    1300    600     500     300     1000    600     800     
	2540   1951 2400    1400    1400    1200    1000    1100    2400    900     400     1000    1000    700     1100    700     400     700     2000    300     1300    
	2540   1952 1300    1000    1300    900     1300    1100    900     500     900     1000    1100    1300    800     1000    1100    900     800     700     800     
	2540   1953 1500    1400    1500    1400    1500    1000    1200    1400    1100    1400    1200    1400    700     900     1000    700     1100    1100    800     
	2540   1954 1800    1800    1700    1800    1700    700     600     1100    700     1700    1600    1400    500     500     700     400     500     600     600     
	2540   1955 2200    1500    2200    1100    1200    1800    1300    900     1100    700     1200    500     800     900     1800    800     800     1300    700     
	2540   1956 2400    1400    2400    1400    2400    1000    1500    500     1400    1200    1600    1200    1000    400     300     1500    900     800     600     
	2540   1957 1400    900     1100    600     900     700     1100    600     400     600     900     800     700     500     500     200     800     1100    600     
	2540   1958 1800    1300    1100    800     1300    1000    1800    600     300     1300    700     500     1000    800     600     500     700     1800    700     
	2540   1959 3900    2100    3900    2100    1500    1900    2700    500     2000    400     800     1500    1600    1500    1900    2000    1800    700     700     
	2540   1960 1300    1000    1300    700     1100    800     1000    700     400     1000    800     1000    800     500     500     1000    300     400     600     
	2540   1961 1800    1800    1200    1200    1800    700     1500    500     1200    1800    500     1000    700     700     700     1200    1300    1500    900     
	2540   1962 2200    1300    1900    1000    1400    1700    2200    700     700     1100    900     500     1700    500     500     1200    2200    800     700     
	2540   1963 2600    2400    1700    1600    800     800     1700    1100    1600    800     600     800     600     700     400     1700    900     900     1700    
	2540   1964 1800    1800    1400    1300    1200    1400    1000    1300    600     1200    800     1100    800     900     1100    700     600     900     600     
	2540   1965 1500    1500    1100    1100    1300    1100    1400    600     1100    1300    600     600     800     300     600     900     1400    1300    300     
	2540   1966 1500    1100    1500    1100    1200    900     1400    1100    600     500     300     1200    900     300     800     1400    1100    300     300     
	2540   1967 1200    1200    1200    1200    1200    1100    1000    1200    700     700     800     400     900     800     1100    900     500     900     400     
	2540   1968 1600    1200    900     800     900     800     1600    300     800     800     900     600     600     700     800     600     1000    1600    1500    
	2540   1969 2100    1600    2100    1200    1100    2100    1700    1200    700     1100    1000    700     1100    2000    600     1600    1700    300     600     
	2540   1970 2400    1200    2400    600     1200    2300    1400    600     400     1000    400     1200    2300    400     1400    1400    1100    900     1200    
	2540   1971 2300    1000    2300    1000    2000    2100    2200    900     800     500     1500    800     900     2000    400     2200    1200    600     900     
	2540   1972 3000    1500    2100    1300    1500    1300    3000    1000    800     1500    700     600     500     800     1300    1200    1800    400     2100    
	2540   1973 4000    2700    2500    2700    2100    2500    1600    1900    500     2100    600     600     2500    400     2100    1600    800     900     800     
	2540   1974 1700    700     1100    700     1700    800     800     500     600     700     1100    700     800     500     700     800     500     400     500     
	2540   1975 2000    1100    1700    1100    1500    1700    2000    600     1100    200     900     1500    1000    1000    1000    1000    1800    700     1100    
	2540   1976 2300    1500    2300    1500    1100    2300    1200    500     1500    1100    900     500     1700    1300    1400    700     700     500     500     
	2540   1977 3300    700     3300    600     1100    1700    2900    400     600     400     600     1100    900     1600    400     2900    1100    600     500     
	2540   1978 1900    700     1900    700     1600    1300    1000    700     700     500     900     1600    700     1100    1100    500     1000    900     800     
	2540   1979 1400    700     1400    700     500     800     1400    700     600     500     500     500     800     600     400     1400    700     600     400     
	2540   1980 2200    1200    2200    1200    2200    800     900     1200    800     1200    900     2200    800     800     600     900     600     500     400     
	2540   1981 2300    1300    1800    1300    2300    1800    1100    500     1300    500     1800    600     800     600     1800    1000    300     300     600     
	2540   1982 1800    1400    1800    1400    1600    1100    1800    1400    1400    900     1600    1100    800     1100    500     1800    800     600     800     
	2540   1983 1800    1800    1600    1800    1300    1600    1800    400     1800    1300    500     300     1400    1600    1000    900     600     1400    1100    
	2540   1984 2300    1200    2300    1200    1800    2300    700     200     1200    1200    1800    500     800     1000    2300    500     700     700     600     
	2540   1985 2000    2000    1400    2000    1000    1400    1900    400     2000    500     1000    900     300     1400    400     800     1900    500     500     
	2540   1986 3400    3400    1500    3100    1000    1500    2100    300     2800    1000    700     700     1200    1500    1300    1500    700     400     500     
	2540   1987 1300    1200    1300    1200    1200    1300    1000    1200    700     1200    900     700     300     1300    300     400     600     1000    900     
	2540   1988 2500    1000    2500    1000    900     2500    1000    1000    600     200     900     900     2500    300     900     600     1000    700     500     
	2540   1989 1800    1300    1800    1300    1800    1200    1200    1000    600     700     300     1800    1200    1200    800     800     400     1200    1100    
	2540   1990 1800    900     1800    700     1600    1800    900     500     600     900     500     1600    900     1800    800     600     900     600     600     
	2540   1991 2700    2200    2300    2200    1600    1600    1400    1200    1000    1200    1000    1500    200     600     1000    1400    1200    1100    1600    
	2540   1992 2200    1300    2200    1300    2100    1100    1400    1200    700     500     1000    2100    1100    600     600     900     500     300     1200    
	2540   1993 1600    1000    1600    900     1600    1500    1600    400     900     1000    800     800     1200    400     700     400     1000    1500    300     
	2540   1994 1700    1200    1700    1200    900     1700    1700    400     1200    500     900     500     1400    1000    500     600     1700    1000    400     
	2540   1995 2700    1400    2700    400     1600    2700    1800    300     300     500     900     700     1300    500     2300    1000    1800    1100    1600    
	2540   1996 3000    3000    2000    3000    2000    1300    1000    2200    800     1500    1900    1200    1000    1300    1000    1000    800     400     1400    
	2540   1997 2000    1800    2000    1800    1900    2000    1600    1800    300     800     1900    1100    600     600     2000    1600    1100    500     1100    
	2540   1998 1700    1300    1700    1300    1700    1300    1000    800     1300    1200    400     1700    400     600     1300    1000    200     700     300     
	2540   1999 2000    600     2000    600     1200    1200    1400    300     300     600     800     700     800     900     600     1400    1100    400     200     
	2540   2000 1600    1300    1600    1300    1600    800     500     1300    400     500     600     1500    700     800     500     500     400     300     600     
	2540   2001 1400    1100    1400    1100    1400    1200    1100    1100    400     500     400     1400    1200    900     600     200     1100    800     1300    
	2540   2002 2300    1100    1500    1100    2300    1100    1500    1000    600     1100    1200    700     400     600     1100    1500    500     600     1100    
	2540   2003 2900    2200    2900    2200    2000    2900    1400    600     2200    2000    1800    600     2100    700     2700    1100    1400    1200    1000    
	2540   2004 1700    1200    1500    1000    1400    1500    1200    300     700     1200    900     1400    700     600     900     1200    700     400     1500    
	2540   2005 1600    800     1400    800     700     1100    1600    600     800     500     600     600     1100    900     600     800     1600    400     500     
	2540   2006 1700    1700    1500    1700    1500    1400    1500    1100    900     1300    700     1500    1200    900     300     1500    1100    600     1100    
	2540   2007 4500    1000    3500    800     4500    1200    1200    500     600     1000    3000    500     700     400     1100    600     1200    400     1500    
	2540   2008 1800    1800    1700    1800    1700    900     1000    400     1800    300     1700    1400    800     400     900     1000    700     600     1200    
	2540   2009 2400    1000    2400    1000    1000    800     2400    800     600     800     900     800     500     500     700     2400    500     200     600     
	2540   2010 2100    900     2100    800     2100    1300    1200    600     800     900     2100    1200    1100    700     400     500     1200    800     1200    
	2540   2011 2500    1300    1500    700     1500    900     2500    700     700     1200    1500    800     300     600     400     800     600     2500    500     
	2540   2012 2900    2400    1100    800     2900    800     1000    500     800     2400    500     900     400     700     800     1000    1000    600     200     
	2540   2013 2300    1400    2300    800     2300    2300    1300    500     800     1400    900     700     1100    2300    1300    1100    500     800     500     
	2540   2014 2300    1700    2300    500     1700    1400    2300    500     500     1700    800     700     1000    800     300     2300    700     600     400     
	2540   2015 1700    1700    1300    1400    1700    1100    1400    400     1400    1700    1300    900     1100    500     800     600     1000    400     400     
	2540   2016 1800    1300    1100    500     1300    1100    1000    500     500     1300    700     1100    500     1100    1000    1000    1000    900     1000    
	2540   2017 2200    1300    1200    1300    2200    1200    900     1300    800     1100    1100    800     1200    400     900     400     900     300     300     
	2540   2018 6600    1700    6600    1400    900     6600    2200    900     1400    400     900     700     2900    3100    600     1200    2200    1500    800     
	2540   2019 2000    1100    2000    1100    2000    1600    700     600     1000    700     2000    1600    1100    600     1400    600     500     700     500     
	2540   2020 4500    1800    2700    400     4500    1600    1700    400     300     1800    2700    2000    700     600     1000    1700    800     900     400     
	2540   2021 2100    1700    2100    1000    1400    1600    1200    500     1000    700     1400    500     1600    900     400     1200    400     700     1000    
	2540   2022 3300    3300    1800    700     2900    1400    800     700     400     2900    1400    1000    1000    1300    1400    500     800     500     900     
	2540   2023 3900    1100    3900    1100    2000    1900    900     400     1100    400     700     2000    1900    300     1100    900     700     300     400     
	2540   2024 1200    800     1200    700     800     1200    1100    700     200     800     500     800     1200    600     700     1100    700     900     700     
	2540   2025 3100    2000    2700    1200    3100    1600    1200    1100    900     2000    1100    2100    1100    700     1600    1000    600     800     1300    
	2540   2026 -999999 1100    -999999 1100    -999999 -999999 -999999 1100    600     900     1900    -999999 -999999 -999999 -999999 -999999 -999999 -999999 -999999 
	