EUROPEAN CLIMATE ASSESSMENT & DATASET (ECA&D), file created on: 17-05-2026
THESE DATA CAN BE USED FOR NON-COMMERCIAL RESEARCH AND EDUCATION PROVIDED THAT THE FOLLOWING SOURCE IS ACKNOWLEDGED: 

Klein Tank, A.M.G. and Coauthors, 2002. Daily dataset of 20th-century surface
air temperature and precipitation series for the European Climate Assessment.
Int. J. of Climatol., 22, 1441-1453.
Data and metadata available at http://www.ecad.eu

FILE FORMAT (MISSING VALUE CODE = -999999):

THIS FILE HOLDS DATA FOR STATION NETHERLANDS                              TERNAARD                                 (STAID:    509)
LATITUDE: dd:mm:ss +53:22:59
LONGITUDE: ddd:mm:ss +005:58:59
ELEVATION: m    1

DATA IS FOR INDEX Maximum no of consecutive dry days (RR < 1 mm) (CDD) with unit 0.01 No of days

01-06 SOUID: Source identifier
08-11 YEAR : YYYY
13-20 ANNUAL DATA VALUES
21-28 WINTER HALF YEAR DATA VALUES
29-36 SUMMER HALF YEAR DATA VALUES
37-44 WINTER (DJF) DATA VALUES
45-52 SPRING (MAM) DATA VALUES
53-60 SUMMER (JJA) DATA VALUES
61-68 AUTUMN (SON) DATA VALUES
69-76 JANUARY DATA VALUES
etc. 
157-164 DECEMBER DATA VALUES

509    1917 -999999 -999999 -999999 -999999 -999999 -999999 -999999 -999999 -999999 -999999 -999999 -999999 -999999 -999999 -999999 -999999 -999999 -999999 -999999 
	509    1918 2100    -999999 1500    -999999 1600    1100    1300    800     700     1600    700     1000    1000    700     700     300     900     800     600     
	509    1919 2200    1600    2200    1600    2200    1000    1800    1500    1300    800     1100    2200    800     700     700     1800    800     500     800     
	509    1920 4300    1400    1900    1300    1400    1900    4300    600     1300    1400    400     700     1900    500     900     1400    3000    1400    700     
	509    1921 3500    2200    3500    1300    2200    3500    2200    400     1300    2200    1300    1600    800     2700    700     1700    1600    2200    600     
	509    1922 1900    1900    1400    1600    1900    800     1400    1500    1300    1900    1000    1400    800     400     800     800     1400    1200    400     
	509    1923 1500    1500    1400    1000    1500    1400    1300    800     1000    1500    1100    900     500     1100    1400    1300    300     800     400     
	509    1924 2000    1900    1100    1000    1900    1100    2000    700     1000    1900    1000    500     900     900     900     300     800     2000    1100    
	509    1925 3200    1200    3200    1200    1200    3200    1300    1200    500     800     800     1200    1500    2500    1100    400     900     900     600     
	509    1926 1600    1600    1200    1100    1600    1200    1000    600     1100    1600    900     1000    600     1000    1100    1000    800     900     1000    
	509    1927 2200    1400    1400    1400    1400    900     1500    800     1400    1200    500     1100    600     900     600     800     1100    600     1600    
	509    1928 3500    3500    2300    1300    2200    2300    1100    300     1300    2200    1000    800     900     2300    500     1100    900     400     700     
	509    1929 2400    1700    2400    1700    2000    2400    800     1400    1500    1300    2000    800     800     2400    700     800     600     500     800     
	509    1930 2200    2200    2000    1300    1500    2000    700     900     1300    1100    700     1200    2000    500     800     500     700     700     900     
	509    1931 -999999 2300    -999999 700     -999999 -999999 -999999 400     300     2300    400     -999999 -999999 -999999 -999999 -999999 -999999 -999999 -999999 
	509    1932 -999999 -999999 -999999 -999999 -999999 -999999 -999999 -999999 -999999 -999999 -999999 -999999 -999999 -999999 -999999 -999999 -999999 -999999 -999999 
	509    1933 -999999 -999999 -999999 -999999 -999999 -999999 -999999 -999999 -999999 -999999 -999999 -999999 -999999 -999999 -999999 -999999 -999999 -999999 -999999 
	509    1934 -999999 -999999 -999999 -999999 -999999 -999999 -999999 -999999 -999999 -999999 -999999 -999999 -999999 -999999 -999999 -999999 -999999 -999999 -999999 
	509    1935 -999999 -999999 -999999 -999999 -999999 -999999 -999999 -999999 -999999 -999999 -999999 -999999 -999999 -999999 -999999 -999999 -999999 -999999 -999999 
	509    1936 -999999 -999999 -999999 -999999 -999999 -999999 -999999 -999999 -999999 -999999 -999999 -999999 -999999 -999999 -999999 -999999 -999999 -999999 -999999 
	509    1937 -999999 -999999 -999999 -999999 -999999 -999999 -999999 -999999 -999999 -999999 -999999 -999999 -999999 -999999 -999999 -999999 -999999 -999999 -999999 
	509    1938 -999999 -999999 -999999 -999999 -999999 -999999 -999999 -999999 -999999 -999999 -999999 -999999 -999999 -999999 -999999 -999999 -999999 -999999 -999999 
	509    1939 -999999 -999999 -999999 -999999 -999999 -999999 -999999 -999999 -999999 -999999 -999999 -999999 -999999 -999999 -999999 -999999 -999999 -999999 -999999 
	509    1940 -999999 -999999 -999999 -999999 -999999 -999999 -999999 -999999 -999999 -999999 -999999 -999999 -999999 -999999 -999999 -999999 -999999 -999999 -999999 
	509    1941 -999999 -999999 -999999 -999999 -999999 -999999 -999999 -999999 -999999 -999999 -999999 -999999 -999999 -999999 -999999 -999999 -999999 -999999 -999999 
	509    1942 -999999 -999999 -999999 -999999 -999999 -999999 -999999 -999999 -999999 -999999 -999999 -999999 -999999 -999999 -999999 -999999 -999999 -999999 -999999 
	509    1943 -999999 -999999 -999999 -999999 -999999 -999999 -999999 -999999 -999999 -999999 -999999 -999999 -999999 -999999 -999999 -999999 -999999 -999999 -999999 
	509    1944 -999999 -999999 -999999 -999999 -999999 -999999 -999999 -999999 -999999 -999999 -999999 -999999 -999999 -999999 -999999 -999999 -999999 -999999 -999999 
	509    1945 -999999 -999999 -999999 -999999 -999999 -999999 -999999 -999999 -999999 -999999 -999999 -999999 -999999 -999999 -999999 -999999 -999999 -999999 -999999 
	509    1946 -999999 -999999 -999999 -999999 -999999 -999999 -999999 -999999 -999999 -999999 -999999 -999999 -999999 -999999 -999999 -999999 -999999 -999999 -999999 
	509    1947 -999999 -999999 -999999 -999999 -999999 -999999 -999999 -999999 -999999 -999999 -999999 -999999 -999999 -999999 -999999 -999999 -999999 -999999 -999999 
	509    1948 -999999 -999999 -999999 -999999 -999999 -999999 -999999 -999999 -999999 -999999 -999999 -999999 -999999 -999999 -999999 -999999 -999999 -999999 -999999 
	509    1949 -999999 -999999 -999999 -999999 -999999 -999999 -999999 -999999 -999999 -999999 -999999 -999999 -999999 -999999 -999999 -999999 -999999 -999999 -999999 
	509    1950 -999999 -999999 -999999 -999999 -999999 -999999 -999999 -999999 -999999 -999999 -999999 -999999 -999999 -999999 -999999 -999999 -999999 -999999 -999999 
	509    1951 2500    -999999 1600    -999999 1100    900     2500    500     700     900     1100    600     900     500     600     900     1900    400     700     
	509    1952 1900    1000    1900    800     1900    800     700     600     800     1000    1200    1900    700     800     500     500     700     600     800     
	509    1953 1500    1500    1100    1100    1400    1000    900     900     1100    1400    1100    700     800     500     800     400     800     900     800     
	509    1954 2000    2000    1700    2000    1700    800     500     1100    900     1200    1600    1300    500     400     800     300     500     500     300     
	509    1955 1500    1500    1400    1100    1100    1400    900     900     1100    800     1100    1000    800     1300    800     800     800     700     300     
	509    1956 2100    1800    1400    800     2100    700     1400    500     700     1800    900     800     700     700     400     1400    900     700     500     
	509    1957 1500    1400    1500    900     1500    1100    1000    700     900     700     1200    800     1100    300     800     500     1000    600     800     
	509    1958 1600    1600    1200    600     1600    1200    1600    500     200     1600    700     500     1000    1200    500     800     900     1600    400     
	509    1959 2100    1500    1900    1500    1900    1400    2100    400     1400    600     900     1900    1100    1400    900     1700    1700    700     500     
	509    1960 1900    1600    1900    500     1900    700     900     200     500     1600    900     1200    700     300     500     800     200     400     500     
	509    1961 2000    1000    1200    1000    1000    700     2000    600     1000    900     600     1000    700     500     700     1200    1200    2000    1500    
	509    1962 1700    1100    1600    1100    1400    1600    1300    500     1100    500     900     500     1600    800     700     300     1300    1000    900     
	509    1963 2300    2300    2000    1800    800     1200    1800    1700    1600    700     700     800     1200    800     300     1800    900     500     800     
	509    1964 2400    2400    1100    1700    1800    1000    1000    1700    600     1800    1000    1100    600     1000    500     600     600     900     300     
	509    1965 1900    1500    1900    1500    1300    1900    1300    500     1000    1300    400     700     800     600     1900    1000    1200    1300    200     
	509    1966 1700    1100    1700    1100    1300    1100    1100    1100    500     600     300     1300    1100    700     600     1100    600     300     200     
	509    1967 2200    1100    2200    1100    900     2200    900     1100    800     700     800     500     2200    700     1200    700     200     900     400     
	509    1968 1700    1300    1600    1300    1600    1000    1000    400     1300    600     1600    600     1000    900     800     300     1000    800     1600    
	509    1969 2100    1300    2100    1000    1100    2100    1900    1000    400     1100    800     500     1300    2100    600     1500    1900    200     700     
	509    1970 2400    1300    2400    800     1300    2200    1200    800     300     800     300     1300    2200    400     800     1200    1200    500     500     
	509    1971 1900    900     1900    900     1100    1600    1900    700     900     600     1100    900     700     1500    700     1900    1100    400     800     
	509    1972 2200    1800    1600    1300    1800    1200    2200    1000    900     1800    900     700     400     1200    800     800     1800    400     900     
	509    1973 2600    2000    2300    2000    1000    2300    1400    1900    600     1000    800     700     2300    500     2100    1400    800     500     300     
	509    1974 3400    1100    2300    1000    3400    1400    800     500     1000    1100    2300    700     1400    500     900     800     300     400     600     
	509    1975 2100    1200    2100    1100    1200    2100    1200    700     1100    800     900     1200    1300    700     1400    500     1000    500     400     
	509    1976 2800    1500    2800    1300    2800    2300    1100    500     900     1500    2800    500     800     1200    2300    900     1100    500     200     
	509    1977 1900    1000    1900    500     1800    1500    1800    400     500     700     500     1800    1100    1500    500     1800    1300    100     1000    
	509    1978 1800    900     1800    900     1200    1100    1000    900     600     500     900     1200    600     1100    600     500     1000    900     900     
	509    1979 1100    1000    1100    1000    600     1100    1000    1000    800     400     600     500     500     700     1100    1000    900     700     400     
	509    1980 3000    1600    3000    1400    3000    1200    700     1300    1400    1400    700     2800    800     1100    500     700     400     500     200     
	509    1981 2600    1300    2100    1300    2600    1500    1100    1200    800     500     2100    900     900     700     1500    1100    300     200     700     
	509    1982 1700    1600    1700    1600    1300    1000    1700    1200    1600    1200    1000    1100    600     1000    600     1700    500     400     400     
	509    1983 1600    1600    1500    1600    900     1500    1600    400     1600    900     300     200     1300    900     1500    900     400     1300    600     
	509    1984 2600    1200    2600    1100    2100    2600    800     700     1100    1200    1900    1200    800     1000    2600    300     600     800     500     
	509    1985 2200    2200    1000    2200    1000    500     1800    900     2200    400     900     1000    500     400     400     900     1800    1000    400     
	509    1986 2300    2300    1300    2300    1000    1200    1900    400     1900    1000    700     500     1200    900     500     1300    700     400     700     
	509    1987 1400    1400    1200    1400    1200    1200    1200    900     1400    1200    1000    900     400     900     500     400     500     900     500     
	509    1988 1800    700     1800    700     1800    1200    1300    700     400     200     1500    1800    1200    500     900     600     1300    600     500     
	509    1989 1800    900     1800    900     1800    1300    1300    600     600     700     500     1800    1200    1300    1300    1300    400     1300    800     
	509    1990 1800    800     1800    700     1800    1800    900     600     700     800     900     1800    1200    1800    800     500     900     500     600     
	509    1991 2200    2200    1200    2200    1100    900     900     1200    1000    1100    800     1100    400     600     900     600     900     700     1600    
	509    1992 2000    800     2000    800     1900    1100    1100    800     700     400     700     1900    1100    700     500     700     500     300     1300    
	509    1993 2000    1800    2000    1800    2000    1500    1900    400     1500    1400    800     1200    1300    800     300     400     1000    1600    200     
	509    1994 1700    1000    1400    1000    1000    1400    1700    500     1000    200     900     1000    900     1400    800     500     1700    1000    300     
	509    1995 2500    1500    2500    500     1500    2500    1400    500     200     500     900     600     1100    700     2100    300     1400    700     1100    
	509    1996 2000    1600    2000    1600    2000    1000    1100    1600    900     1600    2000    500     800     1000    800     1100    900     300     1200    
	509    1997 3400    2200    2000    2200    1600    2000    1600    2200    400     700     1600    1000    600     800     2000    1600    800     1600    400     
	509    1998 1600    1000    1600    800     1500    1600    700     700     800     1000    300     1500    200     600     1600    700     200     700     400     
	509    1999 2400    700     2400    600     1300    1500    1400    300     400     700     900     400     900     1400    1000    1400    1100    300     200     
	509    2000 1200    800     1200    800     800     1200    600     800     400     600     800     800     800     1200    400     600     400     300     600     
	509    2001 2300    1300    2300    1300    1000    2300    700     1300    900     600     400     1000    1300    1200    500     200     700     400     800     
	509    2002 2300    1000    1700    1000    2300    700     800     1000    500     1000    1300    1700    700     700     700     800     700     500     2000    
	509    2003 2300    2300    1400    2300    2300    1400    1100    600     2300    2300    1400    700     800     700     1400    1100    900     800     1000    
	509    2004 1800    1300    1800    1300    1800    1500    1000    300     1300    800     1800    1500    800     600     900     1000    800     400     1200    
	509    2005 1600    800     1000    600     900     1000    1600    500     600     500     600     900     800     900     1000    800     1600    300     500     
	509    2006 1700    1700    1700    1700    1400    1200    1000    1100    800     1400    800     1300    1200    1100    200     1000    700     400     900     
	509    2007 3700    800     3500    500     3700    1300    1600    400     500     800     3000    500     1300    300     600     500     1500    700     1300    
	509    2008 2200    1600    2200    1600    2200    800     900     300     1600    500     900     1600    800     400     600     900     600     600     1200    
	509    2009 2300    1000    2300    1000    1600    1200    2300    800     600     800     1600    800     1000    300     900     2300    500     200     500     
	509    2010 2400    1200    2400    1200    2400    1000    700     800     1200    500     2400    1000    1000    700     400     300     700     700     800     
	509    2011 3000    3000    2800    700     2900    800     2000    600     700     2900    1900    900     400     600     600     900     600     2000    500     
	509    2012 1900    1700    1400    1700    1900    800     1000    500     1200    1400    700     1400    500     700     800     1000    300     700     300     
	509    2013 2200    1500    2200    1500    1000    2200    1300    1500    400     1000    1000    700     1100    2200    1400    1100    400     200     400     
	509    2014 1400    1000    1400    400     1300    800     1300    300     400     1000    500     500     800     600     400     1300    500     700     600     
	509    2015 1600    1000    1200    900     1200    1100    1600    300     900     1000    1200    800     1100    300     1100    600     1200    400     400     
	509    2016 1900    1200    1900    400     1200    1300    1300    300     400     1200    700     1100    1100    1300    700     1300    700     600     700     
	509    2017 1200    1200    1200    1100    1200    1200    800     700     1100    1200    1000    900     1200    600     600     600     800     300     500     
	509    2018 3600    1100    3600    1100    1500    3600    1600    400     1100    800     900     1500    900     2700    800     600     1600    1500    500     
	509    2019 1900    1100    1800    1000    1900    1500    700     600     1000    700     1200    1800    1000    700     1200    500     400     700     700     
	509    2020 4000    1300    2700    500     4000    1200    1300    500     400     1300    2700    1000    800     1000    1200    1300    400     800     400     
	509    2021 -999999 -999999 1500    -999999 1500    1200    900     -999999 1000    900     1500    500     1200    1000    500     900     400     300     900     
	509    2022 3100    1400    3100    500     3100    1600    700     500     400     1400    2100    1000    900     1300    1600    500     700     500     500     
	509    2023 2900    1100    2900    1100    1000    1900    1100    600     1100    300     700     1000    1900    400     1100    1100    200     200     400     
	509    2024 1600    -999999 1100    -999999 1600    1000    1100    500     -999999 1600    400     1100    900     600     1000    700     600     900     800     
	509    2025 3500    2400    3500    1000    3500    1600    1100    600     900     2200    1400    2100    1100    800     1600    900     700     400     1300    
	509    2026 -999999 -999999 -999999 1100    -999999 -999999 -999999 1100    500     -999999 -999999 -999999 -999999 -999999 -999999 -999999 -999999 -999999 -999999 
	