EUROPEAN CLIMATE ASSESSMENT & DATASET (ECA&D), file created on: 17-05-2026
THESE DATA CAN BE USED FOR NON-COMMERCIAL RESEARCH AND EDUCATION PROVIDED THAT THE FOLLOWING SOURCE IS ACKNOWLEDGED: 

Klein Tank, A.M.G. and Coauthors, 2002. Daily dataset of 20th-century surface
air temperature and precipitation series for the European Climate Assessment.
Int. J. of Climatol., 22, 1441-1453.
Data and metadata available at http://www.ecad.eu

FILE FORMAT (MISSING VALUE CODE = -999999):

THIS FILE HOLDS DATA FOR STATION NETHERLANDS                              ROERMOND                                 (STAID:    158)
LATITUDE: dd:mm:ss +51:10:59
LONGITUDE: ddd:mm:ss +005:58:00
ELEVATION: m   20

DATA IS FOR INDEX Maximum no of consecutive dry days (RR < 1 mm) (CDD) with unit 0.01 No of days

01-06 SOUID: Source identifier
08-11 YEAR : YYYY
13-20 ANNUAL DATA VALUES
21-28 WINTER HALF YEAR DATA VALUES
29-36 SUMMER HALF YEAR DATA VALUES
37-44 WINTER (DJF) DATA VALUES
45-52 SPRING (MAM) DATA VALUES
53-60 SUMMER (JJA) DATA VALUES
61-68 AUTUMN (SON) DATA VALUES
69-76 JANUARY DATA VALUES
etc. 
157-164 DECEMBER DATA VALUES

158    1868 -999999 -999999 -999999 -999999 -999999 -999999 -999999 -999999 -999999 -999999 -999999 -999999 -999999 -999999 -999999 -999999 -999999 -999999 -999999 
	158    1869 3000    -999999 3000    -999999 900     3000    1000    1100    1000    500     600     400     1200    2100    1400    1000    600     300     400     
	158    1870 2400    2400    1500    2400    1500    1000    1800    500     1900    700     900     1500    1000    900     300     1200    1800    900     700     
	158    1871 1800    1800    1000    1600    1800    800     1800    500     1600    1800    500     800     500     800     800     900     1300    900     900     
	158    1872 1700    1300    1700    1300    900     1700    1200    800     700     900     700     800     1000    1100    1700    1100    1200    200     700     
	158    1873 2100    1200    1500    1000    1200    900     2100    1000    700     1200    1000    500     600     600     700     1500    600     1200    1400    
	158    1874 1400    800     1100    600     1100    1000    1400    400     600     700     1100    700     700     800     800     800     1000    500     700     
	158    1875 1900    1500    1900    1100    1900    800     1700    900     1100    900     1900    800     700     800     700     1700    900     500     600     
	158    1876 1500    1200    1300    1200    1300    1300    1500    1000    300     600     900     900     600     700     1300    400     1500    400     500     
	158    1877 1300    500     1300    500     900     1300    1000    500     100     300     900     800     1300    600     500     1000    400     500     400     
	158    1878 1400    1100    1400    1100    1400    1100    700     400     900     400     1400    300     900     1100    300     500     600     700     700     
	158    1879 1800    1600    800     1100    1800    600     800     900     400     1600    600     700     400     500     600     800     700     400     1700    
	158    1880 3300    2600    3300    1600    3300    700     900     1300    700     2600    1800    2700    600     400     700     800     500     600     300     
	158    1881 1700    1100    1700    1000    1700    900     700     900     1000    1100    1000    1500    900     800     700     500     600     700     1000    
	158    1882 1700    1700    1600    1700    1600    700     600     1700    1400    1500    1600    1400    500     400     700     400     600     300     600     
	158    1883 2000    1700    2000    1700    2000    1200    1700    1700    900     900     2000    1400    1000    200     1200    1600    1400    300     1100    
	158    1884 2300    1500    2300    1500    1600    1400    2300    700     1500    800     1300    1600    600     300     1100    2300    600     1300    600     
	158    1885 1800    1800    1300    1800    1300    1300    1400    1700    800     1100    1300    300     900     1100    1100    700     1400    900     1000    
	158    1886 2100    2100    1900    1400    2100    1400    1100    500     1400    2100    1900    1100    700     700     700     600     1000    500     600     
	158    1887 3700    3700    3100    3700    2000    3100    900     1700    2000    1100    2000    500     2700    800     1500    800     600     900     700     
	158    1888 2400    2000    2300    2000    2300    600     1500    1800    1100    500     500     2300    500     300     600     1200    1500    800     2200    
	158    1889 1600    1500    1000    1000    1000    900     1600    800     600     900     1000    500     900     500     900     1000    1000    1600    800     
	158    1890 2800    2800    2000    2800    1600    700     1800    500     2600    1100    900     1100    700     500     700     1800    800     400     1800    
	158    1891 3300    2500    2700    2400    1000    1200    3300    700     2400    700     600     700     1200    800     500     2700    700     800     800     
	158    1892 1700    1400    1700    900     1600    1700    1000    800     900     1200    1300    900     1300    1100    900     600     600     1000    1200    
	158    1893 5000    1600    3600    1600    5000    1800    900     1200    400     1400    3000    900     1600    500     1800    700     900     900     700     
	158    1894 3100    2000    1200    1500    3100    1200    1000    1400    600     2000    1100    700     500     700     500     1000    400     900     700     
	158    1895 2100    2100    1800    2100    1000    900     1900    1000    2100    900     900     1000    900     800     800     1800    1000    600     800     
	158    1896 1900    1600    1900    1600    1900    1300    900     1100    1200    600     500     1800    800     700     1000    500     300     900     500     
	158    1897 1700    1200    1300    1200    800     1300    1700    1200    800     800     700     800     500     1300    500     900     1200    1100    1900    
	158    1898 2700    1100    1300    1000    1100    1000    1300    1000    400     1100    1000    500     1000    900     900     1100    1100    1200    800     
	158    1899 3100    3100    1700    1600    1800    1700    1600    1100    1300    1800    400     1100    1100    1700    1700    300     1600    1000    1200    
	158    1900 2200    1200    2200    700     1200    1000    2200    400     500     1200    800     900     500     1000    700     2200    600     500     600     
	158    1901 1700    1700    1700    1700    1700    1000    1700    1700    600     1200    1000    1700    600     1000    1000    1300    900     1100    500     
	158    1902 1500    1000    1500    1000    700     700     1500    700     1000    700     600     400     700     700     300     1500    500     1100    1100    
	158    1903 2300    1500    2300    1500    1400    1600    1000    1100    1000    1200    300     1400    1100    700     500     800     700     800     2200    
	158    1904 2800    1200    2000    1200    1500    2000    1300    900     700     600     1400    1000    600     2000    700     1300    800     700     1100    
	158    1905 1100    600     1100    600     1100    800     700     600     400     500     600     1100    700     400     800     700     700     500     600     
	158    1906 1800    600     1700    600     1800    1000    1200    300     600     500     1700    700     1000    400     700     1100    600     600     900     
	158    1907 2400    1200    2400    1200    1500    1000    2400    900     1000    900     700     900     700     600     900     2400    500     800     1700    
	158    1908 2200    1800    1200    1800    1800    1200    1700    800     1000    1800    500     600     600     700     600     1100    1400    1100    1300    
	158    1909 1800    1100    1400    1100    1400    1200    700     900     1100    400     1100    1400    800     800     1200    500     500     700     900     
	158    1910 2000    1300    1300    700     2000    1300    1000    700     500     1300    700     600     1300    900     800     900     700     500     400     
	158    1911 2700    2500    2700    2500    1700    2100    1700    1900    600     700     1700    700     900     2100    1400    1700    700     900     500     
	158    1912 2200    800     2200    800     2200    1600    1200    800     600     300     1700    900     1000    1600    300     1200    1100    300     700     
	158    1913 2400    2400    1700    2400    1000    1700    900     500     2400    500     1000    400     700     500     1700    800     800     700     600     
	158    1914 3700    3700    1500    3700    1500    1500    1200    2200    1500    400     1500    900     600     1500    600     900     400     1200    700     
	158    1915 2000    1100    2000    1100    1300    1600    1900    1000    1000    1000    800     1300    1600    400     600     1900    1200    1200    700     
	158    1916 2200    1000    2200    900     1000    2200    1400    400     500     1000    800     600     700     1300    900     1000    500     900     500     
	158    1917 3300    3300    1300    3300    1300    800     1400    1700    1600    600     600     900     800     800     600     1100    700     600     1400    
	158    1918 1900    1900    1400    1900    1700    1100    1100    1400    600     1700    1000    900     900     900     1100    700     1000    800     400     
	158    1919 2200    2000    2200    2000    2000    1700    1200    700     1500    1000    700     2000    1000    500     1700    1200    900     300     800     
	158    1920 2800    1300    1100    1200    1400    1100    2800    600     1200    1300    500     400     1100    600     1100    900     1600    1500    1700    
	158    1921 3000    1500    1800    1300    1300    1200    2300    500     1300    1300    1200    600     1000    900     900     1800    1100    2300    700     
	158    1922 1700    1800    1600    1000    1600    900     1700    1000    1000    1600    400     1400    900     600     500     700     1200    1700    500     
	158    1923 1900    1100    1900    500     1600    1900    1300    500     400     1100    1100    600     500     1400    1300    1300    400     800     600     
	158    1924 1800    1800    1100    1100    1800    1100    1100    600     1100    1800    700     600     1000    900     300     300     1100    900     700     
	158    1925 1500    1100    1300    1100    900     1300    1500    1100    600     900     700     900     1100    1300    700     300     1200    1500    700     
	158    1926 1700    1700    1500    1000    1700    1000    700     1000    700     1700    600     700     600     800     1000    500     600     600     1000    
	158    1927 2400    1100    2400    1100    2400    900     1400    700     1100    800     700     2000    400     400     500     600     1400    600     1300    
	158    1928 2400    2000    2400    1400    1000    2000    2200    400     1400    1000    700     900     600     2000    800     2200    500     800     600     
	158    1929 2800    2800    2600    1300    2800    1200    1900    1200    1300    2800    900     1300    700     1200    1200    1900    600     500     600     
	158    1930 1900    1900    1200    1300    1400    1100    600     800     1300    1200    800     500     1100    400     900     500     600     500     1100    
	158    1931 2000    2000    1700    900     2000    1700    1300    600     900     2000    800     700     1200    500     600     700     1200    1300    500     
	158    1932 2600    1900    1800    1600    1900    1800    1700    1600    1300    1900    800     600     1800    500     800     400     300     1700    2600    
	158    1933 1900    1900    1200    1900    1200    1200    1100    1900    700     1200    1200    1000    900     1200    900     1100    700     400     1300    
	158    1934 2500    2500    2100    2500    1700    1400    800     700     2500    800     700     1700    1100    1200    900     800     400     700     500     
	158    1935 1600    1600    1300    600     1600    1200    900     600     500     1600    400     1300    400     1200    1000    600     900     700     500     
	158    1936 1900    1900    1600    1200    1900    1600    1100    500     1200    1900    700     800     1600    300     1200    900     1100    1100    600     
	158    1937 1300    900     1200    600     1000    1000    1300    600     300     400     400     1000    800     600     700     800     1300    700     700     
	158    1938 2300    2300    1700    1000    2300    1700    900     400     1000    2300    900     1300    1700    1000    600     600     800     900     900     
	158    1939 2500    1200    2500    1200    1500    1000    600     400     800     800     900     1500    1000    500     1000    600     400     400     1200    
	158    1940 2200    1400    2100    1400    2100    1500    1300    1400    800     400     500     2100    1100    300     1300    700     1300    300     700     
	158    1941 1500    1200    1500    1200    1200    1300    1500    1200    500     1100    800     1200    1100    1000    200     1500    800     700     500     
	158    1942 2200    1800    2200    1500    2200    1300    800     1300    1500    1100    2200    600     1300    500     700     800     600     800     800     
	158    1943 1700    1700    1600    1200    1300    1600    1400    400     1200    1300    700     1100    900     1000    600     800     1400    700     1600    
	158    1944 1700    1200    1700    1200    1000    1700    600     500     1200    1000    1000    800     800     800     1700    300     600     200     500     
	158    1945 1300    1200    1200    900     1200    800     1300    900     400     1200    1000    1200    800     500     800     800     700     1300    900     
	158    1946 1500    1500    1400    1500    1400    900     1400    1500    400     1200    1300    1200    400     900     400     600     1400    700     1200    
	158    1947 1700    1400    1700    1400    1000    1700    1400    1300    500     800     1000    700     600     1400    1700    500     1300    500     400     
	158    1948 2200    2200    2200    700     2200    1300    1100    300     700     1500    800     2200    900     1300    1000    600     700     1100    1000    
	158    1949 2000    1700    2000    1700    1800    2000    1500    1000    800     1300    900     500     1600    1200    1200    700     800     400     700     
	158    1950 1300    1300    1100    1300    1100    700     1000    1300    400     800     500     1100    700     600     500     400     1000    600     800     
	158    1951 2200    1000    1200    1000    1200    1000    2200    800     700     900     1200    400     1000    700     700     1000    2000    300     1300    
	158    1952 1900    1700    1900    1700    1900    1100    900     400     1700    600     1300    1900    500     900     1100    600     600     900     700     
	158    1953 3300    1700    1400    1100    1600    800     2500    800     700     1600    1300    1300    600     300     800     700     1200    2500    900     
	158    1954 1800    1800    1400    1700    1800    800     800     1000    700     1800    1100    1400    500     800     500     500     700     800     600     
	158    1955 1900    900     1900    900     1900    1800    900     900     400     800     1900    500     1600    1600    900     800     700     900     500     
	158    1956 1500    1200    1200    800     1500    800     1200    500     800     1200    1100    1200    800     300     600     1200    900     1000    500     
	158    1957 1500    1400    1500    1400    1500    900     1500    1400    300     600     1200    800     900     600     500     300     1500    800     900     
	158    1958 2400    1400    1700    900     1300    1600    1700    600     400     1300    600     700     1600    600     600     1000    800     1700    700     
	158    1959 3000    2800    3000    2800    1000    1600    2000    800     2000    500     900     1000    1500    1600    1000    2000    900     800     800     
	158    1960 1300    1200    1300    1200    1000    1300    800     500     1100    900     600     1000    1300    300     400     800     300     600     600     
	158    1961 1800    1800    1600    1100    1800    800     1600    500     1100    1800    500     700     700     700     800     1600    900     900     1500    
	158    1962 2200    1500    1600    1100    1500    1400    2200    500     1100    1100    1000    500     1400    600     600     600     2200    500     700     
	158    1963 2500    2000    1300    1800    900     1100    1300    1600    1200    800     500     900     400     1100    500     1100    1300    900     1600    
	158    1964 1800    1800    1500    1300    1400    1200    1000    1300    600     1200    1000    1400    600     900     1200    800     800     900     700     
	158    1965 1400    1400    1100    1100    1200    1100    1400    500     1100    1200    600     700     800     300     600     800     1400    800     400     
	158    1966 1600    1600    1500    1600    1100    800     1500    1600    700     900     600     1100    800     300     700     1500    700     400     400     
	158    1967 1500    1500    1200    1500    800     1200    1000    1500    900     700     800     500     700     500     1200    900     800     1000    400     
	158    1968 2300    1000    2300    600     2300    1000    1500    400     600     400     2300    500     600     900     500     600     1500    1400    1300    
	158    1969 2200    1100    1700    1100    900     1100    2200    900     600     900     900     500     1100    700     900     1500    2100    500     1100    
	158    1970 1900    1300    1900    600     600     1600    1200    600     300     400     300     600     1600    500     1200    1200    1200    900     1000    
	158    1971 5200    3700    2400    2000    4600    2400    4100    2000    800     3100    1500    800     500     2200    400     2200    1200    2900    1100    
	158    1972 2300    1500    2000    1400    1500    1200    2300    700     800     1500    900     700     400     600     1200    800     1900    900     1800    
	158    1973 3100    1800    2700    1400    1800    1800    1700    1300    600     1800    500     400     1800    1000    1100    1700    900     1100    600     
	158    1974 3400    1200    2300    1200    3400    900     700     400     1200    1100    2300    700     800     600     900     500     400     500     400     
	158    1975 2100    1200    1900    1200    1800    1000    1800    900     1200    400     900     1800    1000    800     1000    1100    1800    1300    2100    
	158    1976 2200    2000    2200    1300    1900    2200    800     500     900     1100    1900    600     1500    1100    2200    600     800     800     500     
	158    1977 1500    1300    1500    600     1100    1200    1500    400     300     1000    600     1100    500     1100    400     1500    1300    400     900     
	158    1978 2000    1500    2000    1400    1700    1000    1600    1300    1400    500     900     1700    700     900     1000    1200    1600    900     800     
	158    1979 1500    700     1500    700     500     1200    1500    700     500     200     500     400     600     1000    600     1500    1000    800     400     
	158    1980 2300    1500    2300    1500    2300    1000    1300    1500    800     700     900     2300    700     400     1000    700     400     1000    400     
	158    1981 1700    700     1700    700     1100    1600    800     600     700     700     1100    500     500     1600    1000    700     300     500     300     
	158    1982 1600    1500    1600    1500    1600    1200    1600    1500    1400    900     1600    1000    400     1200    900     1600    800     700     900     
	158    1983 2600    1800    1300    1800    1300    1300    2600    500     1800    1300    800     300     800     1000    1300    600     800     2300    700     
	158    1984 1400    1300    1400    1100    1400    1400    800     400     1100    1300    1400    400     700     1400    1300    500     700     800     700     
	158    1985 2200    2000    1500    2000    1100    600     2200    900     2000    300     1100    900     300     400     400     1500    2200    500     300     
	158    1986 3300    2600    1500    2300    1300    1100    3300    700     2300    1300    600     400     1100    1100    600     1500    1800    600     700     
	158    1987 1300    1200    1300    1100    1300    1100    1300    800     500     1200    1100    700     500     800     500     600     400     1000    900     
	158    1988 2300    1300    1600    1100    1200    1600    2300    1100    500     300     1100    600     1600    400     700     600     700     1600    700     
	158    1989 2100    1700    2100    1700    1900    1200    1200    1400    700     700     400     1900    1100    1200    900     800     900     1200    1100    
	158    1990 2400    1600    1900    600     1900    1700    2400    500     600     1600    600     1900    800     1700    800     600     2400    800     500     
	158    1991 2800    2200    2800    2200    1500    1400    1400    1200    1300    700     900     1500    400     1100    1400    1400    1200    1000    1500    
	158    1992 1400    1400    1400    1400    1100    900     1400    1200    1000    700     1100    1100    900     700     500     1400    700     400     1100    
	158    1993 1900    1700    1900    1700    1900    1800    1700    500     1500    1600    1200    700     1400    500     1100    400     1100    1000    300     
	158    1994 1800    1100    1700    1100    1400    1700    1800    400     1100    400     1400    500     1400    1000    500     600     1800    600     500     
	158    1995 2700    900     2700    400     2000    2700    900     400     300     500     800     1500    1300    800     2300    700     900     700     1600    
	158    1996 1500    1500    1300    1500    1400    1300    1400    1500    800     1400    1200    800     1000    1300    900     1000    1400    400     1200    
	158    1997 2000    1800    2000    1800    1900    2000    1600    1800    500     1100    1900    900     600     800     2000    1600    1100    500     500     
	158    1998 1800    1300    1800    1300    1800    1800    800     1000    1300    600     600     1800    300     600     1800    800     300     700     500     
	158    1999 1800    900     1800    600     1300    1200    1200    400     300     900     900     900     600     900     600     1200    1000    500     400     
	158    2000 1400    900     1400    900     900     1400    700     900     400     900     600     500     1400    700     1400    700     500     300     700     
	158    2001 1800    900     1800    900     1400    1800    1100    900     400     300     400     1400    1300    1100    800     500     1100    700     1400    
	158    2002 2400    1100    1400    1100    2400    1000    1000    1000    400     1000    1400    500     1000    600     800     1000    800     600     1300    
	158    2003 2100    2100    1900    2100    2000    1900    1400    600     2100    2000    1800    500     700     1900    1700    1100    1400    1200    1000    
	158    2004 1400    1000    1400    900     1200    1400    900     400     700     1000    800     1200    600     500     900     900     700     400     1400    
	158    2005 1800    1000    1400    1000    900     1300    1800    600     800     900     500     800     1200    1300    800     1100    1800    800     900     
	158    2006 2000    1200    2000    1000    1200    2000    1300    1000    500     1200    500     700     1300    2000    300     1300    1000    700     1000    
	158    2007 3800    1000    3500    1000    3800    700     700     400     700     700     3000    600     700     500     700     600     700     400     1400    
	158    2008 1700    1700    1300    1700    1300    700     900     500     1700    500     700     1300    600     500     700     900     700     700     1100    
	158    2009 1400    1000    1100    1000    1000    700     800     800     400     1000    700     800     600     400     700     800     700     300     900     
	158    2010 2700    800     2700    600     1600    2700    1300    600     400     800     1600    800     1800    900     400     500     1300    900     400     
	158    2011 2200    1300    1500    700     1500    700     2200    600     700     1200    1500    1300    300     500     400     1300    600     2200    500     
	158    2012 2700    2400    1000    1400    2700    800     1100    500     1300    2400    700     1000    300     600     800     900     1100    1000    400     
	158    2013 1900    1100    1900    800     1900    1900    1400    700     800     1100    1300    600     1200    1900    600     1200    400     1200    500     
	158    2014 1700    1600    1700    700     1600    1000    1700    700     400     1600    1300    600     1000    600     200     1700    400     600     600     
	158    2015 1700    1700    1300    1700    1700    1100    1200    700     1700    1700    1300    900     1100    500     500     700     900     400     400     
	158    2016 1500    1500    1500    700     1500    1400    1300    700     600     1500    900     1500    300     1400    800     1300    800     900     700     
	158    2017 1400    1400    1400    1400    1400    1400    1000    1400    800     1100    1400    700     1400    400     1000    700     1000    400     300     
	158    2018 3000    1400    3000    1300    1200    3000    1700    400     1300    500     700     1200    2100    2100    700     800     1700    1100    500     
	158    2019 2100    1000    2100    1000    1500    2100    600     400     1000    700     1500    800     1000    1100    900     500     500     600     500     
	158    2020 3800    1100    3100    800     3800    1300    1800    800     400     1100    2700    2800    400     600     700     1800    800     1000    400     
	158    2021 -999999 -999999 1300    -999999 2000    1300    1100    -999999 700     1500    1100    700     1300    800     500     1100    600     600     1100    
	158    2022 3400    3400    1500    1000    3000    1300    900     1000    400     3000    1100    1000    900     1300    1200    500     700     800     700     
	158    2023 3500    1300    3500    1300    1600    1900    900     800     1300    500     700     1600    1900    300     700     900     700     300     500     
	158    2024 1200    -999999 1000    -999999 900     700     1200    800     -999999 900     600     800     700     500     500     1000    600     1000    700     
	158    2025 4400    3200    2300    1000    4300    2300    1800    600     1000    3100    1200    2000    1000    1200    2300    1600    1400    800     2300    
	158    2026 -999999 -999999 -999999 1000    -999999 -999999 -999999 1000    300     -999999 -999999 -999999 -999999 -999999 -999999 -999999 -999999 -999999 -999999 
	