EUROPEAN CLIMATE ASSESSMENT & DATASET (ECA&D), file created on: 17-05-2026
THESE DATA CAN BE USED FOR NON-COMMERCIAL RESEARCH AND EDUCATION PROVIDED THAT THE FOLLOWING SOURCE IS ACKNOWLEDGED: 

Klein Tank, A.M.G. and Coauthors, 2002. Daily dataset of 20th-century surface
air temperature and precipitation series for the European Climate Assessment.
Int. J. of Climatol., 22, 1441-1453.
Data and metadata available at http://www.ecad.eu

FILE FORMAT (MISSING VALUE CODE = -999999):

THIS FILE HOLDS DATA FOR STATION NETHERLANDS                              SOEST                                    (STAID:   2516)
LATITUDE: dd:mm:ss +52:10:00
LONGITUDE: ddd:mm:ss +005:19:00
ELEVATION: m    4

DATA IS FOR INDEX Maximum no of consecutive dry days (RR < 1 mm) (CDD) with unit 0.01 No of days

01-06 SOUID: Source identifier
08-11 YEAR : YYYY
13-20 ANNUAL DATA VALUES
21-28 WINTER HALF YEAR DATA VALUES
29-36 SUMMER HALF YEAR DATA VALUES
37-44 WINTER (DJF) DATA VALUES
45-52 SPRING (MAM) DATA VALUES
53-60 SUMMER (JJA) DATA VALUES
61-68 AUTUMN (SON) DATA VALUES
69-76 JANUARY DATA VALUES
etc. 
157-164 DECEMBER DATA VALUES

2516   1880 -999999 -999999 -999999 -999999 -999999 2300    900     -999999 -999999 -999999 -999999 2100    400     300     2300    800     600     600     400     
	2516   1881 1900    1200    1200    1200    1900    900     1100    1000    1000    1000    1200    600     900     800     700     600     600     1100    1000    
	2516   1882 1700    1700    1200    1700    1600    800     600     1700    1200    1600    1200    700     300     600     500     600     500     400     600     
	2516   1883 -999999 -999999 2100    -999999 2200    600     1100    -999999 -999999 1500    2100    1300    400     200     600     1100    1000    500     900     
	2516   1884 1500    1200    1500    1200    1300    1400    1300    500     700     700     1300    1100    1300    300     1100    1300    1100    1100    1100    
	2516   1885 2200    1500    1600    1500    1500    1600    2200    1500    1100    1000    1500    400     1000    1100    900     500     400     2200    1600    
	2516   1886 4700    4700    2500    2800    2500    1800    3300    700     2800    1900    1400    1100    700     800     1800    2300    1000    500     900     
	2516   1887 2900    2400    2900    2400    1600    2900    1200    1700    2300    1200    1600    500     2500    900     800     800     600     1200    900     
	2516   1888 2500    2200    2500    1500    2500    600     1500    1200    1500    700     300     2500    500     400     600     1200    1500    1300    1300    
	2516   1889 1800    1800    1600    1800    1100    1600    1300    1700    900     600     1100    500     1600    500     400     1200    500     1300    800     
	2516   1890 -999999 -999999 1500    -999999 -999999 800     1400    600     -999999 -999999 900     1500    500     800     500     1400    700     700     1700    
	2516   1891 3500    3500    1300    3200    1400    1200    1300    1900    2700    1400    1300    600     1200    500     500     900     1000    800     1100    
	2516   1892 2600    1800    2100    1200    2600    1100    1100    1200    1200    1400    2100    1300    400     1100    1000    500     500     1100    1500    
	2516   1893 4400    1800    3100    1800    4400    1700    1200    1200    600     1300    3000    1400    1700    900     800     600     700     1200    600     
	2516   1894 2800    2000    1100    1700    2800    1100    1100    1600    1300    2000    800     800     1000    600     300     1100    200     1000    600     
	2516   1895 3000    3000    1600    3000    1100    1000    1600    700     2300    800     1000    1100    1000    800     800     1600    400     400     1500    
	2516   1896 2400    1700    2200    1700    2200    1300    1500    1000    1700    700     600     1900    800     1300    300     400     300     1500    1200    
	2516   1897 2600    2000    1300    2000    900     1300    2600    2000    900     600     800     900     600     1300    400     900     1200    1400    1300    
	2516   1898 1800    1600    1800    1600    1000    1300    1700    1600    400     1000    900     800     1300    800     1300    1700    1100    900     600     
	2516   1899 2200    2000    2200    1700    1000    2200    1300    1100    1300    1000    400     500     900     800     1400    300     1300    700     2100    
	2516   1900 1500    1500    1300    1500    1300    1200    1000    400     1400    1200    1300    900     500     1200    700     1000    300     900     600     
	2516   1901 1700    1600    1400    1600    1400    1100    1700    1600    700     600     1000    1400    800     1100    1000    1300    700     800     600     
	2516   1902 2000    2000    1300    2000    800     1300    1700    500     1700    600     600     800     1300    800     400     1200    700     1100    1100    
	2516   1903 1500    1300    1500    1100    1300    1500    1000    1100    600     1300    300     1000    1100    400     500     1000    300     500     2200    
	2516   1904 2800    1400    2800    1400    1400    2800    1100    1100    800     1100    1400    1100    900     2300    500     900     900     900     1300    
	2516   1905 -999999 -999999 1200    -999999 -999999 800     1200    -999999 -999999 -999999 1200    800     700     800     700     1200    700     1000    800     
	2516   1906 1900    800     1700    700     1900    1200    1000    600     400     800     1700    600     1200    1000    600     1000    600     600     900     
	2516   1907 1600    1400    1600    1400    1400    1600    1200    1400    700     900     500     800     700     1600    500     800     600     1100    800     
	2516   1908 1700    1500    1700    1300    1500    1700    1600    900     1100    1500    500     600     1200    1200    600     800     1400    700     1700    
	2516   1909 2600    1500    1300    1500    1200    900     800     1500    1100    400     1000    1200    900     500     600     400     600     800     800     
	2516   1910 1900    1300    1300    1000    1900    1300    1500    800     400     1300    600     900     900     1000    1300    800     1500    500     500     
	2516   1911 2000    2000    1500    2000    1500    1300    1200    1900    1300    600     1500    800     300     1300    900     1200    700     500     500     
	2516   1912 1800    1300    1800    1300    1600    1800    1300    1300    600     500     1600    600     500     1800    300     1300    1200    400     400     
	2516   1913 1700    1700    1300    1700    1000    1300    1200    1000    1700    400     1000    600     800     900     1000    900     800     400     600     
	2516   1914 1800    1600    1800    1600    1300    1800    1200    1600    1200    200     1300    900     900     700     1800    1000    1100    700     400     
	2516   1915 1300    1100    1100    800     1000    1100    1300    800     400     800     700     1000    1100    700     800     1100    1300    700     400     
	2516   1916 2100    1000    2100    700     1300    2100    1100    400     400     1000    1000    600     700     900     1200    1000    600     1000    400     
	2516   1917 1800    1800    1800    1800    1800    1200    1200    1200    1700    600     1100    900     600     1100    500     800     500     1200    1000    
	2516   1918 1600    1600    1500    1400    1400    1400    1200    900     700     1400    1200    900     700     700     900     300     600     1200    400     
	2516   1919 3200    3200    2400    3200    2200    2300    1700    1700    1500    1300    500     2200    900     700     1800    1700    800     1100    800     
	2516   1920 4300    1600    1300    1600    1500    1300    4300    800     1600    1500    300     700     1300    500     800     1100    3100    1500    1900    
	2516   1921 4400    1900    1900    1900    1400    1900    2300    500     1100    1400    1200    1200    1000    1900    900     1700    1000    2300    2100    
	2516   1922 5100    1200    5100    1200    3000    2100    3000    700     1100    1100    1100    3000    2100    400     500     1400    3000    1000    1100    
	2516   1923 2400    1500    1800    1000    2400    1800    1200    700     900     1500    1300    700     700     1100    1300    1100    300     1200    1000    
	2516   1924 3200    2800    1200    2800    1700    1200    1100    2800    2200    1700    1100    300     1100    1100    500     600     1000    1100    1100    
	2516   1925 1600    1200    1400    1200    1200    1100    1600    1200    600     700     600     1200    1100    700     700     500     1300    1200    600     
	2516   1926 1600    1600    1400    1600    1600    1200    900     1600    600     1600    700     400     700     1200    900     900     800     500     700     
	2516   1927 2900    1300    1600    1100    1600    600     1100    900     1100    1300    700     1200    400     400     600     900     1100    900     2000    
	2516   1928 1800    1800    1800    1300    1700    1800    1100    400     1300    1300    1000    800     600     1800    600     1100    600     600     1200    
	2516   1929 2400    2400    2000    2400    1400    2000    1100    1200    2300    1400    600     800     500     2000    700     1100    700     400     500     
	2516   1930 2400    1700    1100    1700    2400    1000    800     1100    1700    1300    1100    500     1000    700     700     500     700     800     800     
	2516   1931 1800    1700    1500    1000    1800    1500    1400    600     900     1600    400     900     1000    500     800     500     1400    700     1400    
	2516   1932 2300    1700    1800    1700    1700    1800    1000    1000    800     1700    900     600     1800    500     1600    800     400     1000    2300    
	2516   1933 2600    1900    1700    1900    1700    1100    1100    1900    1700    1100    1700    1000    800     900     1100    1100    600     900     1900    
	2516   1934 2100    2100    1900    2100    1600    1500    1000    700     2100    800     800     1500    1100    1200    1400    800     400     1000    500     
	2516   1935 1900    1700    1900    600     1900    1200    500     600     500     1700    600     1300    400     1100    1100    400     500     500     600     
	2516   1936 1800    1800    1400    1000    1800    1200    1100    600     1000    1800    600     700     700     300     1200    400     1000    1100    900     
	2516   1937 1500    800     1500    500     1100    1500    1200    500     200     400     400     1100    600     500     1200    500     1100    900     400     
	2516   1938 1800    1300    1600    1300    1600    1500    1800    300     1300    1300    400     1600    1500    1400    600     1600    700     700     900     
	2516   1939 2300    1300    2300    1300    1300    1400    800     500     800     400     600     1300    1000    700     1400    500     400     200     1700    
	2516   1940 2100    1000    2100    800     2100    1100    1200    600     500     800     500     2100    1100    400     700     900     1200    400     600     
	2516   1941 1200    1200    1100    1200    1200    900     1100    1100    600     1200    1000    1100    900     800     300     1100    800     500     500     
	2516   1942 3200    2100    3200    2100    3200    1100    800     1400    2100    1200    2200    1000    1100    500     800     600     600     800     600     
	2516   1943 3100    3100    1700    1300    1800    1700    1400    500     1300    1800    1000    1100    400     1700    500     1200    1400    600     1300    
	2516   1944 1900    1900    1800    1900    1700    1800    1100    500     1900    1100    1400    700     800     700     1800    1100    1000    200     800     
	2516   1945 1300    1100    1300    600     1100    1300    1000    600     400     1100    800     1100    900     1300    700     1000    800     500     500     
	2516   1946 1900    1500    1200    1500    1800    900     1900    1500    400     1100    900     1200    600     800     700     600     1900    500     1300    
	2516   1947 2900    1200    2900    1200    1400    2400    1700    1200    900     400     1200    1400    900     1600    2400    700     1500    400     600     
	2516   1948 3000    3000    1400    1500    1500    1400    1000    300     1500    1500    800     1400    800     1400    900     600     1000    900     1100    
	2516   1949 2000    1300    2000    1300    1300    2000    1600    700     800     1000    800     1300    1700    1000    1300    800     800     500     600     
	2516   1950 1700    1000    1700    900     900     1300    1000    900     400     800     800     900     1300    400     600     200     1000    500     800     
	2516   1951 2200    1300    1900    1300    1000    1400    2200    1000    400     1000    1000    500     1400    700     500     1000    2000    200     700     
	2516   1952 1500    800     1500    800     1500    1100    800     600     800     800     1100    1500    800     1000    1100    700     800     300     700     
	2516   1953 3200    2600    1500    1600    1400    1500    3200    800     1600    1400    1200    1000    700     600     1500    700     2500    1100    900     
	2516   1954 1800    1800    1500    1800    1700    700     600     1100    700     1700    1100    1500    500     400     700     300     500     600     300     
	2516   1955 1700    1700    1600    1200    1300    1100    1400    900     1200    900     1300    1000    600     800     1100    800     700     1400    500     
	2516   1956 3500    3200    1300    1300    3400    700     1300    500     1300    3100    1100    1200    700     400     400     1300    1000    900     600     
	2516   1957 1100    1100    1100    1100    900     1000    800     1100    400     600     900     800     600     300     700     200     800     800     3100    
	2516   1958 7100    3200    3900    3200    1400    3400    1700    3100    200     1400    600     600     900     800     3100    800     900     1700    700     
	2516   1959 2800    2800    2200    2800    1500    1700    2700    800     2000    600     900     1500    1700    1500    1200    2000    1800    800     800     
	2516   1960 1600    1000    1600    400     1600    900     900     400     400     1000    700     1100    900     400     300     900     200     300     600     
	2516   1961 1500    1500    1200    1100    1500    700     1200    500     1100    1500    500     1100    700     600     700     1200    1200    600     1500    
	2516   1962 2000    1300    1600    1200    1400    1600    2000    400     1200    700     900     500     1600    500     400     700     2000    700     700     
	2516   1963 2200    1800    1300    1500    900     900     1000    1500    1000    800     600     900     400     800     300     1000    900     500     1700    
	2516   1964 1800    1800    1500    1300    1200    1200    1000    1300    600     1200    800     600     700     900     1200    700     600     900     700     
	2516   1965 1500    1500    1100    1000    1300    1100    1400    700     1000    1300    400     600     800     300     600     900     1300    1400    300     
	2516   1966 1500    900     1500    900     1100    900     1500    900     600     500     400     1100    900     400     600     1500    800     300     200     
	2516   1967 1400    1000    1400    1000    1400    1100    900     1000    900     600     900     500     800     900     1100    800     300     900     400     
	2516   1968 1600    1200    1600    800     1600    1100    1600    500     800     700     1600    500     600     900     800     600     1000    1600    1500    
	2516   1969 2000    1300    1800    1000    1300    1100    2000    1000    400     1300    900     600     700     1100    600     1600    2000    300     600     
	2516   1970 2500    1200    2500    600     1300    2300    1200    600     300     800     400     1300    2300    300     1100    1200    1100    800     1000    
	2516   1971 2300    900     2300    900     2000    2200    2200    900     800     500     1500    800     800     2000    400     2200    1100    600     800     
	2516   1972 2200    1500    2000    1400    1500    1200    2200    1000    800     1500    900     400     500     1000    1200    800     1800    400     2100    
	2516   1973 4000    2300    2400    2300    1800    2400    1600    1900    500     1800    600     400     2400    400     1200    1600    800     900     600     
	2516   1974 3300    1100    2200    1000    3300    1400    800     500     1000    1100    2200    900     800     600     1400    800     200     400     400     
	2516   1975 2000    1100    2000    1100    1800    2000    1500    600     1100    400     800     1800    1100    600     1400    800     1500    700     1000    
	2516   1976 2200    1500    2200    1500    1800    2200    800     400     1500    1200    1600    800     1600    1200    1400    500     700     500     600     
	2516   1977 2000    700     1600    600     1100    1600    2000    400     300     500     500     1100    500     1600    500     1200    2000    500     700     
	2516   1978 1700    1200    1700    1200    1600    1100    1500    600     1200    400     900     1600    700     1100    1000    500     1500    1300    700     
	2516   1979 1300    1100    1000    700     600     800     1300    700     600     300     500     600     800     700     700     1000    1000    700     400     
	2516   1980 3200    1400    3200    1400    3200    1200    1300    1400    700     1300    900     2800    1200    800     500     1300    700     500     400     
	2516   1981 2300    1200    1800    1200    2300    900     800     500     1200    500     1800    400     800     600     900     700     300     500     600     
	2516   1982 1700    1400    1700    1400    1200    1400    1700    1400    1300    900     1100    1200    400     1300    700     1700    800     700     900     
	2516   1983 2300    1800    2300    1800    1200    2300    1700    500     1800    1200    400     200     1300    2300    1000    900     500     1400    900     
	2516   1984 2300    1200    2300    900     1800    2300    700     300     900     1200    1800    700     700     900     2300    300     700     700     500     
	2516   1985 2000    2000    1400    2000    1000    1400    1100    1100    2000    500     1000    1000    300     1400    400     800     1100    700     400     
	2516   1986 3400    3400    1500    3100    1200    1500    2100    400     2800    1200    600     500     1100    1500    1400    1500    600     500     500     
	2516   1987 1700    1300    1700    1300    1200    1700    900     1300    600     1200    1000    700     300     1400    400     500     500     900     1000    
	2516   1988 2400    800     2400    800     1400    2400    1200    800     400     300     1400    1000    2400    300     800     600     1100    900     400     
	2516   1989 2100    1400    2100    1400    1900    1300    1200    1000    700     700     400     1900    1300    1300    1300    900     400     1200    1100    
	2516   1990 1700    1200    1700    1200    1600    1700    1000    1000    600     500     500     1600    600     1700    900     600     1000    600     900     
	2516   1991 2600    1900    2200    1900    1500    1000    1400    1200    1200    1200    700     1100    200     600     1000    1400    1200    1000    1600    
	2516   1992 1900    1400    1900    1400    1900    1400    900     1200    600     500     1000    1900    1100    700     700     900     500     300     1100    
	2516   1993 1700    1700    1600    1700    1600    1500    1600    500     1500    1100    800     800     1100    400     600     500     1000    1500    200     
	2516   1994 1600    1300    1600    1300    800     1600    1600    500     1300    500     800     500     500     1600    800     1000    1600    900     600     
	2516   1995 2800    1400    2800    400     1700    2800    1700    300     400     500     900     800     1300    1000    2400    1200    1700    1300    1700    
	2516   1996 3000    3000    1900    3000    1900    1300    1000    2100    900     1600    1900    1200    900     1300    800     1000    800     500     1400    
	2516   1997 2000    1800    2000    1800    900     2000    1600    1800    300     900     800     900     600     1100    2000    1600    1100    500     500     
	2516   1998 1600    1300    1600    1300    1600    1600    1000    800     1300    800     300     1600    400     400     1600    1000    200     700     300     
	2516   1999 1300    600     1300    600     1200    1300    1100    300     400     600     800     700     1200    1300    500     800     1100    300     300     
	2516   2000 1500    1100    1500    1100    1100    1500    600     1100    300     500     900     700     700     600     1500    600     400     300     600     
	2516   2001 1300    900     1100    900     1000    1100    1100    900     300     500     400     1000    1100    900     600     300     1100    700     1300    
	2516   2002 2400    1100    1300    1000    2400    1000    1100    1000    600     1100    1300    600     500     900     1000    1100    700     900     1200    
	2516   2003 2300    2300    2300    2300    2000    2300    1400    600     2300    2000    1000    700     1000    1200    2100    1100    1400    800     1000    
	2516   2004 1700    1000    1500    1000    1300    1500    1200    300     700     800     800     1300    600     600     900     1200    700     300     1500    
	2516   2005 1700    900     1300    800     900     1100    1700    700     800     900     600     600     1100    900     800     800     1700    300     700     
	2516   2006 1700    1500    1700    1500    1500    1700    1500    1100    900     1300    1000    1500    1300    1700    400     1500    1100    600     900     
	2516   2007 3600    1000    3500    800     3600    900     1200    400     600     900     3000    500     700     300     900     600     1200    1000    1500    
	2516   2008 1800    1800    1300    1800    1300    900     1000    400     1800    300     900     1300    900     400     900     1000    700     600     1000    
	2516   2009 1500    1000    1500    1000    1000    1000    1500    800     900     800     900     500     1000    500     700     1500    500     500     600     
	2516   2010 2200    1100    2200    1100    2100    2200    800     900     800     900     2100    1400    2000    600     400     500     800     800     900     
	2516   2011 2300    1100    1600    1000    1600    600     2300    700     1000    1100    1600    900     300     400     300     800     600     2300    500     
	2516   2012 2600    2100    1000    900     2600    900     1000    500     900     2100    500     1000    500     700     900     1000    900     600     200     
	2516   2013 2300    1400    2300    800     2300    2300    1300    500     800     1400    900     700     1100    2300    700     1100    500     800     500     
	2516   2014 1900    1700    1900    500     1700    700     1900    500     500     1700    600     700     700     700     300     1900    700     600     600     
	2516   2015 1600    1600    1200    1600    1600    1100    1100    400     1600    1600    1200    700     1100    500     800     600     700     400     400     
	2516   2016 1600    1300    1500    500     1500    700     1100    500     400     1300    700     1500    700     700     700     1000    1100    900     1000    
	2516   2017 2100    1000    2100    800     1700    1200    900     800     700     1000    1000    1700    1200    400     800     400     900     300     300     
	2516   2018 2400    1700    2400    1400    900     2400    2200    400     1400    500     900     800     1600    1800    600     800     2200    1500    600     
	2516   2019 2100    1000    2100    1000    2100    1600    700     600     1000    700     2100    1600    1100    600     800     600     500     700     500     
	2516   2020 2500    1800    2500    300     2500    1600    1700    300     300     1800    2500    2000    700     600     1000    1700    800     700     400     
	2516   2021 1700    1700    1600    1000    1300    1200    1600    300     1000    900     1300    400     1200    900     400     1600    600     700     400     
	2516   2022 3200    3200    1700    700     2900    1600    1100    700     300     2900    1400    1000    1000    1600    1500    500     1100    500     900     
	2516   2023 3800    1100    3800    1100    1900    1900    900     400     1100    500     700     1900    1900    300     1200    900     700     200     400     
	2516   2024 1200    600     1200    600     1000    800     1200    600     200     400     500     1000    800     600     700     1200    600     900     600     
	2516   2025 2900    1500    2900    1100    2900    1600    800     1100    900     1500    1100    2300    1200    700     1600    500     400     800     1100    
	2516   2026 -999999 1100    -999999 1100    -999999 -999999 -999999 1100    400     900     1900    -999999 -999999 -999999 -999999 -999999 -999999 -999999 -999999 
	