EUROPEAN CLIMATE ASSESSMENT & DATASET (ECA&D), file created on: 17-05-2026
THESE DATA CAN BE USED FOR NON-COMMERCIAL RESEARCH AND EDUCATION PROVIDED THAT THE FOLLOWING SOURCE IS ACKNOWLEDGED: 

Klein Tank, A.M.G. and Coauthors, 2002. Daily dataset of 20th-century surface
air temperature and precipitation series for the European Climate Assessment.
Int. J. of Climatol., 22, 1441-1453.
Data and metadata available at http://www.ecad.eu

FILE FORMAT (MISSING VALUE CODE = -999999):

THIS FILE HOLDS DATA FOR STATION NETHERLANDS                              LOBITH                                   (STAID:  20556)
LATITUDE: dd:mm:ss +51:51:42
LONGITUDE: ddd:mm:ss +006:07:09
ELEVATION: m   15

DATA IS FOR INDEX Maximum no of consecutive dry days (RR < 1 mm) (CDD) with unit 0.01 No of days

01-06 SOUID: Source identifier
08-11 YEAR : YYYY
13-20 ANNUAL DATA VALUES
21-28 WINTER HALF YEAR DATA VALUES
29-36 SUMMER HALF YEAR DATA VALUES
37-44 WINTER (DJF) DATA VALUES
45-52 SPRING (MAM) DATA VALUES
53-60 SUMMER (JJA) DATA VALUES
61-68 AUTUMN (SON) DATA VALUES
69-76 JANUARY DATA VALUES
etc. 
157-164 DECEMBER DATA VALUES

20556  1868 -999999 -999999 -999999 -999999 -999999 -999999 -999999 -999999 -999999 -999999 -999999 -999999 -999999 -999999 -999999 -999999 -999999 -999999 -999999 
	20556  1869 2400    -999999 2400    -999999 1300    2300    500     1100    600     1200    1100    500     800     1100    2300    500     400     500     1200    
	20556  1870 4300    4300    2400    4300    1500    1600    1900    1600    2700    700     1000    1500    1000    1400    200     1300    600     700     1200    
	20556  1871 3200    3200    1500    3200    1400    1500    1300    2500    1100    1400    900     900     1500    1000    1300    900     1300    1300    800     
	20556  1872 1100    1000    1100    1000    800     1100    1000    600     700     700     800     700     900     800     1100    1000    600     400     700     
	20556  1873 2100    2100    1300    2100    1900    1200    1500    900     1200    1900    1000    400     600     500     700     1300    700     1300    1100    
	20556  1874 2700    1600    2700    1300    2700    2000    2400    700     1200    1400    2200    700     800     1900    1500    1000    1000    1400    1800    
	20556  1875 2800    1700    2800    1200    2800    900     1700    700     1200    1600    2300    1100    800     900     800     1700    1100    1000    1000    
	20556  1876 1700    1400    1700    1400    1100    1700    1500    1400    800     700     800     900     1400    1600    1700    700     1500    500     500     
	20556  1877 1400    800     1400    500     1100    1400    1100    500     300     800     1100    700     1400    600     800     1100    600     500     700     
	20556  1878 2100    2100    1100    2100    900     1100    1100    800     1300    400     900     700     1000    1100    600     600     1100    500     2000    
	20556  1879 3800    2100    800     2100    700     700     800     1600    800     700     400     500     300     500     700     700     700     800     3000    
	20556  1880 3600    3600    3100    3600    3100    800     900     2900    700     1800    700     2700    400     400     800     800     500     500     200     
	20556  1881 2800    2800    900     2800    1100    900     900     2700    900     900     900     600     900     600     700     500     600     900     1100    
	20556  1882 1700    1500    1700    1500    1700    700     600     900     1300    1500    1200    1700    500     400     400     600     500     400     600     
	20556  1883 2700    2700    2700    2700    2700    800     1000    2700    600     900     2100    1200    600     300     500     500     700     400     400     
	20556  1884 1500    1200    1500    800     1500    1300    1200    500     800     800     1500    1200    600     300     1100    1200    500     1200    1100    
	20556  1885 1900    1600    1800    1600    1200    1800    1900    1600    1100    1100    1200    400     1000    1800    800     500     400     1900    900     
	20556  1886 2400    2400    1800    2300    2400    1400    1200    400     2300    2400    1800    1000    700     800     1200    800     1100    800     500     
	20556  1887 3600    3600    3000    2600    2300    3000    900     1200    2600    1000    2300    500     2600    1300    900     700     600     900     600     
	20556  1888 -999999 2600    -999999 2600    -999999 -999999 1300    2000    1100    700     900     -999999 -999999 200     1300    1300    1200    700     700     
	20556  1889 2800    1000    2800    900     2700    2700    2000    300     400     600     2700    900     2700    900     500     2000    200     2000    700     
	20556  1890 2400    2300    1600    2300    1200    1100    2400    800     2300    1200    1000    1100    1100    900     800     1600    1400    1100    3100    
	20556  1891 -999999 3500    -999999 3400    -999999 -999999 2200    800     2800    900     1000    -999999 -999999 -999999 500     1600    600     500     900     
	20556  1892 -999999 3300    -999999 3300    -999999 -999999 -999999 2700    1000    1100    1400    -999999 -999999 -999999 -999999 -999999 -999999 -999999 1600    
	20556  1893 2800    -999999 1800    1000    2800    1800    800     1000    500     1300    1400    1200    1800    600     1500    300     800     700     600     
	20556  1894 2600    1500    1800    1500    2600    1800    1200    1400    1100    1400    1200    700     1000    800     300     1000    400     1000    1100    
	20556  1895 2600    2600    1800    2600    1800    1500    1700    1200    1900    600     1000    1800    1100    400     1000    1600    500     500     1300    
	20556  1896 1800    1400    1600    1400    1600    1200    1500    300     1200    800     800     1600    700     1200    800     400     300     1500    1100    
	20556  1897 2500    2200    1400    2200    600     1400    2500    2200    700     300     600     600     500     1300    700     800     1100    1400    1500    
	20556  1898 -999999 1100    -999999 1100    -999999 -999999 -999999 1100    700     500     1000    -999999 -999999 -999999 -999999 -999999 -999999 -999999 -999999 
	20556  1899 -999999 -999999 2200    -999999 -999999 1900    1500    -999999 -999999 -999999 300     600     1600    1000    1300    400     1500    800     600     
	20556  1900 1600    1600    1200    1300    1400    900     1000    400     1100    1400    1200    1200    600     900     800     900     500     1000    500     
	20556  1901 2300    1800    2300    1800    2000    2300    1700    1800    1000    600     1000    2000    1200    2300    900     1300    1200    500     600     
	20556  1902 1800    1800    1300    1800    1000    1300    1100    1300    1800    700     1000    800     1300    700     400     1100    600     800     1100    
	20556  1903 1600    1200    1600    1000    1200    1600    1200    1000    600     1200    400     1000    1100    700     400     900     1000    1000    2000    
	20556  1904 2800    1100    2800    1100    1900    2800    1100    500     800     700     900     1900    700     2200    600     1100    900     800     1000    
	20556  1905 1400    1200    1300    1200    1300    1300    1400    1200    600     300     1000    1300    1200    1300    900     700     500     1200    700     
	20556  1906 1900    700     1900    700     1900    1800    1300    300     700     500     1600    800     900     900     1400    1200    900     400     900     
	20556  1907 1600    1000    1600    800     1400    1600    1400    700     800     900     500     900     800     1600    500     800     500     900     400     
	20556  1908 2200    1600    2200    1100    1600    2200    1800    800     1100    1600    700     700     1500    900     600     1500    1200    1100    1700    
	20556  1909 1800    1800    1500    1200    1700    1300    1100    700     1200    1700    1000    1400    700     600     1300    600     400     800     800     
	20556  1910 -999999 1300    -999999 800     2100    -999999 -999999 900     300     1300    800     1300    400     500     -999999 -999999 -999999 -999999 -999999 
	20556  1911 -999999 -999999 -999999 -999999 -999999 -999999 -999999 -999999 -999999 -999999 -999999 -999999 -999999 -999999 -999999 -999999 -999999 -999999 -999999 
	20556  1912 -999999 -999999 -999999 -999999 -999999 -999999 -999999 -999999 -999999 -999999 -999999 -999999 -999999 -999999 -999999 -999999 -999999 -999999 -999999 
	20556  1913 -999999 -999999 -999999 -999999 -999999 -999999 -999999 -999999 -999999 -999999 -999999 -999999 -999999 -999999 -999999 -999999 -999999 -999999 -999999 
	20556  1914 -999999 -999999 -999999 -999999 -999999 -999999 -999999 -999999 -999999 -999999 -999999 -999999 -999999 -999999 -999999 -999999 -999999 -999999 -999999 
	20556  1915 -999999 -999999 -999999 -999999 -999999 -999999 -999999 -999999 -999999 -999999 -999999 -999999 -999999 -999999 -999999 -999999 -999999 -999999 -999999 
	20556  1916 -999999 -999999 -999999 -999999 -999999 -999999 -999999 -999999 -999999 -999999 -999999 -999999 -999999 -999999 -999999 -999999 -999999 -999999 -999999 
	20556  1917 -999999 -999999 -999999 -999999 -999999 -999999 -999999 -999999 -999999 -999999 -999999 -999999 -999999 -999999 -999999 -999999 -999999 -999999 -999999 
	20556  1918 -999999 -999999 -999999 -999999 -999999 -999999 -999999 -999999 -999999 -999999 -999999 -999999 -999999 -999999 -999999 -999999 -999999 -999999 -999999 
	20556  1919 -999999 -999999 -999999 -999999 -999999 1400    1100    -999999 -999999 -999999 -999999 2000    1100    600     1400    1100    900     400     900     
	20556  1920 2800    1200    1300    1100    1200    1300    2800    500     1100    1200    400     400     1300    400     700     1000    1600    1400    1200    
	20556  1921 2700    1700    2300    1700    1400    2300    2200    500     1200    800     900     1400    900     2300    600     1700    1600    2200    700     
	20556  1922 1400    1400    1000    1200    1400    1000    1300    1200    1100    1400    800     800     1000    600     400     400     1300    600     500     
	20556  1923 1900    1600    1900    500     1600    1900    800     500     400     1600    800     500     500     1400    1300    700     300     800     500     
	20556  1924 1600    1600    1100    1100    1600    1100    1600    600     1100    1600    1000    500     1000    1100    400     500     1000    1600    1200    
	20556  1925 1900    1200    1900    1200    1200    1700    1500    1200    500     600     600     1200    1700    700     900     400     1200    700     800     
	20556  1926 1500    1500    1400    700     1500    900     700     600     700     1500    700     700     400     800     900     700     600     700     900     
	20556  1927 1600    1100    1600    1000    1600    900     1300    600     1000    1100    700     1100    500     400     500     800     1300    600     1600    
	20556  1928 2500    1800    2500    1200    1500    900     2300    400     1200    1300    800     900     600     900     500     2300    500     700     500     
	20556  1929 1900    1800    1900    1800    1400    1900    800     1200    1700    1400    1000    700     700     1900    800     800     600     600     600     
	20556  1930 2300    2200    1500    1300    2300    1100    1100    1100    1300    1200    1100    500     1100    600     900     500     1100    300     600     
	20556  1931 1800    1000    1800    600     1000    1800    1200    600     600     1000    600     800     1300    600     700     1000    1200    800     400     
	20556  1932 1900    1900    1700    1600    1900    1700    1000    1500    900     1900    400     600     1700    400     700     400     500     1000    1700    
	20556  1933 2100    2100    1800    2100    1800    1400    1200    2100    1200    1000    1800    1000    900     900     1400    1100    700     600     1100    
	20556  1934 2200    2200    2000    2200    1500    1400    1200    700     2200    800     700     1500    600     1300    1400    800     400     1200    500     
	20556  1935 1700    1700    1500    600     1700    1000    700     600     500     1700    400     1300    400     1000    800     500     600     700     600     
	20556  1936 1900    1900    1800    1200    1900    1600    1900    600     1200    1900    800     1800    1600    300     1200    400     1600    1100    900     
	20556  1937 1800    1000    1800    600     600     1800    1300    600     300     400     400     600     500     600     1200    500     1000    1100    400     
	20556  1938 1700    1500    1700    1000    1500    1700    1500    300     1000    1500    1300    1200    1700    900     700     900     1200    1500    900     
	20556  1939 2500    1400    2500    1400    1500    1000    900     600     800     900     600     1500    1000    600     900     900     400     700     1500    
	20556  1940 2100    1500    2100    1500    2100    1100    1300    1500    700     400     500     2100    1100    300     800     700     1300    500     700     
	20556  1941 1500    1300    1500    1300    1200    1400    1500    1200    400     1000    900     1200    1400    800     200     1500    800     500     500     
	20556  1942 2200    2100    2200    1600    2200    1100    900     1400    1600    1100    2200    800     1100    600     600     700     600     800     800     
	20556  1943 1800    1800    1300    1300    1300    1100    1400    1100    1300    1300    1000    1300    900     900     600     600     1400    400     1000    
	20556  1944 -999999 1900    2800    1900    1100    2800    800     400     1900    900     1100    800     700     700     2700    800     600     400     -999999 
	20556  1945 -999999 -999999 -999999 -999999 -999999 -999999 2100    -999999 -999999 -999999 -999999 -999999 -999999 -999999 600     700     1900    700     700     
	20556  1946 1800    1500    1800    1500    1800    900     1400    1500    400     1100    1100    1100    600     900     400     700     1400    800     1400    
	20556  1947 2400    2400    2400    2400    1100    2400    1300    1700    800     400     1100    700     700     2000    1800    700     1300    600     900     
	20556  1948 3000    3000    1200    1500    1500    1000    900     200     1500    1500    1100    1200    900     700     1000    600     800     900     1100    
	20556  1949 2100    1700    2100    1700    1600    2100    1600    1000    1100    1400    800     1300    1700    900     1200    800     800     600     700     
	20556  1950 1600    1200    1600    1200    1200    1300    1100    1200    400     1200    700     1000    1300    500     600     300     1100    400     900     
	20556  1951 2200    1500    1400    1200    1000    1300    2200    900     600     1000    1000    400     1100    1000    700     700     2000    300     700     
	20556  1952 2000    1000    2000    900     2000    1100    1400    500     900     1000    2000    1900    800     1000    1100    1400    600     600     3100    
	20556  1953 7600    1700    2000    1100    2000    1300    6800    800     700     1600    2000    1400    900     1000    1300    900     3100    3000    900     
	20556  1954 4900    1800    4700    1800    4900    3100    2900    1100    700     1700    3000    1700    3000    400     600     2900    900     600     600     
	20556  1955 7100    3300    7000    2900    3800    3700    3400    900     2800    1000    1200    3100    3000    800     3100    3000    700     700     700     
	20556  1956 6400    6100    1200    3000    3400    700     1200    500     2900    3100    900     800     700     300     500     1200    900     800     500     
	20556  1957 1500    1100    1500    1100    1300    1000    900     1100    300     600     1200    800     700     600     700     200     900     900     600     
	20556  1958 2400    1400    1200    700     1300    900     1700    600     300     1300    600     400     800     900     700     800     800     1700    700     
	20556  1959 3700    2700    3700    2700    1100    1900    2700    700     2000    500     900     1100    1600    1900    1700    2000    1800    800     800     
	20556  1960 1400    1400    1300    900     1400    700     900     500     900     1400    1300    1200    700     500     600     900     400     400     600     
	20556  1961 1700    1700    800     1100    1700    700     1200    500     1100    1700    700     500     700     500     600     700     1200    1200    1500    
	20556  1962 2100    1500    1500    1100    1500    1000    2100    400     1100    1100    1000    500     1000    500     500     400     2100    1100    700     
	20556  1963 2100    2000    1300    1400    900     1200    1200    1300    1100    900     500     900     400     1200    400     1200    1000    500     1600    
	20556  1964 2400    2400    1500    1400    1400    1200    1000    1400    1200    1200    800     1400    500     800     1200    800     800     900     700     
	20556  1965 2200    1600    2200    1200    1400    1000    2200    300     1200    1400    400     700     800     300     700     2200    1400    800     400     
	20556  1966 1600    1200    1500    1100    900     1100    1600    1100    700     900     600     900     1100    200     800     1500    800     800     400     
	20556  1967 2200    1100    2200    1100    900     2200    900     1000    1100    700     900     900     2200    900     1200    800     600     900     400     
	20556  1968 2600    1200    2500    800     2500    1000    1600    400     800     700     2500    600     600     900     800     600     1000    1600    1900    
	20556  1969 2200    1200    2200    1200    1100    1100    2000    1200    600     1100    900     500     1100    700     1000    2000    1900    400     1100    
	20556  1970 2200    1200    2200    700     1200    2000    1200    600     400     800     500     1200    2000    500     900     1200    1100    900     1000    
	20556  1971 2400    900     2400    800     2100    2100    2200    700     800     600     1500    1200    800     2000    600     2200    1200    600     900     
	20556  1972 2300    1900    1700    1700    1500    1200    2300    1000    1700    1500    700     500     500     1200    1200    700     1900    600     2100    
	20556  1973 3400    2100    2500    2100    1600    2500    1200    1300    500     1600    700     400     2500    1000    2100    1200    900     900     800     
	20556  1974 3300    1100    2200    1000    3300    900     400     600     1000    1100    2200    700     900     600     900     300     300     400     400     
	20556  1975 1700    1100    1700    1100    1400    1700    1400    700     1100    300     900     1400    700     700     1000    600     1400    800     800     
	20556  1976 2500    1500    2500    1500    2500    2300    800     500     1500    1100    2300    600     1700    1100    2300    600     800     400     500     
	20556  1977 2300    800     2300    600     1100    1700    2300    400     400     700     400     1100    800     1600    600     2300    2300    400     1100    
	20556  1978 1200    1100    1200    1100    1100    1200    1000    1100    700     500     1100    700     400     600     1200    600     900     1000    800     
	20556  1979 1200    1000    1200    1000    700     1200    1200    1000    700     200     700     400     600     700     400     1000    1100    600     600     
	20556  1980 1800    1600    1800    1400    1800    1000    700     1400    1400    700     900     1700    600     1000    700     700     600     500     500     
	20556  1981 2400    600     2400    600     1100    2400    700     600     600     600     1100    800     500     700     1800    700     300     300     600     
	20556  1982 2000    1800    2000    1800    1700    2000    1500    1800    1500    1100    1700    800     900     1700    800     1500    800     600     400     
	20556  1983 1800    1700    1700    1700    1300    1700    1800    400     1700    1300    700     300     900     1600    1300    900     1300    1800    600     
	20556  1984 2000    1300    2000    1100    1300    1800    800     400     1100    1300    1300    400     700     800     1800    200     700     800     700     
	20556  1985 2200    2000    1300    2000    1000    1200    2200    500     2000    500     1000    700     300     1200    400     1300    2200    600     500     
	20556  1986 3800    3800    2400    3500    1400    2400    2500    700     2800    1400    1200    500     700     900     1800    1500    1000    600     700     
	20556  1987 1600    1600    1500    1600    1200    1500    1200    1600    700     1200    1000    700     300     1500    300     600     400     900     900     
	20556  1988 2000    1200    2000    1000    1600    2000    2000    1000    400     200     1000    1600    2000    300     800     500     1100    900     500     
	20556  1989 2000    1300    2000    1300    1800    1500    1200    1000    700     700     400     1800    1500    1200    900     800     700     1200    800     
	20556  1990 1700    900     1700    800     1600    1700    900     800     600     900     600     1600    900     1700    900     600     900     600     800     
	20556  1991 2800    2200    2800    2200    1300    1400    1400    1200    1000    1300    900     900     300     1100    1400    1400    700     1000    1600    
	20556  1992 1700    1300    1700    1300    1200    1700    1100    1200    600     500     1100    1200    1100    1100    600     1100    700     200     900     
	20556  1993 1700    1000    1100    900     1000    1100    1600    500     800     1000    800     700     1100    400     600     500     1000    1600    200     
	20556  1994 1700    1200    1700    1200    1400    1700    1600    500     1200    500     1400    600     600     1700    500     500     1600    500     600     
	20556  1995 2600    1200    2600    500     800     2600    1100    500     300     500     800     700     1300    1100    2200    1000    1100    400     1700    
	20556  1996 1800    1800    1300    1800    1600    1300    900     1800    1000    1600    1300    1300    1300    1100    1000    900     800     600     1200    
	20556  1997 2200    1800    2200    1800    1900    2000    2200    1800    300     1200    1900    1000    600     700     2000    2200    1100    800     500     
	20556  1998 1700    1300    1700    1300    1700    1400    900     1000    1300    700     300     1700    200     500     1400    900     200     700     300     
	20556  1999 2500    700     2500    700     900     1200    1400    700     500     500     400     900     1100    900     1100    1400    1100    400     200     
	20556  2000 1400    1100    1400    1100    800     1400    800     1100    300     800     600     700     800     800     1400    800     400     300     700     
	20556  2001 1200    1100    1200    1100    1100    1200    1000    1100    400     400     300     1100    1200    700     700     200     1000    800     700     
	20556  2002 2300    1100    1600    1100    2300    900     1000    1000    500     1000    1300    600     500     500     900     1000    700     700     1000    
	20556  2003 2900    2200    2900    2200    2200    2900    1100    800     2200    2000    2200    700     1000    1200    2700    1100    1100    1000    1000    
	20556  2004 1400    1300    1400    1300    1400    600     900     400     1300    900     900     1400    600     400     500     900     400     300     1100    
	20556  2005 1600    1100    1400    1100    800     1200    1600    500     600     500     600     800     1200    1100    600     800     1600    400     1000    
	20556  2006 2600    1300    2600    1000    1300    2600    1500    1000    500     1300    1200    1000    1300    2100    300     1500    700     500     1000    
	20556  2007 3600    1000    3500    1000    3600    800     1300    400     700     1000    3000    700     700     300     800     600     1300    500     1500    
	20556  2008 1700    1700    1200    1700    1200    700     1000    300     1700    400     900     1200    600     500     700     1000    700     600     1000    
	20556  2009 1400    1000    1400    1000    1300    700     1400    800     600     800     1000    600     500     400     700     1400    500     400     600     
	20556  2010 1700    1300    1700    1300    1700    1300    1400    1300    800     600     1700    800     1100    800     400     500     1200    1400    700     
	20556  2011 2000    1300    1400    700     1400    600     2000    600     700     1200    1400    800     400     600     300     1200    1200    2000    300     
	20556  2012 2600    2400    1000    900     2600    700     1100    900     900     2400    200     700     300     700     700     1000    1100    700     200     
	20556  2013 2000    1100    2000    600     1900    2000    1500    600     400     1100    800     1000    1200    2000    700     1300    400     800     500     
	20556  2014 1900    1700    1900    500     1700    900     1900    500     500     1700    500     700     800     900     300     1900    500     600     600     
	20556  2015 1700    1700    1200    1700    1500    700     1700    300     1700    1500    1200    800     700     400     600     600     1300    400     500     
	20556  2016 1800    1400    1700    600     1700    1100    1500    500     600     1300    600     1700    1100    700     1000    1500    1100    900     900     
	20556  2017 1400    1100    1400    800     1200    1400    900     800     700     1100    1200    700     1400    500     1000    400     900     400     300     
	20556  2018 3400    1700    3400    1400    800     3400    1900    400     1400    500     700     800     800     2600    600     700     1900    1100    600     
	20556  2019 2100    1900    2100    1800    2100    1600    700     600     1800    1400    2100    700     1100    1100    700     600     500     700     700     
	20556  2020 2400    1800    2400    400     2400    1200    1800    300     400     1800    2400    1300    800     800     1200    1800    900     900     400     
	20556  2021 1400    -999999 1400    -999999 1000    1400    1100    -999999 600     900     1000    400     1400    900     400     1100    600     700     1000    
	20556  2022 3600    3300    3600    1000    3600    1900    1200    1000    400     3000    2100    1500    900     1900    1400    500     1000    700     1000    
	20556  2023 2900    1100    2900    1100    1000    1900    1000    600     1100    500     600     1000    1900    300     1200    1000    700     200     400     
	20556  2024 1100    700     1100    700     1000    800     1100    700     200     400     600     1000    700     800     500     1100    500     900     700     
	20556  2025 2200    2200    2000    1200    2100    1600    900     1200    900     2100    1200    2000    1100    800     1600    900     700     800     1300    
	20556  2026 -999999 1300    -999999 1300    -999999 -999999 -999999 1300    400     900     1900    -999999 -999999 -999999 -999999 -999999 -999999 -999999 -999999 
	