EUROPEAN CLIMATE ASSESSMENT & DATASET (ECA&D), file created on: 17-05-2026
THESE DATA CAN BE USED FOR NON-COMMERCIAL RESEARCH AND EDUCATION PROVIDED THAT THE FOLLOWING SOURCE IS ACKNOWLEDGED: 

Klein Tank, A.M.G. and Coauthors, 2002. Daily dataset of 20th-century surface
air temperature and precipitation series for the European Climate Assessment.
Int. J. of Climatol., 22, 1441-1453.
Data and metadata available at http://www.ecad.eu

FILE FORMAT (MISSING VALUE CODE = -999999):

THIS FILE HOLDS DATA FOR STATION NETHERLANDS                              TUBBERGEN                                (STAID:   2530)
LATITUDE: dd:mm:ss +52:24:00
LONGITUDE: ddd:mm:ss +006:46:59
ELEVATION: m   27

DATA IS FOR INDEX Maximum no of consecutive dry days (RR < 1 mm) (CDD) with unit 0.01 No of days

01-06 SOUID: Source identifier
08-11 YEAR : YYYY
13-20 ANNUAL DATA VALUES
21-28 WINTER HALF YEAR DATA VALUES
29-36 SUMMER HALF YEAR DATA VALUES
37-44 WINTER (DJF) DATA VALUES
45-52 SPRING (MAM) DATA VALUES
53-60 SUMMER (JJA) DATA VALUES
61-68 AUTUMN (SON) DATA VALUES
69-76 JANUARY DATA VALUES
etc. 
157-164 DECEMBER DATA VALUES

2530   1940 -999999 -999999 -999999 -999999 -999999 -999999 -999999 -999999 -999999 -999999 -999999 -999999 -999999 -999999 -999999 -999999 -999999 400     500     
	2530   1941 2500    -999999 2500    1200    2500    1900    2400    1000    700     1100    1000    1400    1600    800     400     1600    800     600     600     
	2530   1942 -999999 1500    2000    1500    2000    900     1000    1500    1000    1200    2000    800     900     600     600     1000    500     800     -999999 
	2530   1943 -999999 -999999 1900    -999999 1200    1900    1400    -999999 1300    1200    700     1000    500     1800    500     900     1400    400     1000    
	2530   1944 1900    1900    1800    1900    900     1800    1300    500     1900    700     900     600     800     1000    1800    1300    800     200     800     
	2530   1945 1400    1100    1300    600     1300    1100    1400    600     300     1100    1300    1000    600     1100    700     1300    800     1400    500     
	2530   1946 1800    1500    1800    1500    1800    700     1400    1500    200     1100    1100    1200    600     700     400     700     1400    700     1200    
	2530   1947 2600    1600    2600    1600    1000    2400    900     500     1200    600     1000    800     700     1100    2400    700     800     400     400     
	2530   1948 2100    2100    1900    1500    1900    1000    1200    400     1500    1100    1900    800     900     1000    500     1200    800     900     1100    
	2530   1949 2300    1900    2300    1900    1500    2300    1800    1200    900     1300    800     800     1900    900     700     800     1000    500     400     
	2530   1950 1600    1300    1600    1300    1100    1300    900     1300    300     1100    400     900     1300    400     500     500     900     600     900     
	2530   1951 2700    2000    1200    2000    1000    900     2700    1400    900     900     1000    700     900     700     700     700     2000    300     600     
	2530   1952 2500    900     2500    900     2500    1000    1400    500     900     800     2300    1900    500     1000    400     1400    700     800     800     
	2530   1953 2400    1600    1600    1100    1600    1600    1600    800     600     1600    1200    700     700     700     1600    800     800     1600    900     
	2530   1954 1700    1700    1400    1700    1400    600     700     1100    600     1100    1100    1400    600     300     300     300     700     700     500     
	2530   1955 1600    1600    1300    1200    1300    900     800     900     1200    900     1300    400     900     800     900     700     800     600     400     
	2530   1956 6700    6500    1300    3400    3300    500     1300    600     2900    3100    1200    600     500     300     300     1300    800     900     700     
	2530   1957 1500    1200    1500    1200    1500    1000    700     1200    400     700     1200    800     600     600     800     300     700     600     600     
	2530   1958 1600    1400    1000    600     1400    900     1600    500     500     1400    800     600     800     900     500     500     800     1600    700     
	2530   1959 3700    2800    3700    2800    1200    1700    2700    900     1900    700     1000    1200    1100    1700    1700    2000    1800    1700    800     
	2530   1960 2100    2100    1200    600     2100    900     800     600     500     2100    700     1200    900     500     200     800     700     400     500     
	2530   1961 1500    1000    1200    1000    900     700     1300    700     1000    900     900     800     700     600     700     1200    900     1300    1500    
	2530   1962 2100    1400    1400    1100    1400    1000    2100    400     1100    1400    1200    400     1000    500     600     800     2100    900     700     
	2530   1963 2100    2100    1200    1300    800     1000    1000    1100    1300    800     500     800     400     1000    400     1000    900     600     1600    
	2530   1964 3000    3000    1000    2000    1800    900     900     2000    1200    1800    800     700     500     900     700     700     700     900     700     
	2530   1965 1400    1000    1100    1000    800     1100    1400    500     1000    700     400     600     800     300     700     1100    1400    1400    400     
	2530   1966 1700    1100    1700    1100    900     1100    1500    1100    700     700     700     600     1100    300     800     1500    800     500     400     
	2530   1967 1200    900     1200    900     800     1200    1100    900     900     400     800     400     1100    800     1200    700     700     1100    400     
	2530   1968 2400    1200    2300    800     2300    700     1100    500     800     400     2300    700     600     700     700     1100    1000    1000    1700    
	2530   1969 2000    1700    1200    1100    1000    1200    2000    1000    800     900     1000    600     1100    1200    600     900     2000    300     1000    
	2530   1970 2300    1500    2300    1500    800     2200    1300    1500    500     800     400     800     2200    500     900     1300    1100    800     1000    
	2530   1971 8500    8500    1800    6200    2300    1800    1600    3100    2800    2300    1100    900     600     1600    500     1200    1200    400     800     
	2530   1972 2200    2000    1900    1800    1500    1200    2200    600     1800    1500    900     600     500     1200    1100    800     1800    800     1800    
	2530   1973 3700    2300    2500    2300    1800    2500    1200    1900    600     1800    600     600     2500    600     2100    1200    900     700     400     
	2530   1974 3300    1100    2200    1000    3300    900     500     400     1000    1100    2200    600     500     500     900     400     500     400     500     
	2530   1975 2100    1100    2100    1100    2000    2100    1800    700     1100    300     700     2000    1000    700     1400    800     1800    500     600     
	2530   1976 2500    1500    2500    1500    2500    2200    1200    500     1500    1500    2300    700     1700    1200    1000    1100    1000    400     400     
	2530   1977 1900    800     1900    600     1800    1500    1900    400     500     700     500     1800    800     1500    600     1900    1500    400     600     
	2530   1978 1500    1000    1100    1000    1000    1100    1500    1000    800     500     900     600     1100    800     1100    500     1500    1000    800     
	2530   1979 1400    900     1000    900     1000    700     1400    900     600     300     1000    800     600     700     600     1000    800     500     400     
	2530   1980 3000    1500    3000    1400    3000    1000    700     1400    1400    700     800     2800    600     1000    600     700     600     600     500     
	2530   1981 1500    1300    1500    1300    1100    1500    1100    1200    500     500     1100    700     800     600     900     1000    300     300     600     
	2530   1982 1600    1600    1600    1600    1600    1300    1400    1600    1400    900     1600    800     900     1300    400     1400    800     600     1000    
	2530   1983 2700    1700    2700    1700    1300    2500    2100    400     1700    1300    700     300     1300    900     2500    900     800     1700    700     
	2530   1984 2000    1900    2000    1100    1300    1800    1800    400     1100    1300    1300    900     800     1200    1800    400     700     1500    600     
	2530   1985 2800    2800    1000    2800    900     500     2200    600     2800    400     800     900     300     500     400     800     2200    600     500     
	2530   1986 2300    2000    2300    2000    1400    2300    2100    400     1700    1400    700     500     1300    600     1800    1500    600     400     500     
	2530   1987 1400    1200    1300    1200    1200    1300    1200    1200    700     1200    900     700     500     800     500     600     600     900     900     
	2530   1988 1700    1100    1700    1100    1600    1700    1000    1100    400     200     1400    1400    1700    300     900     600     1000    700     500     
	2530   1989 2000    1300    2000    1300    1800    1200    1200    1000    700     700     500     1800    1200    1200    800     1000    700     1200    800     
	2530   1990 1700    900     1700    900     1600    1700    1100    900     600     800     600     1600    900     1700    1000    400     1100    600     700     
	2530   1991 2600    1700    1800    1700    1200    1600    1200    1000    700     1100    1200    1100    300     1600    1600    700     1200    1000    1600    
	2530   1992 2900    1300    2900    1300    1800    2900    1400    1200    600     500     900     1800    1900    1000    500     1000    600     300     1100    
	2530   1993 1600    900     1300    900     900     1300    1600    400     900     900     800     800     1300    400     600     500     500     1600    200     
	2530   1994 1700    1300    1700    1300    1000    1700    1600    500     1300    500     900     600     1100    1100    1100    500     1600    600     500     
	2530   1995 2800    1500    2600    500     1300    2600    1400    500     500     500     800     700     1300    900     2200    900     1400    1100    1700    
	2530   1996 1800    1800    1300    1800    1500    1300    900     1800    1000    1500    1300    600     1000    1300    600     900     800     600     1200    
	2530   1997 2000    1800    1900    1800    1900    1900    1600    1800    300     1200    1900    1000    600     1100    1900    1600    1100    1100    500     
	2530   1998 1600    900     1600    800     1600    1600    1000    800     800     500     300     1600    400     500     1600    800     200     1000    300     
	2530   1999 1600    700     1600    600     1200    1200    1000    600     400     700     800     700     800     900     1100    800     1000    400     300     
	2530   2000 1300    1300    800     1300    800     800     500     1300    300     600     600     800     700     600     800     500     500     400     700     
	2530   2001 1300    1300    1000    1300    1000    800     1100    1300    300     500     400     1000    800     700     500     300     1100    400     1300    
	2530   2002 2300    1000    1300    800     2300    700     1100    800     500     1000    1300    500     400     700     700     1100    700     800     700     
	2530   2003 2000    2000    1700    2000    2000    1700    1200    400     2000    2000    1400    700     1000    1200    1600    1000    1200    1000    1000    
	2530   2004 1800    1500    1800    1100    1800    1000    1200    400     1100    1100    1800    1700    600     400     900     1200    600     600     1300    
	2530   2005 1800    600     1500    600     800     1100    1800    500     600     400     600     800     1100    1100    600     900     1800    300     300     
	2530   2006 2600    1300    2600    1100    1300    1400    2600    1000    600     1300    900     1300    1300    1400    400     2600    800     600     600     
	2530   2007 3700    700     3500    700     3700    1000    1300    400     700     700     3000    500     800     300     1000    600     1300    900     1500    
	2530   2008 1400    1400    1300    1400    1300    700     1000    300     1400    200     1000    1300    600     400     700     1000    700     600     1200    
	2530   2009 1500    1200    1300    1200    1000    1200    1300    800     400     600     1000    800     1000    500     700     1300    500     200     600     
	2530   2010 2200    700     2200    700     1700    2200    1200    700     600     500     1700    1400    2000    1000    400     400     1200    500     600     
	2530   2011 3300    1600    1500    800     1600    500     3300    700     800     1600    1500    900     300     500     300     900     1200    2100    500     
	2530   2012 2100    1700    1000    1700    2100    800     900     500     1200    1400    700     700     300     700     800     900     500     700     200     
	2530   2013 2200    1400    2100    600     2200    2100    1300    600     500     1400    800     600     1100    2100    700     1100    500     500     400     
	2530   2014 1400    1400    1300    600     1400    1000    1300    500     600     1400    500     700     800     1000    500     1300    400     600     600     
	2530   2015 1700    1000    1200    900     1200    700     1700    400     900     1000    1200    600     700     400     500     600     1300    400     500     
	2530   2016 1900    1200    1900    500     1900    800     1300    500     400     1200    600     1900    800     500     700     1300    1000    900     700     
	2530   2017 1300    1300    1200    1300    1000    1200    900     1300    400     700     1000    700     1200    400     1000    500     900     400     500     
	2530   2018 1800    1700    1800    1400    900     1800    1600    400     1400    400     900     800     600     1800    800     800     1600    800     600     
	2530   2019 1900    900     1900    900     1900    1100    700     400     900     600     1900    900     1100    1000    900     600     500     700     700     
	2530   2020 2800    1600    2700    700     2800    1800    1900    700     500     1600    2700    2000    900     1000    1200    1900    800     800     400     
	2530   2021 -999999 -999999 1400    -999999 1300    1400    1100    -999999 1000    700     1300    400     1400    -999999 400     1100    500     700     800     
	2530   2022 2300    1500    2300    700     2300    1400    800     700     300     1300    1700    800     600     900     1400    500     800     800     1000    
	2530   2023 2900    1100    2900    1100    1000    1900    900     600     1100    400     700     1000    1900    300     600     900     700     300     500     
	2530   2024 1600    -999999 1200    -999999 1300    700     1600    600     -999999 1300    500     1100    700     400     700     1200    700     900     700     
	2530   2025 4400    3200    2800    1300    4300    2500    700     1200    1300    3100    1200    2200    1400    500     2500    500     700     600     1300    
	2530   2026 -999999 -999999 -999999 1300    -999999 -999999 -999999 1000    900     -999999 -999999 -999999 -999999 -999999 -999999 -999999 -999999 -999999 -999999 
	