EUROPEAN CLIMATE ASSESSMENT & DATASET (ECA&D), file created on: 17-05-2026
THESE DATA CAN BE USED FOR NON-COMMERCIAL RESEARCH AND EDUCATION PROVIDED THAT THE FOLLOWING SOURCE IS ACKNOWLEDGED: 

Klein Tank, A.M.G. and Coauthors, 2002. Daily dataset of 20th-century surface
air temperature and precipitation series for the European Climate Assessment.
Int. J. of Climatol., 22, 1441-1453.
Data and metadata available at http://www.ecad.eu

FILE FORMAT (MISSING VALUE CODE = -999999):

THIS FILE HOLDS DATA FOR STATION NETHERLANDS                              BENSCHOP                                 (STAID:   2367)
LATITUDE: dd:mm:ss +52:00:00
LONGITUDE: ddd:mm:ss +004:55:59
ELEVATION: m   -1

DATA IS FOR INDEX Maximum no of consecutive dry days (RR < 1 mm) (CDD) with unit 0.01 No of days

01-06 SOUID: Source identifier
08-11 YEAR : YYYY
13-20 ANNUAL DATA VALUES
21-28 WINTER HALF YEAR DATA VALUES
29-36 SUMMER HALF YEAR DATA VALUES
37-44 WINTER (DJF) DATA VALUES
45-52 SPRING (MAM) DATA VALUES
53-60 SUMMER (JJA) DATA VALUES
61-68 AUTUMN (SON) DATA VALUES
69-76 JANUARY DATA VALUES
etc. 
157-164 DECEMBER DATA VALUES

2367   1881 -999999 -999999 -999999 -999999 -999999 -999999 -999999 -999999 -999999 -999999 -999999 -999999 -999999 -999999 -999999 -999999 -999999 -999999 -999999 
	2367   1882 3600    -999999 1400    -999999 1400    600     600     2300    1200    900     1100    1400    400     400     500     600     300     300     600     
	2367   1883 3200    1400    3200    1200    2400    1500    1200    1200    900     1400    1200    1700    1500    300     800     1200    600     300     1100    
	2367   1884 2200    1100    2200    1100    2000    2200    1300    700     900     1000    2000    1200    1400    800     1100    1300    900     1200    700     
	2367   1885 2400    1900    1500    1600    1900    1300    1000    1600    600     1900    1500    900     900     1200    700     300     200     1000    2400    
	2367   1886 2700    2700    1900    2700    1900    1100    1700    800     2700    1800    1900    1000    1000    500     900     1700    1000    1000    400     
	2367   1887 3100    2200    3100    1500    1500    3100    800     1000    1500    1200    1500    800     2700    1500    900     800     600     800     700     
	2367   1888 2700    2200    2300    2200    1500    1500    1300    2000    1500    700     700     1500    800     300     1500    1200    1300    900     1300    
	2367   1889 2100    1400    2100    1400    1000    2100    2000    1200    700     600     1000    900     2000    500     500     600     700     2000    800     
	2367   1890 3700    3700    1400    2800    1300    800     1400    400     2800    1300    600     900     700     800     700     1400    600     700     3100    
	2367   1891 3900    3100    1200    2500    1000    1200    1300    1800    2500    600     500     1000    1200    400     400     1000    500     800     1000    
	2367   1892 1700    1100    1700    1100    1700    1100    900     1000    1100    700     1400    1400    500     1100    500     900     500     700     1700    
	2367   1893 3300    1800    1600    600     3300    1600    800     500     500     1800    1500    1400    1600    700     800     700     700     800     600     
	2367   1894 3300    2200    1500    1400    3300    1500    1000    1400    600     2200    1100    800     1000    500     300     600     400     1000    600     
	2367   1895 2700    2700    1700    2700    1200    1700    1200    1000    2000    800     1200    1200    1700    800     900     1100    300     500     700     
	2367   1896 1700    1700    1700    1700    1700    1200    1000    1100    1700    700     600     1700    700     900     500     300     200     1000    1200    
	2367   1897 1900    1000    1200    1000    1000    1200    1900    900     800     800     400     1000    600     1200    400     800     1200    700     1100    
	2367   1898 1900    1200    1900    1200    1100    1100    1700    1200    300     1000    800     700     800     800     1100    1700    1000    600     600     
	2367   1899 3100    3100    2200    1300    1800    1700    1300    800     1300    1800    300     700     1700    1700    1100    300     1300    1000    2000    
	2367   1900 1700    1700    1300    1700    1300    1000    900     500     1400    700     700     1300    400     1000    500     900     400     500     500     
	2367   1901 2000    1900    2000    1900    2000    1200    1600    1800    700     1100    1400    2000    1200    900     1000    1300    700     900     500     
	2367   1902 1300    1300    900     1300    700     900     1100    600     1300    700     600     500     900     800     400     600     500     1000    1200    
	2367   1903 1500    1200    1500    1200    1000    1500    700     1200    700     900     600     1000    1100    800     500     600     400     700     2200    
	2367   1904 2800    1400    1600    1100    1400    1600    2000    900     900     1400    600     1000    900     1600    800     1600    1400    1100    1000    
	2367   1905 1000    800     1000    700     1000    1000    600     700     600     800     1000    1000    700     800     600     500     400     600     800     
	2367   1906 2400    700     1700    500     2400    1300    900     300     300     700     1700    600     1300    900     600     800     600     600     800     
	2367   1907 2200    1000    2200    1000    1000    1100    2200    1000    600     800     700     800     800     1100    400     2200    400     1200    800     
	2367   1908 2400    1300    2400    1300    1400    2400    2300    700     1000    1000    500     1400    1300    1400    1000    1400    1300    1000    1800    
	2367   1909 2300    1000    1900    1000    1100    1300    1900    1000    1000    1000    1100    1000    1100    1300    700     1900    700     900     800     
	2367   1910 1500    1200    1300    800     1500    1300    1000    800     400     1200    300     900     1300    800     400     700     1000    600     300     
	2367   1911 3300    2500    3300    2500    2000    3300    1200    1900    600     700     2000    1300    1100    2900    1100    1200    700     500     400     
	2367   1912 2500    800     2500    800     1400    2500    1300    800     700     700     1400    300     600     2400    200     1300    1200    500     600     
	2367   1913 1800    1800    1500    1800    800     1500    1600    900     1800    500     700     800     700     700     1500    800     500     1600    1100    
	2367   1914 1700    1600    1700    1600    1300    1700    1200    1600    1300    300     1300    800     1200    600     1700    1100    1100    1000    600     
	2367   1915 2000    1000    2000    900     1500    1300    1800    900     500     700     900     1300    1300    600     700     900     1800    500     700     
	2367   1916 1200    900     1200    500     800     1200    1100    400     500     600     800     600     700     800     700     800     900     700     600     
	2367   1917 1800    1800    1200    1800    900     1000    1600    1200    1600    600     700     700     1000    1000    800     1200    500     500     1100    
	2367   1918 1600    1600    1500    1200    1600    1100    1200    900     700     1600    800     900     600     700     900     100     800     1200    500     
	2367   1919 1800    1000    1800    1000    1100    1800    1700    700     1000    500     1000    600     700     400     1500    1700    800     400     600     
	2367   1920 3900    1100    1400    1100    1100    1200    3900    600     1100    1100    1100    400     1200    800     800     1300    2900    1400    300     
	2367   1921 2200    1800    2000    1300    2000    1300    2000    400     1300    1800    1200    2000    800     1300    600     1700    700     1700    500     
	2367   1922 2000    1200    1500    1100    1400    700     2000    500     1100    1200    500     1400    700     400     500     700     2000    1100    400     
	2367   1923 2500    900     2500    500     1600    2500    1000    500     300     900     1100    400     1100    1400    1300    1000    200     400     1100    
	2367   1924 1500    1200    1000    900     1200    1000    1500    900     400     1200    800     300     800     1000    500     400     900     1500    900     
	2367   1925 -999999 -999999 -999999 -999999 -999999 -999999 -999999 -999999 -999999 -999999 -999999 -999999 -999999 -999999 -999999 -999999 -999999 -999999 -999999 
	2367   1926 -999999 -999999 -999999 -999999 -999999 -999999 -999999 -999999 -999999 -999999 -999999 -999999 -999999 -999999 -999999 -999999 -999999 -999999 -999999 
	2367   1927 -999999 -999999 -999999 -999999 -999999 -999999 -999999 -999999 -999999 -999999 -999999 -999999 -999999 -999999 -999999 -999999 -999999 -999999 -999999 
	2367   1928 -999999 -999999 -999999 -999999 -999999 -999999 -999999 -999999 -999999 -999999 -999999 -999999 -999999 -999999 -999999 -999999 -999999 -999999 -999999 
	2367   1929 -999999 -999999 -999999 -999999 -999999 -999999 -999999 -999999 -999999 -999999 -999999 -999999 -999999 -999999 -999999 -999999 -999999 -999999 -999999 
	2367   1930 -999999 -999999 -999999 -999999 -999999 -999999 -999999 -999999 -999999 -999999 -999999 -999999 -999999 -999999 -999999 -999999 -999999 -999999 -999999 
	2367   1931 -999999 -999999 -999999 -999999 -999999 -999999 -999999 -999999 -999999 -999999 -999999 -999999 -999999 -999999 -999999 -999999 -999999 -999999 -999999 
	2367   1932 -999999 -999999 -999999 -999999 -999999 -999999 -999999 -999999 -999999 -999999 -999999 -999999 -999999 -999999 -999999 -999999 -999999 -999999 -999999 
	2367   1933 -999999 -999999 -999999 -999999 -999999 -999999 -999999 -999999 -999999 -999999 -999999 -999999 -999999 -999999 -999999 -999999 -999999 -999999 -999999 
	2367   1934 -999999 -999999 -999999 -999999 -999999 -999999 -999999 -999999 -999999 -999999 -999999 -999999 -999999 -999999 -999999 -999999 -999999 -999999 -999999 
	2367   1935 -999999 -999999 -999999 -999999 -999999 -999999 -999999 -999999 -999999 -999999 -999999 -999999 -999999 -999999 -999999 -999999 -999999 -999999 -999999 
	2367   1936 -999999 -999999 -999999 -999999 -999999 -999999 -999999 -999999 -999999 -999999 -999999 -999999 -999999 -999999 -999999 -999999 -999999 -999999 -999999 
	2367   1937 -999999 -999999 -999999 -999999 -999999 -999999 -999999 -999999 -999999 -999999 -999999 -999999 -999999 -999999 -999999 -999999 -999999 -999999 -999999 
	2367   1938 -999999 -999999 -999999 -999999 -999999 -999999 -999999 -999999 -999999 -999999 -999999 -999999 -999999 -999999 -999999 -999999 -999999 -999999 -999999 
	2367   1939 -999999 -999999 -999999 -999999 -999999 -999999 -999999 -999999 -999999 -999999 -999999 -999999 -999999 -999999 -999999 -999999 -999999 -999999 -999999 
	2367   1940 -999999 -999999 -999999 -999999 -999999 -999999 -999999 -999999 -999999 -999999 -999999 -999999 -999999 -999999 -999999 -999999 -999999 -999999 -999999 
	2367   1941 -999999 -999999 -999999 -999999 -999999 -999999 -999999 -999999 -999999 -999999 -999999 -999999 -999999 -999999 -999999 -999999 -999999 -999999 -999999 
	2367   1942 -999999 -999999 -999999 -999999 -999999 -999999 -999999 -999999 -999999 -999999 -999999 -999999 -999999 -999999 -999999 -999999 -999999 -999999 -999999 
	2367   1943 -999999 -999999 -999999 -999999 -999999 -999999 -999999 -999999 -999999 -999999 -999999 -999999 -999999 -999999 -999999 -999999 -999999 -999999 -999999 
	2367   1944 -999999 -999999 -999999 -999999 -999999 -999999 -999999 -999999 -999999 -999999 -999999 -999999 -999999 -999999 -999999 -999999 -999999 -999999 -999999 
	2367   1945 -999999 -999999 -999999 -999999 -999999 -999999 -999999 -999999 -999999 -999999 -999999 -999999 -999999 -999999 -999999 -999999 -999999 -999999 -999999 
	2367   1946 -999999 -999999 -999999 -999999 -999999 -999999 -999999 -999999 -999999 -999999 -999999 -999999 -999999 -999999 -999999 -999999 -999999 -999999 -999999 
	2367   1947 -999999 -999999 -999999 -999999 -999999 -999999 -999999 -999999 -999999 -999999 -999999 -999999 -999999 -999999 -999999 -999999 -999999 -999999 -999999 
	2367   1948 -999999 -999999 -999999 -999999 -999999 -999999 -999999 -999999 -999999 -999999 -999999 -999999 -999999 -999999 -999999 -999999 -999999 -999999 -999999 
	2367   1949 -999999 -999999 -999999 -999999 -999999 -999999 -999999 -999999 -999999 -999999 -999999 -999999 -999999 -999999 -999999 -999999 -999999 -999999 -999999 
	2367   1950 -999999 -999999 -999999 -999999 -999999 -999999 -999999 -999999 -999999 -999999 -999999 -999999 -999999 -999999 -999999 -999999 -999999 -999999 -999999 
	2367   1951 2400    -999999 1400    -999999 1000    1000    2400    900     400     900     1000    700     1000    700     600     800     1900    300     500     
	2367   1952 1700    1700    1300    1700    1300    1100    800     400     1700    1000    1100    1300    800     1000    1100    600     800     200     600     
	2367   1953 1600    1600    1400    1400    1600    1400    1500    1400    600     1600    1100    1000    800     600     1400    700     1500    1100    800     
	2367   1954 1800    1800    1700    1800    1700    800     400     1100    700     1700    1600    1500    500     700     700     300     200     400     600     
	2367   1955 1900    1600    1900    1200    1900    1200    800     900     1200    700     1900    500     800     700     1200    800     700     600     500     
	2367   1956 2400    1300    2400    1300    2400    800     1500    500     1300    1200    1600    1200    800     400     400     1500    900     1000    600     
	2367   1957 1400    800     1400    500     900     1400    1100    500     400     500     900     800     1200    400     500     200     700     1100    400     
	2367   1958 3000    1200    1400    800     1200    1400    2300    600     300     1200    600     500     1400    800     600     600     700     2300    700     
	2367   1959 2600    2100    2400    2100    2400    1800    2600    700     2000    400     900     2400    1700    1800    1500    2000    1700    800     800     
	2367   1960 1200    1000    1200    400     1200    900     1000    400     400     1000    800     1200    900     500     300     1000    300     400     600     
	2367   1961 1500    1500    1200    1200    1500    700     1500    500     1200    1500    500     1000    700     700     700     1200    1200    1500    900     
	2367   1962 2100    1300    1600    1200    1400    1400    2100    700     1200    1100    900     500     1400    400     400     400     2100    1200    700     
	2367   1963 2600    2400    1100    1600    800     800     1000    1100    1600    800     600     700     500     600     300     1000    900     900     1700    
	2367   1964 1800    1800    1600    1300    1200    1200    1000    1300    600     1200    800     500     800     900     1200    700     700     900     500     
	2367   1965 1500    1500    1100    1100    1300    1100    1400    700     1100    1300    600     700     800     300     700     900     1400    1300    300     
	2367   1966 1500    1000    1500    1000    1100    900     1400    1000    600     500     600     1100    900     200     800     1400    1100    300     300     
	2367   1967 1200    1200    1200    1200    1200    1100    1100    1200    900     600     800     400     800     900     1100    800     500     1100    400     
	2367   1968 2200    1200    1700    800     1700    700     1600    400     800     800     1700    600     600     700     700     600     1000    1600    1500    
	2367   1969 2000    1700    1900    800     1100    1200    2000    800     800     1100    1000    700     1000    1200    900     1600    2000    300     600     
	2367   1970 2200    1200    2200    600     1200    2000    1300    600     400     800     400     1200    2000    900     800     1300    1100    900     1400    
	2367   1971 2100    1000    2100    1000    2100    2100    2100    600     800     600     1500    800     500     2000    300     2100    1200    600     900     
	2367   1972 2200    1500    1900    1300    1500    1100    2200    1000    800     1500    700     600     400     900     1100    800     1800    500     2100    
	2367   1973 4000    2300    2500    2300    2100    2500    1300    1900    500     2100    400     400     2500    400     2100    1300    800     800     600     
	2367   1974 2100    1100    1200    700     2100    1200    800     500     600     1100    1100    900     800     500     1200    800     800     400     400     
	2367   1975 1700    1100    1700    1000    1400    1700    1700    600     1000    200     900     1400    1000    800     1000    800     1700    700     1100    
	2367   1976 2400    1500    2400    1500    1100    2400    1300    500     1500    1100    800     500     1700    1300    2400    400     800     500     500     
	2367   1977 1900    800     1900    600     1100    1700    1900    400     600     400     600     1100    800     1600    400     1900    1100    500     600     
	2367   1978 1900    1000    1900    1000    1600    1300    1600    1000    900     500     900     1600    800     1100    1100    1000    1100    1600    800     
	2367   1979 1200    800     1200    800     500     1200    1100    600     800     400     400     500     700     600     600     1000    1100    600     400     
	2367   1980 1500    1400    1500    1400    1500    800     700     1400    800     1100    1500    1300    800     800     600     600     600     500     500     
	2367   1981 2300    1300    1800    1300    2300    1800    900     500     1300    500     1800    700     500     600     1800    800     300     500     700     
	2367   1982 1800    1500    1800    1500    1600    1100    1800    1400    1500    900     1600    1100    400     1100    500     1800    800     600     500     
	2367   1983 1800    1800    1600    1800    1300    1600    1800    400     1800    1300    500     200     1400    1600    1000    900     700     1400    700     
	2367   1984 2300    1200    2300    1100    1400    2300    700     200     1100    1200    1400    600     800     1300    2300    200     700     700     600     
	2367   1985 2000    2000    1600    2000    1000    1600    1900    400     2000    800     1000    900     400     1600    400     800     1900    600     300     
	2367   1986 3500    3500    1500    3200    1100    1400    2100    400     2800    1100    700     900     1100    1400    1300    1500    700     400     500     
	2367   1987 1400    1400    1400    1400    1200    1400    1000    1200    700     1200    900     700     400     1400    500     600     500     900     900     
	2367   1988 2400    1000    2400    1000    1200    2400    900     1000    600     200     1200    900     2400    200     900     600     900     700     500     
	2367   1989 2100    1300    2100    1300    1900    1300    1500    1000    600     700     500     1900    1300    1300    1200    1100    500     1000    900     
	2367   1990 1800    900     1800    600     1600    1800    900     600     600     900     600     1600    900     1800    900     600     900     600     500     
	2367   1991 2700    1900    2200    1900    1600    1700    1300    1000    900     1200    900     1600    400     700     1000    1300    900     1100    1600    
	2367   1992 2200    1300    2200    1300    2100    1000    700     1200    600     500     1200    2100    1000    700     300     600     700     400     1100    
	2367   1993 1800    1800    1600    1800    1600    1500    1600    400     1500    1000    800     800     1200    400     700     500     1000    1500    200     
	2367   1994 1700    1100    1000    1100    900     1000    1700    500     1100    800     900     700     800     1000    1000    600     1700    800     500     
	2367   1995 2700    700     2700    400     2400    2700    1100    400     300     600     900     1500    1300    1000    2300    1000    700     1100    1600    
	2367   1996 2900    2900    2000    2900    2000    1200    1000    2100    800     1600    1900    1200    900     1000    700     1000    800     400     1400    
	2367   1997 3000    1800    2000    1800    1300    2000    1600    1800    300     1300    1000    900     600     600     2000    1600    1100    500     900     
	2367   1998 1700    1300    1700    1300    1700    1600    700     800     1300    800     300     1700    400     1100    1600    700     200     700     300     
	2367   1999 2000    600     2000    600     1200    1300    1400    400     500     500     800     700     800     1300    600     1400    1100    700     200     
	2367   2000 1400    1400    1000    1400    1000    800     800     1400    400     500     900     900     700     800     500     800     500     300     600     
	2367   2001 1900    1400    1900    1400    1000    1900    1100    1400    800     500     400     1000    1300    900     1300    200     1100    800     1200    
	2367   2002 2300    1100    1200    1100    2300    800     1200    1000    600     1100    1200    700     700     600     800     1200    500     600     1100    
	2367   2003 3300    2200    3300    2200    2000    3300    1400    600     2200    2000    1800    700     1000    700     2700    1100    1400    1200    1000    
	2367   2004 1700    1300    1400    1300    1400    900     900     300     1300    800     1200    1400    600     600     300     900     800     300     1500    
	2367   2005 1700    800     1400    800     600     1100    1700    600     800     500     600     600     1100    900     600     800     1700    300     700     
	2367   2006 1700    1700    1500    1700    1400    1400    1500    1100    900     1300    1400    1400    1200    1100    400     1500    800     600     900     
	2367   2007 4500    1000    3500    900     4500    1000    1000    500     600     1000    3000    500     700     400     1000    600     1000    400     1800    
	2367   2008 1800    1800    1300    1800    1300    900     1000    400     1800    300     800     1300    800     400     900     1000    700     600     1200    
	2367   2009 2000    1000    2000    1000    1000    2000    1400    800     700     800     900     800     1500    700     800     1400    600     400     500     
	2367   2010 2100    1100    2100    1100    2100    1300    1200    1100    800     900     2100    1200    1100    700     400     500     1200    800     600     
	2367   2011 2700    1300    2700    800     2700    600     2500    700     700     1200    1900    800     300     400     400     800     600     2500    500     
	2367   2012 2900    2400    1100    900     2900    1000    1000    500     900     2400    500     1000    400     700     1000    1000    900     600     400     
	2367   2013 2300    1200    2300    700     2100    2300    1300    600     700     1200    900     700     1100    2300    700     1100    500     800     500     
	2367   2014 2400    1600    2400    400     1600    1800    2300    400     400     1600    600     600     1800    500     500     2300    700     500     600     
	2367   2015 1900    1900    1300    1400    1900    1100    1300    400     1400    1900    1300    700     1100    500     800     600     900     400     500     
	2367   2016 1300    1300    1300    500     1300    1300    1100    500     400     1300    800     1300    900     1300    700     1000    1100    900     1000    
	2367   2017 2200    1300    1300    1300    2200    1200    800     1300    400     1100    1100    1100    1200    400     900     800     700     300     400     
	2367   2018 2800    1700    2800    1400    900     2800    2100    400     1400    500     900     800     1500    1500    600     700     2100    1500    800     
	2367   2019 2000    1400    2000    1000    2000    1600    600     500     1000    1400    2000    1600    1100    600     1400    600     500     600     500     
	2367   2020 3500    1800    1700    700     3500    1100    1700    700     300     1800    1700    1100    700     900     1100    1700    600     700     400     
	2367   2021 1700    1700    1500    1000    1500    1200    1000    300     1000    700     1500    500     1200    900     500     1000    400     600     1000    
	2367   2022 3300    3300    3100    700     3100    1500    700     700     400     2900    2100    1000    1000    1300    1500    500     700     500     600     
	2367   2023 3900    1100    3900    1100    2000    1900    900     600     1100    500     700     2000    1900    300     1300    900     700     300     400     
	2367   2024 1100    800     1100    600     800     1100    1100    600     200     800     500     800     700     600     700     800     700     900     700     
	2367   2025 2900    2800    2900    1200    2900    1600    1200    1200    900     2700    1100    2300    800     500     1600    1000    900     800     1300    
	2367   2026 -999999 1100    -999999 1100    -999999 -999999 -999999 1100    600     1000    3000    -999999 -999999 -999999 -999999 -999999 -999999 -999999 -999999 
	