EUROPEAN CLIMATE ASSESSMENT & DATASET (ECA&D), file created on: 17-05-2026
THESE DATA CAN BE USED FOR NON-COMMERCIAL RESEARCH AND EDUCATION PROVIDED THAT THE FOLLOWING SOURCE IS ACKNOWLEDGED: 

Klein Tank, A.M.G. and Coauthors, 2002. Daily dataset of 20th-century surface
air temperature and precipitation series for the European Climate Assessment.
Int. J. of Climatol., 22, 1441-1453.
Data and metadata available at http://www.ecad.eu

FILE FORMAT (MISSING VALUE CODE = -999999):

THIS FILE HOLDS DATA FOR STATION NETHERLANDS                              VEENHUIZEN (D)                           (STAID:   2537)
LATITUDE: dd:mm:ss +53:03:00
LONGITUDE: ddd:mm:ss +006:24:00
ELEVATION: m    7

DATA IS FOR INDEX Maximum no of consecutive dry days (RR < 1 mm) (CDD) with unit 0.01 No of days

01-06 SOUID: Source identifier
08-11 YEAR : YYYY
13-20 ANNUAL DATA VALUES
21-28 WINTER HALF YEAR DATA VALUES
29-36 SUMMER HALF YEAR DATA VALUES
37-44 WINTER (DJF) DATA VALUES
45-52 SPRING (MAM) DATA VALUES
53-60 SUMMER (JJA) DATA VALUES
61-68 AUTUMN (SON) DATA VALUES
69-76 JANUARY DATA VALUES
etc. 
157-164 DECEMBER DATA VALUES

2537   1904 -999999 -999999 -999999 -999999 -999999 -999999 -999999 -999999 -999999 -999999 -999999 -999999 -999999 -999999 -999999 -999999 -999999 -999999 -999999 
	2537   1905 1400    -999999 1400    -999999 800     1400    600     1000    700     700     700     800     800     1000    600     500     200     600     800     
	2537   1906 1800    800     1700    800     1800    1200    1000    800     500     700     1700    500     1200    1000    500     1000    600     500     1000    
	2537   1907 1500    1000    1300    1000    1500    1300    1300    1000    800     1000    600     600     300     1300    500     1300    400     1100    800     
	2537   1908 1800    1700    1800    1100    1700    1800    1400    900     1100    1700    400     500     1200    1000    400     900     1400    800     1100    
	2537   1909 2300    2300    1200    1200    1200    1000    900     1200    1200    1100    900     1200    500     400     1000    600     400     600     900     
	2537   1910 2400    1200    1200    1000    2400    1200    1900    1000    900     1200    1200    900     1100    900     1100    600     1800    300     500     
	2537   1911 1500    1100    1500    1100    1500    1500    500     1000    800     700     1500    1100    700     1200    1500    500     500     500     300     
	2537   1912 1900    800     1900    800     1900    1500    1000    800     700     500     1800    400     600     1500    300     1000    1000    400     500     
	2537   1913 1800    1200    1800    1200    1200    1800    1100    1100    1000    400     800     600     800     900     1800    1000    1100    500     700     
	2537   1914 1700    1700    1500    1700    1000    1500    1400    1700    1000    500     900     900     1100    800     1500    1000    1400    800     600     
	2537   1915 -999999 900     2200    900     1400    1100    -999999 700     900     600     1400    1000    1100    600     700     2200    -999999 -999999 -999999 
	2537   1916 -999999 -999999 -999999 -999999 -999999 -999999 -999999 -999999 -999999 -999999 -999999 -999999 -999999 -999999 -999999 -999999 -999999 -999999 -999999 
	2537   1917 -999999 -999999 -999999 -999999 -999999 -999999 -999999 -999999 -999999 -999999 -999999 -999999 -999999 -999999 -999999 -999999 -999999 -999999 -999999 
	2537   1918 -999999 -999999 -999999 -999999 -999999 -999999 -999999 -999999 -999999 -999999 -999999 -999999 -999999 -999999 -999999 -999999 -999999 -999999 -999999 
	2537   1919 -999999 -999999 -999999 -999999 -999999 -999999 -999999 -999999 -999999 -999999 -999999 -999999 -999999 -999999 -999999 -999999 -999999 -999999 -999999 
	2537   1920 -999999 -999999 -999999 -999999 -999999 -999999 -999999 -999999 -999999 -999999 -999999 -999999 -999999 -999999 -999999 -999999 -999999 -999999 -999999 
	2537   1921 -999999 -999999 -999999 -999999 -999999 -999999 -999999 -999999 -999999 -999999 -999999 -999999 -999999 -999999 -999999 -999999 -999999 -999999 -999999 
	2537   1922 -999999 -999999 -999999 -999999 -999999 -999999 -999999 -999999 -999999 -999999 -999999 -999999 -999999 -999999 -999999 -999999 -999999 -999999 -999999 
	2537   1923 -999999 -999999 -999999 -999999 -999999 -999999 -999999 -999999 -999999 -999999 -999999 -999999 -999999 -999999 -999999 -999999 -999999 -999999 -999999 
	2537   1924 -999999 -999999 -999999 -999999 -999999 -999999 -999999 -999999 -999999 -999999 -999999 -999999 -999999 -999999 -999999 -999999 -999999 -999999 -999999 
	2537   1925 -999999 -999999 -999999 -999999 -999999 -999999 -999999 -999999 -999999 -999999 -999999 -999999 -999999 -999999 -999999 -999999 -999999 -999999 -999999 
	2537   1926 -999999 -999999 -999999 -999999 -999999 -999999 -999999 -999999 -999999 -999999 -999999 -999999 -999999 -999999 -999999 -999999 -999999 -999999 -999999 
	2537   1927 -999999 -999999 -999999 -999999 -999999 -999999 -999999 -999999 -999999 -999999 -999999 -999999 -999999 -999999 -999999 -999999 -999999 -999999 -999999 
	2537   1928 -999999 -999999 -999999 -999999 -999999 -999999 -999999 -999999 -999999 -999999 -999999 -999999 -999999 -999999 -999999 -999999 -999999 -999999 -999999 
	2537   1929 -999999 -999999 -999999 -999999 -999999 -999999 -999999 -999999 -999999 -999999 -999999 -999999 -999999 -999999 -999999 -999999 -999999 -999999 -999999 
	2537   1930 -999999 -999999 -999999 -999999 -999999 -999999 -999999 -999999 -999999 -999999 -999999 -999999 -999999 -999999 -999999 -999999 -999999 -999999 -999999 
	2537   1931 -999999 -999999 -999999 -999999 -999999 -999999 -999999 -999999 -999999 -999999 -999999 -999999 -999999 -999999 -999999 -999999 -999999 -999999 -999999 
	2537   1932 -999999 -999999 -999999 -999999 -999999 -999999 -999999 -999999 -999999 -999999 -999999 -999999 -999999 -999999 -999999 -999999 -999999 -999999 -999999 
	2537   1933 -999999 -999999 -999999 -999999 -999999 -999999 -999999 -999999 -999999 -999999 -999999 -999999 -999999 -999999 -999999 -999999 -999999 -999999 -999999 
	2537   1934 -999999 -999999 -999999 -999999 -999999 -999999 -999999 -999999 -999999 -999999 -999999 -999999 -999999 -999999 -999999 -999999 -999999 -999999 -999999 
	2537   1935 -999999 -999999 -999999 -999999 -999999 -999999 -999999 -999999 -999999 -999999 -999999 -999999 -999999 -999999 -999999 -999999 -999999 -999999 -999999 
	2537   1936 -999999 -999999 -999999 -999999 -999999 -999999 -999999 -999999 -999999 -999999 -999999 -999999 -999999 -999999 -999999 -999999 -999999 -999999 -999999 
	2537   1937 -999999 -999999 -999999 -999999 -999999 -999999 -999999 -999999 -999999 -999999 -999999 -999999 -999999 -999999 -999999 -999999 -999999 -999999 -999999 
	2537   1938 -999999 -999999 -999999 -999999 -999999 -999999 -999999 -999999 -999999 -999999 -999999 -999999 -999999 -999999 -999999 -999999 -999999 -999999 -999999 
	2537   1939 -999999 -999999 -999999 -999999 -999999 -999999 -999999 -999999 -999999 -999999 -999999 -999999 -999999 -999999 -999999 -999999 -999999 -999999 -999999 
	2537   1940 -999999 -999999 -999999 -999999 -999999 -999999 -999999 -999999 -999999 -999999 -999999 -999999 -999999 -999999 -999999 -999999 -999999 -999999 -999999 
	2537   1941 -999999 -999999 -999999 -999999 -999999 -999999 -999999 -999999 -999999 -999999 -999999 -999999 -999999 -999999 -999999 -999999 -999999 -999999 -999999 
	2537   1942 -999999 -999999 -999999 -999999 -999999 -999999 -999999 -999999 -999999 -999999 -999999 -999999 -999999 -999999 -999999 -999999 -999999 -999999 -999999 
	2537   1943 -999999 -999999 -999999 -999999 -999999 -999999 -999999 -999999 -999999 -999999 -999999 -999999 -999999 -999999 -999999 -999999 -999999 -999999 -999999 
	2537   1944 -999999 -999999 -999999 -999999 -999999 -999999 -999999 -999999 -999999 -999999 -999999 -999999 -999999 -999999 -999999 -999999 -999999 -999999 -999999 
	2537   1945 -999999 -999999 -999999 -999999 -999999 -999999 -999999 -999999 -999999 -999999 -999999 -999999 -999999 -999999 -999999 -999999 -999999 -999999 -999999 
	2537   1946 -999999 -999999 -999999 -999999 -999999 -999999 -999999 -999999 -999999 -999999 -999999 -999999 -999999 -999999 -999999 -999999 -999999 -999999 -999999 
	2537   1947 -999999 -999999 -999999 -999999 -999999 -999999 -999999 -999999 -999999 -999999 -999999 -999999 -999999 -999999 -999999 -999999 -999999 -999999 -999999 
	2537   1948 -999999 -999999 -999999 -999999 -999999 -999999 -999999 -999999 -999999 -999999 -999999 -999999 -999999 -999999 -999999 -999999 -999999 -999999 -999999 
	2537   1949 -999999 -999999 -999999 -999999 -999999 -999999 -999999 -999999 -999999 -999999 -999999 -999999 -999999 -999999 -999999 -999999 -999999 -999999 -999999 
	2537   1950 -999999 -999999 -999999 -999999 -999999 -999999 -999999 -999999 -999999 -999999 -999999 -999999 -999999 -999999 -999999 -999999 -999999 -999999 -999999 
	2537   1951 2200    -999999 1300    -999999 1100    700     2200    1000    400     900     1100    500     700     700     700     700     1900    300     700     
	2537   1952 1800    1400    1800    700     1800    700     1000    600     700     1400    1100    1800    500     700     500     1000    800     700     500     
	2537   1953 2000    2000    1400    1100    1600    1300    1100    700     1100    1600    1100    1300    1000    600     1300    600     1100    1100    800     
	2537   1954 2000    2000    1300    2000    1600    800     600     1100    900     1600    1200    1300    400     400     800     400     300     600     400     
	2537   1955 1700    1500    1700    1200    1200    1400    800     1200    1100    700     1200    400     800     1300    1300    700     800     400     300     
	2537   1956 1400    1200    1300    800     1400    700     1300    500     700     1200    1000    800     700     700     400     1300    900     800     600     
	2537   1957 1300    900     1100    700     1300    1100    1000    700     400     600     1000    800     1100    300     800     400     1000    600     600     
	2537   1958 1600    1600    1000    600     1600    1000    1600    500     200     1600    600     500     1000    700     500     500     800     1600    500     
	2537   1959 2600    2000    2400    2000    2400    1600    2600    500     1900    600     900     2400    1100    1600    1400    2000    1700    700     700     
	2537   1960 1800    1400    1800    400     1800    900     1100    200     400     1400    600     1200    900     300     300     900     300     300     300     
	2537   1961 1700    1000    1000    1000    1000    700     1700    700     1000    900     600     1000    700     500     700     700     800     1700    1500    
	2537   1962 2000    1700    1000    1200    1000    900     2000    400     1200    500     1000    400     900     500     600     400     2000    700     700     
	2537   1963 2300    2300    1200    1600    800     900     900     900     1600    700     500     800     600     700     500     900     900     500     1500    
	2537   1964 2400    2400    1100    1700    1800    900     1000    1700    600     1800    700     1100    500     900     500     800     700     900     300     
	2537   1965 1400    700     1100    700     900     1100    1400    500     700     600     500     600     700     600     1100    900     1400    1200    200     
	2537   1966 1700    1200    1700    1200    900     1100    1500    1200    1000    600     300     900     1100    300     600     1500    800     300     200     
	2537   1967 1800    1600    1800    1600    700     1800    1100    800     1600    700     700     300     1800    700     1100    1000    300     900     500     
	2537   1968 1700    1100    1700    800     1700    1000    1000    400     800     900     1700    700     1000    800     800     700     1000    1000    1600    
	2537   1969 2000    1900    1800    700     1300    1200    2000    600     700     1300    900     700     1000    1200    600     1500    2000    500     600     
	2537   1970 2000    1200    2000    800     1800    2000    1300    800     600     500     300     1800    2000    400     900     1300    1100    800     900     
	2537   1971 2100    700     1500    600     2100    1400    1700    600     600     600     1500    900     700     1300    600     1200    1100    600     700     
	2537   1972 2200    1600    1400    1300    1600    1200    2200    1000    800     1600    600     500     400     1200    600     800     1800    200     1000    
	2537   1973 2400    2000    2400    1100    2000    2400    1200    1100    600     2000    1000    700     2400    1000    2100    1200    800     400     300     
	2537   1974 3300    1100    2200    1000    3300    900     800     400     1000    1100    2200    600     800     300     900     800     500     400     600     
	2537   1975 2100    1200    2100    1100    1200    2100    1700    600     1100    600     900     1200    1000    700     1400    800     1700    400     700     
	2537   1976 2300    1300    2300    1300    1500    2300    900     500     1000    1100    1500    600     1600    1200    2200    600     700     700     300     
	2537   1977 2000    700     1800    600     1700    1500    2000    400     600     700     500     1700    1200    1500    600     1700    2000    300     1100    
	2537   1978 1800    1100    1800    1100    1300    1000    1500    1100    900     500     900     1200    1000    500     900     500     1500    900     800     
	2537   1979 1000    1000    800     1000    700     800     1000    1000    700     300     700     400     600     700     500     600     1000    400     400     
	2537   1980 1900    1500    1900    1400    1900    900     700     1300    1400    1400    800     1900    800     900     800     700     400     500     400     
	2537   1981 2000    800     2000    800     2000    1700    1100    700     700     500     2000    700     600     600     1700    1100    300     300     600     
	2537   1982 2200    1600    2200    1600    1900    1100    1800    1200    1600    1400    1000    800     600     1000    700     1800    800     500     400     
	2537   1983 1700    1600    1700    1600    1300    1700    1600    400     1600    1300    300     300     800     1600    1100    900     600     1300    600     
	2537   1984 2600    1300    2600    1100    1900    2600    1100    200     1100    1300    1900    1100    800     1200    2600    300     700     1100    500     
	2537   1985 2200    2200    1000    2200    900     500     2100    900     2200    400     900     600     500     400     400     800     2100    800     500     
	2537   1986 3000    3000    1600    2700    1000    1600    2100    700     2700    1000    700     800     1300    1000    500     1500    1000    600     400     
	2537   1987 1400    1400    1200    1400    1200    1200    800     1100    1400    1200    900     800     300     900     400     400     600     800     900     
	2537   1988 1800    800     1800    500     1800    1300    1400    500     500     200     1500    1800    1100    400     900     800     1400    700     500     
	2537   1989 2000    900     2000    900     1600    2000    1700    600     600     700     500     1600    1200    2000    600     900     400     1700    1100    
	2537   1990 2000    800     1700    700     1600    1700    2000    500     700     800     700     1600    1000    1700    900     500     2000    500     600     
	2537   1991 2400    2400    1800    2400    1600    1200    900     1100    1300    1200    800     1600    400     600     1200    700     900     800     1600    
	2537   1992 2300    1000    2300    1000    1900    2300    1600    900     700     400     900     1900    1200    1100    800     1200    500     300     1200    
	2537   1993 1900    1000    1300    900     1100    1300    1900    500     800     1000    1000    800     1300    600     800     500     1000    1600    200     
	2537   1994 1700    1700    1200    1700    900     1200    1700    500     1700    200     900     700     1000    1100    1100    500     1700    900     600     
	2537   1995 3000    1600    2700    500     1800    2700    2000    500     500     500     1300    800     1300    1100    2300    300     1900    1100    1900    
	2537   1996 2000    1800    2000    1600    2000    1000    1200    1600    900     1800    2000    600     800     1000    600     800     1200    400     800     
	2537   1997 2200    1800    2200    1800    2200    2000    1400    1800    300     800     2200    1000    600     800     2000    1400    900     600     400     
	2537   1998 1700    900     1700    900     1700    900     800     900     800     500     300     1700    200     500     900     800     200     800     300     
	2537   1999 1900    700     1900    700     1300    1300    1400    400     300     500     800     1300    800     900     500     1400    1000    400     200     
	2537   2000 1100    1100    900     1100    800     900     600     1100    300     600     600     800     800     900     600     600     400     200     600     
	2537   2001 1300    1000    1000    1000    1000    1000    600     1000    400     400     400     1000    700     900     700     300     600     300     1300    
	2537   2002 2300    1100    1600    1100    2300    800     1000    1000    300     1000    1300    1600    400     800     700     1000    500     600     1400    
	2537   2003 2300    2300    1800    2300    2000    1800    1500    500     2300    2000    1400    700     900     1200    1700    1000    1500    800     1000    
	2537   2004 1500    900     1500    900     1400    1500    1000    400     700     800     900     1400    700     600     900     1000    1000    300     1400    
	2537   2005 1600    1000    1200    1000    700     900     1600    500     600     500     600     700     800     900     500     800     1600    300     900     
	2537   2006 2000    1600    2000    1600    1300    1800    1900    1000    900     1300    900     1300    1800    800     200     1900    1100    600     900     
	2537   2007 4300    1000    3500    800     4300    1300    1200    400     500     800     3000    500     1300    400     700     500     1200    800     1400    
	2537   2008 1500    1500    1500    1500    1500    700     1000    300     1500    300     900     1500    600     400     700     1000    600     300     1200    
	2537   2009 2300    1200    2300    1200    1700    1100    2300    800     400     700     1700    700     900     200     900     2300    500     200     500     
	2537   2010 2400    800     2400    800     2400    1300    1200    800     700     500     2400    1600    1100    600     400     700     1200    700     700     
	2537   2011 2800    1600    2200    800     2200    600     2800    700     700     1600    1900    400     500     600     400     900     600     2800    500     
	2537   2012 2500    2200    1200    900     2500    800     1000    500     900     2200    700     700     700     700     800     1000    600     600     200     
	2537   2013 2200    1100    2200    900     1300    2200    1300    900     400     1100    1300    700     1100    2200    1200    1100    500     400     400     
	2537   2014 2000    1300    2000    600     1300    1300    2000    500     600     1300    500     800     1300    1000    700     2000    400     700     600     
	2537   2015 1300    1000    1200    900     1200    800     1300    400     900     1000    1200    800     700     500     800     600     900     400     300     
	2537   2016 1300    1300    1300    600     1300    1100    1300    300     600     1300    700     1100    1100    400     700     1300    1200    1000    600     
	2537   2017 1300    1200    1300    1200    1200    1300    1000    1200    1100    800     1000    1200    1300    400     500     1000    900     300     500     
	2537   2018 2000    2000    1800    1700    900     1800    2000    900     1700    700     900     800     600     1800    800     600     2000    700     500     
	2537   2019 1500    800     1500    700     1000    1500    700     400     700     700     1000    900     1000    900     1100    600     500     700     700     
	2537   2020 2800    1100    2700    700     2800    1100    1300    700     400     1100    2700    1000    800     500     1100    1300    800     800     400     
	2537   2021 -999999 -999999 1400    -999999 1400    1200    1100    -999999 1000    500     1400    500     1200    -999999 500     1100    500     400     800     
	2537   2022 3100    1900    3100    700     3100    1300    700     700     400     1500    2100    1000    900     900     1300    500     700     500     900     
	2537   2023 3500    1100    3500    1100    1600    1900    1100    600     1100    400     500     1600    1900    400     1100    1100    200     200     500     
	2537   2024 1100    -999999 1100    -999999 1000    1100    1100    500     -999999 1000    500     1000    800     400     700     1100    600     900     700     
	2537   2025 2700    1200    2700    1200    2700    2500    1200    700     900     1100    1400    2100    1100    700     2500    1000    600     700     1200    
	2537   2026 -999999 -999999 -999999 1100    -999999 -999999 -999999 1100    900     -999999 -999999 -999999 -999999 -999999 -999999 -999999 -999999 -999999 -999999 
	