EUROPEAN CLIMATE ASSESSMENT & DATASET (ECA&D), file created on: 17-05-2026
THESE DATA CAN BE USED FOR NON-COMMERCIAL RESEARCH AND EDUCATION PROVIDED THAT THE FOLLOWING SOURCE IS ACKNOWLEDGED: 

Klein Tank, A.M.G. and Coauthors, 2002. Daily dataset of 20th-century surface
air temperature and precipitation series for the European Climate Assessment.
Int. J. of Climatol., 22, 1441-1453.
Data and metadata available at http://www.ecad.eu

FILE FORMAT (MISSING VALUE CODE = -999999):

THIS FILE HOLDS DATA FOR STATION NETHERLANDS                              NIEUW BUINEN                             (STAID:   2480)
LATITUDE: dd:mm:ss +52:58:00
LONGITUDE: ddd:mm:ss +006:57:00
ELEVATION: m    7

DATA IS FOR INDEX Maximum no of consecutive dry days (RR < 1 mm) (CDD) with unit 0.01 No of days

01-06 SOUID: Source identifier
08-11 YEAR : YYYY
13-20 ANNUAL DATA VALUES
21-28 WINTER HALF YEAR DATA VALUES
29-36 SUMMER HALF YEAR DATA VALUES
37-44 WINTER (DJF) DATA VALUES
45-52 SPRING (MAM) DATA VALUES
53-60 SUMMER (JJA) DATA VALUES
61-68 AUTUMN (SON) DATA VALUES
69-76 JANUARY DATA VALUES
etc. 
157-164 DECEMBER DATA VALUES

2480   1891 -999999 -999999 -999999 -999999 -999999 -999999 1400    -999999 -999999 -999999 -999999 -999999 -999999 -999999 -999999 1100    600     900     1000    
	2480   1892 1800    1100    1500    900     1800    1000    1100    700     900     1100    1400    800     400     1000    600     400     400     1100    1100    
	2480   1893 2900    1400    1800    1000    2900    1800    800     1000    400     1400    1500    1200    1800    1000    600     500     600     800     600     
	2480   1894 3100    1900    1400    1500    3100    1100    1100    1400    900     1900    1200    1200    1000    500     800     1100    700     1000    700     
	2480   1895 2200    1100    2200    1000    1200    1700    1200    700     1000    900     1000    1200    900     700     1700    1200    400     800     900     
	2480   1896 2100    1400    2100    1400    1500    2100    1600    800     1300    800     1000    1400    500     2100    1000    400     200     1600    500     
	2480   1897 2700    1200    1800    1200    900     1500    2700    1200    600     300     900     900     1500    1300    500     1100    1300    1400    1400    
	2480   1898 1500    1100    1500    1100    1200    1500    1500    1100    400     1000    1200    800     900     900     1500    1000    1000    1500    700     
	2480   1899 2300    1700    2300    1300    1400    2200    1300    700     1300    1400    500     600     1800    800     1400    600     1300    900     700     
	2480   1900 2300    1600    2300    1500    2300    1200    900     500     1000    1100    1500    800     500     1200    600     900     500     900     700     
	2480   1901 1900    1800    1900    1800    1900    1800    1400    1800    1700    500     800     1900    800     1800    1100    1000    700     700     800     
	2480   1902 1700    1500    1300    1500    800     1300    1700    500     1500    700     700     800     1300    900     300     1200    500     1000    1200    
	2480   1903 1500    1200    1500    1200    900     1500    900     1200    600     800     200     900     1100    400     300     900     500     600     1400    
	2480   1904 1900    1300    1900    1100    1300    1900    1500    1100    700     1100    1300    1100    700     1900    700     1500    600     900     900     
	2480   1905 2000    2000    1800    2000    1800    1600    1000    2000    800     800     800     1800    1600    500     600     600     500     1000    1200    
	2480   1906 1800    700     1800    700     1800    1800    1400    700     600     600     1700    500     1000    1500    500     900     1400    500     1400    
	2480   1907 1600    1100    1600    1000    1600    1100    1600    1000    800     1100    1400    600     500     1100    700     1600    700     900     800     
	2480   1908 1800    1700    1500    1300    1700    1500    1800    900     1100    1700    500     500     1200    1100    400     1100    1400    1100    1200    
	2480   1909 1400    1100    1300    1100    1200    1300    1000    1000    1100    600     1100    1000    700     500     1300    700     700     600     1000    
	2480   1910 1500    1000    1000    800     1000    1000    1500    800     400     1000    700     900     900     900     1000    800     1500    700     600     
	2480   1911 2300    1200    2300    1200    2300    1500    1000    1200    500     900     2300    700     700     1200    1500    1000    600     800     600     
	2480   1912 2000    1300    2000    1300    2000    1500    1200    1300    1100    500     1800    500     400     1500    300     1200    1100    300     600     
	2480   1913 1800    1800    1800    1800    1300    1800    1200    1600    1700    400     900     700     400     900     1800    800     700     500     600     
	2480   1914 1900    1600    1900    1600    1300    1200    1000    1600    600     400     900     1300    1200    800     1100    1000    700     700     500     
	2480   1915 2100    900     1100    900     1000    1100    2100    400     900     700     700     1000    1100    700     700     900     2100    800     200     
	2480   1916 1700    1200    1700    1200    1200    1700    1400    700     600     1100    800     900     600     1500    900     1000    1400    1200    900     
	2480   1917 2900    2900    1900    2500    1700    1900    900     1500    1200    1700    900     900     1900    700     800     800     900     400     900     
	2480   1918 1900    1900    1000    1400    1700    1000    1400    900     600     1700    900     900     500     800     700     300     1000    900     500     
	2480   1919 2200    1500    2200    1500    2200    1600    1200    1300    1100    700     900     2200    1600    600     1200    1200    800     700     1100    
	2480   1920 2500    1300    1300    1300    1000    1300    2500    700     1300    1000    600     800     1300    500     700     1000    1600    1300    1600    
	2480   1921 3600    2200    2200    1500    2200    2100    3600    500     1500    2200    1200    2200    800     2100    800     1800    1800    2500    600     
	2480   1922 2900    2500    1400    2500    2900    1400    1400    2400    1200    2400    600     1300    1400    300     500     800     1400    900     500     
	2480   1923 1900    1900    1400    700     1900    1400    800     400     700     1900    1200    700     400     1400    1200    700     200     800     500     
	2480   1924 1600    1600    1100    1600    1300    1100    1000    1400    1000    1300    700     500     900     700     300     600     1000    1000    1200    
	2480   1925 1900    800     1900    800     1200    1700    800     800     400     400     900     1200    1700    700     1000    700     500     800     700     
	2480   1926 1200    800     1200    800     900     1200    800     700     800     700     600     400     800     600     800     800     600     400     1000    
	2480   1927 2600    1100    1500    1000    1400    800     1300    600     900     1100    500     900     800     600     600     900     1100    1300    2000    
	2480   1928 3100    3100    2100    1100    2000    2000    2000    500     1100    2000    1000    900     600     2000    400     2000    400     300     600     
	2480   1929 1500    1500    1500    1100    1500    1400    800     1100    1100    1500    1000    1400    700     1300    1400    800     600     500     600     
	2480   1930 2700    2100    2700    1400    1400    2100    1600    1400    1300    1000    700     600     2100    500     1300    800     1600    1000    800     
	2480   1931 1400    1400    1300    1400    1200    1300    1400    1300    1000    1200    700     600     900     500     700     1000    1200    700     1100    
	2480   1932 3600    3600    1600    3600    1900    1600    1000    1800    1800    1900    700     500     1300    500     1600    700     400     1000    2100    
	2480   1933 2400    2100    1600    2100    1100    1400    2400    2100    1600    1100    1100    800     1000    800     1300    1600    800     600     1700    
	2480   1934 2600    1900    2000    1900    1800    1600    2500    700     1900    1000    800     1500    700     1400    1400    1200    700     2500    700     
	2480   1935 1700    1600    1700    1400    1700    1100    500     1400    400     1600    500     1300    400     1100    900     500     500     500     600     
	2480   1936 2000    2000    1600    1600    2000    1600    900     1000    1600    2000    1200    1000    1600    500     900     500     800     600     700     
	2480   1937 2400    700     1300    700     1300    900     2400    700     200     400     800     500     400     600     900     400     1600    800     400     
	2480   1938 1700    1700    1500    500     1700    1500    1300    400     500     1700    700     1500    1500    700     1000    1300    900     500     1100    
	2480   1939 2500    1200    2500    1200    1500    1000    800     600     800     700     600     1500    1000    600     800     700     400     500     2000    
	2480   1940 2100    2100    1800    2100    1800    1100    900     2100    1000    500     800     1800    1100    200     500     900     700     400     600     
	2480   1941 2400    1100    1700    1100    1200    1700    2400    1100    600     1100    1000    1200    1500    800     200     1600    800     1300    500     
	2480   1942 3000    2000    3000    1500    3000    1200    1000    1500    1500    1100    2000    1000    1200    500     500     1000    400     600     700     
	2480   1943 3100    3100    1900    1300    1800    1900    1400    500     1300    1800    1400    1100    400     1800    500     900     1400    800     1000    
	2480   1944 2000    2000    1900    2000    700     1900    1200    300     2000    700     700     700     900     1200    1800    1200    800     300     1300    
	2480   1945 1900    1100    1400    500     1100    1200    1900    500     300     1100    800     1000    400     1200    700     1300    1900    600     500     
	2480   1946 1700    1500    1700    1500    1300    1700    1300    1500    400     1100    1100    1200    500     1300    600     700     1300    800     1700    
	2480   1947 2700    1600    2700    1600    1500    2500    1600    700     1200    600     1400    1500    700     1100    2500    400     1400    400     400     
	2480   1948 2100    2100    1400    1500    1400    1100    1300    300     1500    1100    1400    1100    900     1000    900     800     1300    900     1100    
	2480   1949 2200    1400    1700    1100    1600    1700    2200    800     1100    1400    800     900     1300    1000    600     1200    1000    500     500     
	2480   1950 1600    1400    1600    1400    800     1300    900     1400    300     500     800     800     1300    300     600     300     900     300     1500    
	2480   1951 3600    1500    1100    1500    1100    800     3600    1300    400     1000    1100    400     800     700     800     800     2900    300     700     
	2480   1952 1900    1700    1900    1700    1900    1000    1300    700     1700    900     1900    1400    600     1000    600     1300    700     600     600     
	2480   1953 2300    1600    1500    1100    1600    1000    1500    800     1100    1600    1100    1400    800     600     1000    700     1300    1500    800     
	2480   1954 1700    1700    1500    1700    1700    700     600     1100    700     1700    1200    1300    400     500     500     400     500     600     700     
	2480   1955 1600    1500    1600    1100    1200    1200    800     900     1100    600     1200    600     600     700     1200    800     700     400     300     
	2480   1956 4400    4400    1400    4400    1800    400     1400    3100    1300    1600    1300    800     400     400     400     1400    1000    1000    500     
	2480   1957 1400    1200    1400    1200    1400    1400    600     1200    400     600     1100    800     1400    700     600     400     500     600     900     
	2480   1958 1100    800     1000    600     800     900     1100    600     200     800     600     500     800     900     500     500     800     1100    500     
	2480   1959 2700    2000    2300    2000    2300    1700    2700    600     1400    600     1000    2300    1600    1600    1700    2000    1800    1300    800     
	2480   1960 1400    1400    1100    400     1400    700     800     300     400     1400    600     1100    700     400     300     800     300     300     500     
	2480   1961 1500    1000    1000    1000    900     700     1300    600     1000    900     800     600     700     500     700     700     800     1300    1500    
	2480   1962 2100    2000    1400    1100    1400    800     2100    400     1100    1100    1400    400     800     600     400     400     2100    1100    700     
	2480   1963 2300    2300    2000    1600    800     1200    1000    900     1600    700     400     800     1200    700     400     1000    700     500     1600    
	2480   1964 2400    2400    1100    1700    1800    1000    1000    1700    600     1800    700     1100    500     1000    800     400     800     900     300     
	2480   1965 1600    900     1100    800     900     1100    1600    600     600     600     500     600     800     800     1100    900     1400    1400    200     
	2480   1966 1600    1200    1600    1100    900     1100    1600    1100    600     900     300     900     1100    400     800     1500    800     800     200     
	2480   1967 1400    900     1300    900     800     1300    1400    900     900     700     800     400     1300    800     1100    700     300     1400    400     
	2480   1968 2600    1100    1800    800     1800    1000    1000    500     800     700     1800    700     1000    900     800     300     1000    1000    1900    
	2480   1969 2800    1900    2800    1000    1200    1900    2500    600     700     1200    1000    800     1100    1900    600     2500    2000    500     900     
	2480   1970 2000    1200    2000    800     1300    2000    1300    800     600     1100    300     1300    2000    400     900     1300    1100    800     600     
	2480   1971 2200    700     2200    600     2100    2200    1700    600     400     600     1500    900     900     2100    400     1200    1100    600     800     
	2480   1972 2200    1700    1300    1300    1700    1000    2200    1000    800     1700    600     700     500     1000    800     800     1800    300     1800    
	2480   1973 2200    1200    2000    1200    1000    2000    1200    1100    600     1000    800     700     1700    1000    2000    1200    800     500     800     
	2480   1974 3900    1100    2800    1000    3900    900     800     500     1000    1100    2800    600     800     400     900     800     200     400     500     
	2480   1975 2000    1200    2000    1100    1300    2000    1000    800     1100    700     900     1300    1000    700     1400    800     1000    500     1000    
	2480   1976 2500    1600    2500    1600    2500    2200    1000    500     1600    1100    2300    700     1600    1200    2200    500     1000    400     500     
	2480   1977 1800    800     1800    600     1500    1200    1800    500     400     700     500     1500    900     1200    600     1800    1400    300     700     
	2480   1978 2100    1100    1100    1100    1000    1100    2100    1100    1000    500     900     800     1100    900     900     400     1400    1100    800     
	2480   1979 1400    1400    1000    1400    1000    700     1000    900     1400    400     1000    800     600     700     500     1000    1000    300     400     
	2480   1980 1900    1500    1900    1500    1900    900     700     1500    1400    1400    800     1900    800     900     600     700     600     500     400     
	2480   1981 1400    800     1400    800     1300    1400    1000    700     800     500     1300    700     800     700     1400    1000    300     400     1400    
	2480   1982 1400    1400    1300    1400    1100    1100    1200    1400    1400    1000    1000    1100    1000    1100    700     1200    800     400     400     
	2480   1983 1800    1800    1300    1800    1200    1100    1700    400     1800    1200    400     200     1100    900     1100    900     400     1400    600     
	2480   1984 2500    1700    2500    900     1300    2500    1900    400     900     1300    1300    1100    800     700     2500    500     600     1600    500     
	2480   1985 2200    2200    900     2200    800     500     2100    900     2200    400     800     700     400     500     400     900     2100    1000    500     
	2480   1986 3200    3000    1600    2700    800     1600    3200    700     2700    800     700     400     700     900     1000    1500    1700    600     500     
	2480   1987 1400    1400    1100    1400    1200    1100    800     1000    1400    1200    900     700     300     800     500     400     600     800     800     
	2480   1988 2900    800     2700    500     2900    1100    1400    500     400     200     2700    1300    1100    200     900     800     1400    700     500     
	2480   1989 1600    1300    1600    1300    1600    1400    1300    1000    600     700     400     1600    1200    1400    600     900     400     1300    1100    
	2480   1990 1600    900     1600    900     1600    1100    1000    900     300     800     600     1600    1100    1000    900     600     1000    600     600     
	2480   1991 2700    1800    2000    1800    1100    1400    1100    1100    700     1100    700     900     400     600     1400    700     900     1100    1600    
	2480   1992 3400    1100    3400    800     1900    3400    1600    800     700     500     1100    1900    2300    1100    800     1200    500     500     1200    
	2480   1993 1800    1800    1600    1800    1600    1300    1800    400     1500    1500    800     900     1300    300     400     500     1000    1600    300     
	2480   1994 1600    1400    1600    1400    800     1600    1300    600     1400    200     800     600     600     1100    1000    600     1300    1000    500     
	2480   1995 2900    1300    2600    600     1900    2600    2100    600     500     500     1200    700     1300    800     2200    700     2100    1200    1700    
	2480   1996 1700    1700    1200    1600    1700    1000    1700    1600    900     1700    1200    600     800     1000    800     800     1700    400     800     
	2480   1997 2200    2000    2200    2000    2200    1600    1700    1800    300     1200    2200    900     600     1100    1600    1700    900     1200    500     
	2480   1998 1700    1000    1700    1000    1700    1600    800     1000    800     500     300     1700    200     400     1600    800     100     700     300     
	2480   1999 1900    700     1900    700     1400    1300    1400    400     300     500     800     1400    900     900     500     1400    1100    500     400     
	2480   2000 1000    1000    900     1000    900     800     600     1000    300     600     800     600     600     800     800     600     600     300     700     
	2480   2001 1300    1300    1200    1300    1200    700     1100    1300    300     600     500     1200    700     700     700     100     1100    300     1300    
	2480   2002 2300    1100    1500    1100    2300    800     1000    1000    500     1000    1300    800     400     700     800     1000    500     400     1300    
	2480   2003 2300    2300    2200    2300    2200    1900    1500    600     2300    2000    2200    700     1000    1200    1800    1000    1500    1000    1000    
	2480   2004 2200    1500    2200    1300    2200    1500    1300    400     1300    1100    900     2200    600     600     900     1000    1300    300     1400    
	2480   2005 1900    1300    1900    700     800     1100    1800    700     600     500     600     800     1100    900     500     1400    1800    400     500     
	2480   2006 2600    1300    2600    1100    1500    2400    1200    1000    900     1300    900     1500    2400    1000    400     1200    500     600     900     
	2480   2007 4300    800     3500    700     4300    800     1300    400     700     800     3000    500     800     300     800     500     1300    700     1100    
	2480   2008 1700    1500    1700    1500    1700    800     900     400     1500    400     1700    1400    800     400     700     900     600     600     1200    
	2480   2009 1700    1200    1700    1200    1700    900     1400    800     500     800     1700    500     600     500     900     1400    700     200     500     
	2480   2010 2900    800     2900    800     1700    2900    800     800     700     500     1700    1700    2000    900     400     700     800     800     500     
	2480   2011 3800    1600    1600    800     1600    700     3800    700     800     1600    1600    900     400     700     300     1200    1200    2600    500     
	2480   2012 1900    1600    1300    1600    1900    1200    1000    500     1100    1400    500     1300    600     700     600     1000    600     700     300     
	2480   2013 2200    1400    2100    900     2200    2100    1300    900     700     1400    800     700     1100    2100    1200    1100    400     900     400     
	2480   2014 1500    1500    1200    700     1400    1200    800     700     500     1400    600     700     900     600     600     800     500     700     600     
	2480   2015 1600    1600    1300    1600    1300    1000    1400    400     1600    1000    1300    800     700     300     1000    600     1000    400     300     
	2480   2016 2400    1500    2400    500     1500    800     2400    200     500     1500    800     1200    800     300     700     2400    1500    1000    900     
	2480   2017 1400    1400    1300    1400    1100    1300    1100    1400    800     1100    1000    700     1300    700     800     1100    700     500     500     
	2480   2018 1800    1700    1800    1400    900     1800    1800    400     1400    800     900     800     600     1800    800     600     1800    800     500     
	2480   2019 1900    1900    1900    1800    1900    1500    700     400     1800    600     1900    900     1000    1000    1000    400     600     700     700     
	2480   2020 4600    1900    2700    700     4600    1000    1400    700     500     1900    2700    900     700     700     1000    1400    600     1200    500     
	2480   2021 -999999 -999999 1400    -999999 1400    1300    1100    -999999 1000    800     1400    400     1300    800     500     1100    500     400     1000    
	2480   2022 1700    1600    1700    600     1600    1600    900     400     400     1200    1400    1000    900     1000    1600    500     900     500     1000    
	2480   2023 3900    1100    3900    1100    2000    1900    1000    1000    1100    400     500     2000    1900    300     1200    1000    400     200     500     
	2480   2024 1200    -999999 1200    -999999 1000    800     1200    500     -999999 1000    400     1000    800     400     700     1200    500     900     700     
	2480   2025 2700    2200    2700    1200    2700    2200    1200    1100    1000    2100    1400    2100    1200    500     2200    1000    500     800     1200    
	2480   2026 -999999 -999999 -999999 700     -999999 -999999 -999999 700     600     -999999 -999999 -999999 -999999 -999999 -999999 -999999 -999999 -999999 -999999 
	