EUROPEAN CLIMATE ASSESSMENT & DATASET (ECA&D), file created on: 17-05-2026
THESE DATA CAN BE USED FOR NON-COMMERCIAL RESEARCH AND EDUCATION PROVIDED THAT THE FOLLOWING SOURCE IS ACKNOWLEDGED: 

Klein Tank, A.M.G. and Coauthors, 2002. Daily dataset of 20th-century surface
air temperature and precipitation series for the European Climate Assessment.
Int. J. of Climatol., 22, 1441-1453.
Data and metadata available at http://www.ecad.eu

FILE FORMAT (MISSING VALUE CODE = -999999):

THIS FILE HOLDS DATA FOR STATION NETHERLANDS                              MAKKUM                                   (STAID:    504)
LATITUDE: dd:mm:ss +53:04:00
LONGITUDE: ddd:mm:ss +005:25:00
ELEVATION: m    0

DATA IS FOR INDEX Maximum no of consecutive dry days (RR < 1 mm) (CDD) with unit 0.01 No of days

01-06 SOUID: Source identifier
08-11 YEAR : YYYY
13-20 ANNUAL DATA VALUES
21-28 WINTER HALF YEAR DATA VALUES
29-36 SUMMER HALF YEAR DATA VALUES
37-44 WINTER (DJF) DATA VALUES
45-52 SPRING (MAM) DATA VALUES
53-60 SUMMER (JJA) DATA VALUES
61-68 AUTUMN (SON) DATA VALUES
69-76 JANUARY DATA VALUES
etc. 
157-164 DECEMBER DATA VALUES

504    1950 -999999 -999999 -999999 -999999 -999999 -999999 -999999 -999999 -999999 -999999 -999999 -999999 -999999 -999999 -999999 -999999 -999999 -999999 -999999 
	504    1951 2400    -999999 1600    -999999 1100    1100    2400    600     700     900     1100    500     1000    1100    400     900     1900    400     1300    
	504    1952 1500    1000    1500    900     1500    900     800     600     900     1000    1200    1500    700     900     600     600     800     600     700     
	504    1953 3600    3600    1100    1100    2700    1100    1600    1100    900     2700    1100    800     600     600     800     700     1200    1600    800     
	504    1954 2800    1800    2800    1800    2800    800     600     1100    700     1700    2600    1300    500     400     800     300     500     600     500     
	504    1955 1700    1500    1700    1100    1200    1400    800     900     1100    800     1200    400     800     1300    1300    800     800     700     500     
	504    1956 1400    1100    1400    700     1400    1000    1400    500     700     1100    800     1200    1000    400     400     1400    800     800     600     
	504    1957 1500    1100    1500    1100    1500    1100    1000    1100    300     500     1200    800     1100    300     700     500     1000    800     600     
	504    1958 2500    1300    1100    600     1300    1000    2100    500     400     1300    600     500     1000    900     600     500     1000    2100    400     
	504    1959 3500    2000    3500    2000    2800    1700    2500    600     1900    500     1300    2800    1700    1600    700     2500    1700    700     500     
	504    1960 1500    1500    1300    400     1500    600     900     300     400     1500    900     1200    600     400     600     900     200     400     300     
	504    1961 1500    800     1200    800     900     900     1400    600     800     600     700     900     700     600     900     600     1200    1400    1500    
	504    1962 2200    1200    1600    1100    1400    1600    2200    500     1100    800     900     500     1600    800     500     300     2200    600     700     
	504    1963 6800    6800    1700    6000    800     800     1700    3100    2800    800     600     600     700     700     200     1700    900     500     1700    
	504    1964 2400    2400    1100    1300    1800    1000    1000    1300    1000    1800    800     1100    600     1000    500     800     600     900     500     
	504    1965 1800    700     1800    600     800     1800    1300    500     600     600     400     700     800     300     1800    1000    1300    600     300     
	504    1966 1600    1000    1600    1000    1400    1000    1500    1000    500     600     300     1400    1000    600     800     1500    800     300     300     
	504    1967 1100    1000    1100    1000    800     1100    1100    1000    800     700     800     400     900     900     1100    300     200     1100    500     
	504    1968 1800    1000    1800    800     1800    1000    900     400     800     900     1800    700     1000    700     800     400     900     700     1500    
	504    1969 1900    1300    1700    900     1300    1300    1900    900     400     1300    900     500     1300    1300    600     1500    1900    200     600     
	504    1970 3100    1400    3100    900     1600    2600    1300    900     400     800     300     1600    2600    500     900     1200    1300    700     1200    
	504    1971 2300    1000    2300    1000    2100    2300    1600    600     700     600     1500    900     900     2100    600     1200    1200    400     900     
	504    1972 3200    1800    1900    1300    1800    1200    3200    1000    800     1800    700     800     300     1200    1100    1400    1800    300     1800    
	504    1973 2300    1100    2300    700     1100    2300    1200    700     600     1100    800     600     2300    1000    2100    1200    900     500     500     
	504    1974 3500    1100    2400    1100    3500    900     500     500     1100    1100    2400    900     800     500     900     500     500     400     500     
	504    1975 2100    1200    2100    1100    900     2100    2000    700     1100    600     900     900     1200    900     1400    500     1800    700     700     
	504    1976 2500    1600    2500    1600    1800    2500    700     500     1600    1200    1300    800     1100    1200    2500    700     600     400     400     
	504    1977 1900    700     1900    500     1800    1100    1200    400     500     700     600     1800    1100    1100    600     1200    1100    300     700     
	504    1978 1300    900     1300    900     1300    1200    1100    800     900     700     1300    900     600     1200    800     700     1000    900     800     
	504    1979 1300    900     1300    900     600     800     1300    900     800     300     600     500     800     700     800     1300    1100    500     400     
	504    1980 2100    1600    2100    1400    2100    1200    900     1400    1400    600     1600    2100    600     1100    900     900     500     500     500     
	504    1981 2500    1200    2100    1200    2500    1500    1000    500     1200    500     2000    900     500     700     1500    1000    200     600     700     
	504    1982 2300    1400    2300    1400    1600    2300    1300    1200    1400    900     1600    1100    600     1600    700     1300    500     500     400     
	504    1983 2100    1600    2100    1600    1300    2100    1700    400     1600    1300    400     200     1100    2100    1600    900     300     1400    500     
	504    1984 2800    1300    2800    1100    2100    2600    700     600     1100    1300    1900    600     800     1100    2600    300     700     400     500     
	504    1985 2200    2200    1000    2200    900     700     2200    500     2200    400     800     900     500     600     500     900     2200    900     400     
	504    1986 2500    2500    1500    2500    1400    1400    2100    400     2100    1400    1200    500     700     1000    1400    1500    700     400     500     
	504    1987 1300    1300    1200    1300    1300    1200    900     1300    1300    1300    900     900     800     900     300     500     500     800     600     
	504    1988 1800    900     1800    900     1800    1100    1000    300     900     300     1500    1800    1100    400     700     600     1000    700     500     
	504    1989 1800    1700    1800    1700    1800    1800    1300    1400    600     700     500     1800    1800    800     1000    800     400     1300    800     
	504    1990 1900    800     1900    700     1900    1800    900     500     700     800     600     1900    1200    1800    900     600     900     500     600     
	504    1991 2100    2100    2100    2100    1200    2100    1300    1100    1000    1200    800     1100    500     600     1500    1300    800     400     1600    
	504    1992 1700    1300    1700    1300    1700    1100    800     1200    1200    400     1100    1700    1100    700     500     700     800     300     1300    
	504    1993 2000    1800    2000    1800    2000    1000    1800    500     1500    1000    1000    1200    900     300     600     400     1000    1400    200     
	504    1994 1600    1000    1300    1000    1000    1300    1600    400     1000    300     900     700     500     1300    700     600     1600    900     300     
	504    1995 2300    1600    2300    500     1800    2300    2000    300     500     800     1000    800     1300    700     2100    300     2000    1100    1100    
	504    1996 3000    3000    2000    3000    2200    1000    1200    2200    800     2200    2000    600     800     1000    800     1200    800     300     800     
	504    1997 2000    1800    1700    1800    1600    1700    1500    1800    300     700     1600    1000    600     1300    1700    1500    800     400     400     
	504    1998 1600    1300    1600    1300    1400    1600    700     800     1300    800     300     1400    300     600     1600    700     400     500     300     
	504    1999 2000    600     2000    600     1500    1300    1400    300     400     500     1000    500     900     900     600     1400    1100    700     200     
	504    2000 2200    1300    2200    1300    800     2200    600     1300    400     500     700     800     700     1600    600     600     400     300     600     
	504    2001 1800    1000    1800    1000    1200    1800    400     1000    900     500     400     1200    900     1200    500     200     300     400     1300    
	504    2002 2300    1000    1300    1000    2300    900     1000    1000    500     1000    1300    1000    700     600     900     1000    600     600     1300    
	504    2003 2800    2300    2800    2300    2300    2800    1500    500     2300    2300    1000    700     1000    1200    2600    1500    1000    800     1000    
	504    2004 1900    1500    1500    1100    1400    1500    1000    300     1100    1100    1100    1400    1300    600     900     1000    700     400     1500    
	504    2005 1400    1100    1400    800     1100    1000    1000    500     600     1100    600     800     800     900     1000    900     1000    400     700     
	504    2006 2400    1400    2400    1400    1500    1200    2400    1100    1000    1300    900     1500    1200    1100    300     2400    700     400     900     
	504    2007 4600    1100    3500    900     4600    1300    1200    500     500     1100    3000    500     1200    400     1100    1000    1200    900     1700    
	504    2008 2200    1500    2200    1500    2200    800     900     300     1500    300     2200    1400    700     300     800     900     700     600     1200    
	504    2009 2400    1200    2400    1000    1400    900     2400    800     600     1200    1400    800     800     400     900     2400    500     200     500     
	504    2010 2400    700     2400    600     2400    1300    800     600     600     700     2400    1600    1200    1100    400     300     800     600     900     
	504    2011 2700    1600    2700    700     2700    700     2000    700     700     1600    1900    800     400     700     600     900     600     2000    500     
	504    2012 1700    1400    1400    900     1700    1000    1000    500     900     1400    700     1400    600     700     700     1000    500     500     200     
	504    2013 2300    2000    2300    1300    1800    2300    1300    800     1300    1000    1500    700     1100    2300    1200    1100    500     400     400     
	504    2014 2000    1700    2000    500     1700    1100    1900    500     500     1700    800     600     900     1100    300     1900    700     600     600     
	504    2015 1500    1000    1500    900     1500    800     1300    600     900     1000    1500    900     800     700     800     600     1000    300     400     
	504    2016 2400    1600    2400    500     1600    1000    2400    200     500     1600    600     1100    800     1000    900     2400    900     900     700     
	504    2017 2200    1100    1300    800     2200    1300    900     800     600     1100    1100    900     1300    500     900     900     900     300     800     
	504    2018 3400    1700    3400    1400    1000    3400    1800    400     1400    500     900     1000    1200    2500    600     600     1800    700     800     
	504    2019 2100    2000    2100    1800    2100    2000    600     600     1800    700     2100    1400    1100    1000    900     600     500     600     700     
	504    2020 4800    2100    2700    300     4800    1600    1300    300     300     2100    2700    1900    900     900     1200    1300    400     900     400     
	504    2021 -999999 -999999 -999999 -999999 1700    -999999 2600    -999999 1000    900     1700    500     1200    -999999 500     2600    500     700     1000    
	504    2022 3100    1900    3100    900     3100    1500    700     900     400     1500    2100    1000    900     1300    1500    500     700     500     700     
	504    2023 3500    1100    3500    1100    1600    1900    1100    600     1100    400     800     1600    1900    500     1100    1100    1000    300     500     
	504    2024 1300    -999999 1300    -999999 1100    1300    1100    600     -999999 500     500     1100    1300    600     1000    1100    700     900     600     
	504    2025 2700    2300    2700    1200    2700    1600    1100    1100    1000    2200    1100    2100    1100    700     1600    900     500     700     1200    
	504    2026 -999999 -999999 -999999 1100    -999999 -999999 -999999 1100    500     -999999 -999999 -999999 -999999 -999999 -999999 -999999 -999999 -999999 -999999 
	