EUROPEAN CLIMATE ASSESSMENT & DATASET (ECA&D), file created on: 17-05-2026
THESE DATA CAN BE USED FOR NON-COMMERCIAL RESEARCH AND EDUCATION PROVIDED THAT THE FOLLOWING SOURCE IS ACKNOWLEDGED: 

Klein Tank, A.M.G. and Coauthors, 2002. Daily dataset of 20th-century surface
air temperature and precipitation series for the European Climate Assessment.
Int. J. of Climatol., 22, 1441-1453.
Data and metadata available at http://www.ecad.eu

FILE FORMAT (MISSING VALUE CODE = -999999):

THIS FILE HOLDS DATA FOR STATION NETHERLANDS                              DE HAUKES                                (STAID:   2385)
LATITUDE: dd:mm:ss +52:52:59
LONGITUDE: ddd:mm:ss +004:55:59
ELEVATION: m   -1

DATA IS FOR INDEX Maximum no of consecutive dry days (RR < 1 mm) (CDD) with unit 0.01 No of days

01-06 SOUID: Source identifier
08-11 YEAR : YYYY
13-20 ANNUAL DATA VALUES
21-28 WINTER HALF YEAR DATA VALUES
29-36 SUMMER HALF YEAR DATA VALUES
37-44 WINTER (DJF) DATA VALUES
45-52 SPRING (MAM) DATA VALUES
53-60 SUMMER (JJA) DATA VALUES
61-68 AUTUMN (SON) DATA VALUES
69-76 JANUARY DATA VALUES
etc. 
157-164 DECEMBER DATA VALUES

2385   1939 -999999 -999999 -999999 -999999 -999999 -999999 -999999 -999999 -999999 -999999 -999999 -999999 -999999 -999999 -999999 -999999 500     400     1300    
	2385   1940 2200    2200    2100    2200    2100    1000    900     2000    1500    700     600     2100    1000    500     600     900     800     500     600     
	2385   1941 1600    1500    1600    1500    1400    1000    1600    1100    800     1100    1000    800     1000    900     200     1600    700     600     800     
	2385   1942 3200    3200    3000    1900    3000    1100    600     1900    1600    1600    2000    1000    1100    500     600     600     300     600     800     
	2385   1943 3700    3700    2100    1400    2300    2100    1400    800     1400    2300    1800    1100    1000    1900    600     500     1000    500     1500    
	2385   1944 -999999 1900    -999999 1900    1300    -999999 -999999 600     1900    800     1000    800     800     1500    -999999 -999999 -999999 -999999 -999999 
	2385   1945 -999999 -999999 -999999 -999999 -999999 -999999 -999999 -999999 -999999 -999999 -999999 -999999 -999999 -999999 -999999 -999999 -999999 -999999 -999999 
	2385   1946 -999999 -999999 -999999 -999999 -999999 -999999 -999999 -999999 -999999 -999999 -999999 -999999 -999999 -999999 -999999 -999999 -999999 -999999 -999999 
	2385   1947 -999999 -999999 -999999 -999999 -999999 -999999 -999999 -999999 -999999 -999999 -999999 -999999 -999999 -999999 -999999 -999999 -999999 -999999 -999999 
	2385   1948 -999999 -999999 -999999 -999999 -999999 -999999 -999999 -999999 -999999 -999999 -999999 -999999 -999999 -999999 -999999 -999999 -999999 -999999 -999999 
	2385   1949 -999999 -999999 -999999 -999999 -999999 -999999 -999999 -999999 -999999 -999999 -999999 -999999 -999999 -999999 -999999 -999999 -999999 -999999 -999999 
	2385   1950 -999999 -999999 -999999 -999999 -999999 -999999 -999999 -999999 -999999 -999999 -999999 -999999 -999999 -999999 -999999 -999999 -999999 -999999 -999999 
	2385   1951 2300    -999999 1600    -999999 1100    1000    2300    400     400     900     1100    500     1000    900     400     600     1900    400     1300    
	2385   1952 1900    1000    1900    900     1900    1300    800     500     900     1000    1200    1900    1300    900     600     600     800     600     800     
	2385   1953 4300    4300    1500    1600    2700    1000    1600    800     1600    2700    1100    1400    500     600     1000    600     800     1600    800     
	2385   1954 3000    1700    3000    1700    3000    800     600     1100    600     1200    2600    1400    500     400     800     400     500     600     600     
	2385   1955 1700    1500    1700    1100    1200    1400    800     900     1100    800     1200    800     700     1300    1300    800     700     700     500     
	2385   1956 2400    1000    2400    800     2400    700     800     500     800     1000    1600    800     700     300     400     800     800     800     600     
	2385   1957 1500    1200    1500    1200    1500    1100    1000    1200    500     600     1200    800     1100    300     700     500     1000    800     1100    
	2385   1958 2000    1300    1000    600     1300    1000    2000    500     400     1300    500     600     1000    800     400     500     900     2000    400     
	2385   1959 2600    2100    2200    2100    1500    1700    2600    700     2000    700     1300    1500    1700    1400    1400    2000    1700    700     500     
	2385   1960 1500    1100    1500    500     1500    900     1000    300     500     1100    1500    1200    900     400     500     1000    200     400     400     
	2385   1961 1500    1500    1200    1000    1500    900     1500    600     1000    1500    500     1000    700     600     900     700     1500    800     700     
	2385   1962 2200    1200    2200    1100    1400    1700    2100    500     1100    600     900     500     1700    800     500     400     2100    700     700     
	2385   1963 2400    2400    1500    1600    900     900     1500    1300    1600    800     600     900     700     800     300     1500    1100    700     1600    
	2385   1964 2300    2300    900     1900    1800    900     1000    1900    500     1800    800     800     600     900     500     600     600     900     400     
	2385   1965 1200    800     1200    700     800     1200    1200    500     700     600     400     800     800     800     1200    700     1200    600     300     
	2385   1966 1600    1100    1600    1100    1400    1000    1500    1100    400     600     400     1400    1000    300     700     1500    800     300     200     
	2385   1967 1400    1000    1400    1000    800     1400    1000    1000    800     700     800     400     900     1400    1100    600     300     1000    400     
	2385   1968 1700    1200    1700    800     1700    1000    1100    400     800     900     1700    500     1000    700     800     1100    800     700     1400    
	2385   1969 2500    1200    2500    1100    1200    2200    2500    1100    500     1200    900     700     1100    2100    900     2500    1900    200     700     
	2385   1970 2500    1300    2500    700     1600    2000    1300    700     500     800     300     1600    2000    600     900     1300    1200    700     1200    
	2385   1971 2400    1200    2400    1200    2200    1600    2300    600     800     700     1500    600     900     1500    900     2300    1200    400     1700    
	2385   1972 3100    1800    1900    1400    1800    1200    3100    1000    900     1800    800     700     200     1200    1100    1300    1800    300     1800    
	2385   1973 2600    2100    2300    1000    2100    2300    1300    1000    600     2100    800     900     2300    500     2100    1300    900     700     400     
	2385   1974 3700    1300    2400    900     3700    1500    500     500     900     1300    2400    700     800     600     1500    500     200     400     300     
	2385   1975 2100    1200    2100    1100    900     2100    1800    800     1100    600     900     800     1400    700     1400    500     1800    500     700     
	2385   1976 2500    1300    2500    1300    2500    2300    1100    500     1000    1100    2300    800     1600    1200    2300    500     1100    500     400     
	2385   1977 1900    800     1900    500     1800    1500    1300    400     500     400     500     1800    900     1500    700     1300    1100    600     600     
	2385   1978 1600    800     1600    800     1600    1500    900     700     800     500     1600    900     800     1100    1500    700     800     900     800     
	2385   1979 1200    800     1100    800     800     1100    1200    700     800     300     500     800     800     700     1100    1000    1200    400     400     
	2385   1980 3100    1900    3100    1400    3100    900     900     1400    1400    1100    1600    2600    600     900     600     900     400     500     400     
	2385   1981 2500    1200    2000    1200    2500    1700    1000    500     1200    500     2000    600     800     700     1700    1000    200     600     700     
	2385   1982 2000    1600    2000    1600    1600    2000    1300    1200    1600    1500    1600    1400    600     1600    400     1300    800     500     500     
	2385   1983 2100    1600    2100    1600    1300    2100    1600    400     1600    1300    300     200     1300    2100    1000    900     600     1300    600     
	2385   1984 2900    1300    2900    1100    1900    2800    600     400     1100    1300    1900    500     1000    1200    2800    300     600     400     500     
	2385   1985 2200    2200    1000    2200    1000    700     1800    600     2200    500     800     1000    600     600     500     900     1800    900     400     
	2385   1986 3500    3500    2100    3200    1500    2100    2100    400     2800    1500    1200    500     2000    1500    1100    1500    600     600     500     
	2385   1987 1200    1200    1200    1200    1200    1200    800     1200    1100    1200    1000    700     800     900     400     400     400     800     700     
	2385   1988 2000    1100    2000    1100    1500    2000    900     400     1100    300     1100    1500    2000    400     900     600     900     700     600     
	2385   1989 1800    1300    1800    1300    1800    1800    1200    1000    600     700     500     1800    1800    1300    1000    1000    400     1200    800     
	2385   1990 2600    900     2600    700     1900    2600    900     500     700     900     500     1900    900     2200    800     600     900     500     600     
	2385   1991 2500    2100    2200    2100    1500    900     1300    1100    1000    1200    800     1500    600     600     900     1300    700     900     1600    
	2385   1992 1900    1300    1900    1300    1700    1900    700     1200    700     500     900     1700    1200    1100    800     600     700     600     1300    
	2385   1993 2100    1800    2100    1800    1600    2100    700     500     1500    1500    800     800     1300    800     600     400     500     700     300     
	2385   1994 1800    1800    1000    1800    1000    1000    1700    500     1800    500     900     700     500     1000    800     600     1700    1000    300     
	2385   1995 2700    1700    2700    500     1700    2700    2100    200     500     500     900     800     1300    700     2300    400     2100    1100    1100    
	2385   1996 3000    3000    2800    3000    2800    1300    800     2200    800     1500    2000    800     900     1300    1000    800     800     300     1200    
	2385   1997 3000    1900    2000    1900    1900    2000    1700    1800    400     900     1900    900     700     1000    2000    1700    900     600     400     
	2385   1998 1600    1300    1600    1300    1400    1600    700     800     1300    1200    300     1400    200     400     1600    700     400     700     300     
	2385   1999 2000    600     2000    600     1300    1500    1400    300     400     600     900     700     900     1500    600     1400    1200    500     200     
	2385   2000 2200    1500    2200    1500    1500    2200    600     1500    300     800     600     1500    900     1600    600     600     400     300     600     
	2385   2001 1800    900     1800    900     1200    1800    700     900     900     500     400     1200    900     1200    500     200     400     700     1000    
	2385   2002 2300    1000    1300    1000    2300    1000    1000    900     500     1000    1300    700     600     700     1000    1000    500     600     1200    
	2385   2003 2300    2300    2300    2200    2300    1800    1400    600     2200    2300    2300    700     1000    1300    1700    1100    1400    800     1000    
	2385   2004 1600    1000    1500    1000    1400    1500    900     300     700     1000    1100    1400    1400    600     900     900     900     400     1400    
	2385   2005 1300    700     1300    700     900     1300    1000    600     700     500     600     900     1300    900     500     800     1000    400     500     
	2385   2006 2100    1400    2100    1400    1500    1200    2100    1100    1100    1400    900     1500    1200    1100    300     2100    1100    600     900     
	2385   2007 4600    1100    3500    800     4600    1300    1200    400     500     1100    3000    500     600     400     1100    500     1200    500     1400    
	2385   2008 1600    1500    1600    1500    1500    800     1600    400     1500    300     1100    1500    800     300     800     1600    900     600     1200    
	2385   2009 2400    1200    2400    900     1400    1500    2400    800     600     1200    1400    700     1100    400     900     2400    500     200     600     
	2385   2010 2500    1100    2500    1100    2500    900     800     900     1100    900     2500    1700    900     900     400     500     800     800     1500    
	2385   2011 2700    1900    2700    1200    2700    900     2000    1200    700     1900    1900    800     400     700     400     400     600     2000    500     
	2385   2012 1900    1400    1100    900     1900    1000    1000    500     900     1400    700     900     600     700     800     1000    500     600     200     
	2385   2013 2200    1600    2200    1600    2100    2200    1300    1600    900     1300    1400    700     1100    2200    1200    1100    500     300     500     
	2385   2014 2000    1700    2000    500     1700    1400    1900    500     500     1700    500     800     1400    1100    400     1900    300     600     400     
	2385   2015 1700    1700    1200    1700    1200    1100    1000    400     1700    1000    1200    900     1100    400     900     600     600     400     400     
	2385   2016 1600    1600    1100    500     1600    1000    1100    500     500     1600    600     1100    900     1000    500     1000    1100    900     1000    
	2385   2017 2200    1300    1100    1300    2200    1100    900     1300    800     1100    1100    900     1100    500     900     900     700     400     400     
	2385   2018 4000    1200    4000    900     1500    4000    1800    400     900     500     900     1500    1300    2700    900     600     1800    1500    800     
	2385   2019 2000    2000    2000    1800    2000    1900    600     500     1800    1400    2000    1700    1000    1000    1200    600     500     600     700     
	2385   2020 2100    1000    2100    700     2100    900     1600    700     300     1000    2100    1000    700     900     900     1600    600     800     400     
	2385   2021 2200    1600    2200    900     1300    1200    1300    300     900     900     1300    500     1200    1000    900     1300    400     400     600     
	2385   2022 3100    1400    3100    900     3100    1500    600     900     400     1400    2100    1000    900     1300    1500    400     600     500     600     
	2385   2023 3900    1100    3900    1100    2000    1900    1000    600     1100    300     600     2000    1900    500     1100    1000    700     300     500     
	2385   2024 1400    900     1400    700     1100    1400    1200    700     500     900     400     1100    1400    600     700     700     500     900     700     
	2385   2025 2700    1400    2700    1200    2700    1600    1100    1200    900     1400    1100    2100    1100    700     1600    1000    1000    700     1200    
	2385   2026 -999999 1000    -999999 600     -999999 -999999 -999999 500     500     1000    800     -999999 -999999 -999999 -999999 -999999 -999999 -999999 -999999 
	