EUROPEAN CLIMATE ASSESSMENT & DATASET (ECA&D), file created on: 17-05-2026
THESE DATA CAN BE USED FOR NON-COMMERCIAL RESEARCH AND EDUCATION PROVIDED THAT THE FOLLOWING SOURCE IS ACKNOWLEDGED: 

Klein Tank, A.M.G. and Coauthors, 2002. Daily dataset of 20th-century surface
air temperature and precipitation series for the European Climate Assessment.
Int. J. of Climatol., 22, 1441-1453.
Data and metadata available at http://www.ecad.eu

FILE FORMAT (MISSING VALUE CODE = -999999):

THIS FILE HOLDS DATA FOR STATION NETHERLANDS                              NIEKERK                                  (STAID:   2479)
LATITUDE: dd:mm:ss +53:13:00
LONGITUDE: ddd:mm:ss +006:21:00
ELEVATION: m    1

DATA IS FOR INDEX Maximum no of consecutive dry days (RR < 1 mm) (CDD) with unit 0.01 No of days

01-06 SOUID: Source identifier
08-11 YEAR : YYYY
13-20 ANNUAL DATA VALUES
21-28 WINTER HALF YEAR DATA VALUES
29-36 SUMMER HALF YEAR DATA VALUES
37-44 WINTER (DJF) DATA VALUES
45-52 SPRING (MAM) DATA VALUES
53-60 SUMMER (JJA) DATA VALUES
61-68 AUTUMN (SON) DATA VALUES
69-76 JANUARY DATA VALUES
etc. 
157-164 DECEMBER DATA VALUES

2479   1904 -999999 -999999 -999999 -999999 -999999 -999999 -999999 -999999 -999999 -999999 -999999 -999999 -999999 -999999 -999999 -999999 -999999 -999999 -999999 
	2479   1905 1400    -999999 1400    -999999 800     1400    600     1000    700     700     700     800     800     1000    600     500     200     600     800     
	2479   1906 1800    800     1700    800     1800    1200    1000    800     500     700     1700    500     1200    1000    500     1000    600     500     1000    
	2479   1907 1500    1000    1300    1000    1500    1300    1300    1000    800     1000    600     600     300     1300    500     1300    400     1100    800     
	2479   1908 1800    1700    1800    1100    1700    1800    1400    900     1100    1700    400     500     1200    1000    400     900     1400    800     1100    
	2479   1909 2300    2300    1200    1200    1200    1000    900     1200    1200    1100    900     1200    500     400     1000    600     400     600     900     
	2479   1910 2400    1200    1200    1000    2400    1200    1900    1000    900     1200    1200    900     1100    900     1100    600     1800    300     500     
	2479   1911 1500    1100    1500    1100    1500    1500    500     1000    800     700     1500    1100    700     1200    1500    500     500     500     300     
	2479   1912 1900    800     1900    800     1900    1500    1000    800     700     500     1800    400     600     1500    300     1000    1000    400     500     
	2479   1913 1800    1200    1800    1200    1200    1800    1100    1100    1000    400     800     600     800     900     1800    1000    1100    500     700     
	2479   1914 1700    1700    1500    1700    1000    1500    1400    1700    1000    500     900     900     1100    800     1500    1000    1400    800     600     
	2479   1915 -999999 900     2200    900     1400    1100    -999999 700     900     600     1400    1000    1100    600     700     2200    -999999 -999999 -999999 
	2479   1916 -999999 -999999 -999999 -999999 -999999 -999999 -999999 -999999 -999999 -999999 -999999 -999999 -999999 -999999 -999999 -999999 -999999 -999999 -999999 
	2479   1917 -999999 -999999 -999999 -999999 -999999 -999999 -999999 -999999 -999999 -999999 -999999 -999999 -999999 -999999 -999999 -999999 -999999 -999999 -999999 
	2479   1918 -999999 -999999 -999999 -999999 -999999 -999999 -999999 -999999 -999999 -999999 -999999 -999999 -999999 -999999 -999999 -999999 -999999 -999999 -999999 
	2479   1919 -999999 -999999 -999999 -999999 -999999 -999999 -999999 -999999 -999999 -999999 -999999 -999999 -999999 -999999 -999999 -999999 -999999 -999999 -999999 
	2479   1920 -999999 -999999 -999999 -999999 -999999 -999999 -999999 -999999 -999999 -999999 -999999 -999999 -999999 -999999 -999999 -999999 -999999 -999999 -999999 
	2479   1921 -999999 -999999 -999999 -999999 -999999 -999999 -999999 -999999 -999999 -999999 -999999 -999999 -999999 -999999 -999999 -999999 -999999 -999999 -999999 
	2479   1922 -999999 -999999 -999999 -999999 -999999 -999999 -999999 -999999 -999999 -999999 -999999 -999999 -999999 -999999 -999999 -999999 -999999 -999999 -999999 
	2479   1923 -999999 -999999 -999999 -999999 -999999 -999999 -999999 -999999 -999999 -999999 -999999 -999999 -999999 -999999 -999999 -999999 -999999 -999999 -999999 
	2479   1924 -999999 -999999 -999999 -999999 -999999 -999999 -999999 -999999 -999999 -999999 -999999 -999999 -999999 -999999 -999999 -999999 -999999 -999999 -999999 
	2479   1925 -999999 -999999 -999999 -999999 -999999 -999999 -999999 -999999 -999999 -999999 -999999 -999999 -999999 -999999 -999999 -999999 -999999 -999999 -999999 
	2479   1926 -999999 -999999 -999999 -999999 -999999 -999999 -999999 -999999 -999999 -999999 -999999 -999999 -999999 -999999 -999999 -999999 -999999 -999999 -999999 
	2479   1927 -999999 -999999 -999999 -999999 -999999 -999999 -999999 -999999 -999999 -999999 -999999 -999999 -999999 -999999 -999999 -999999 -999999 -999999 -999999 
	2479   1928 -999999 -999999 -999999 -999999 -999999 -999999 -999999 -999999 -999999 -999999 -999999 -999999 -999999 -999999 -999999 -999999 -999999 -999999 -999999 
	2479   1929 -999999 -999999 -999999 -999999 -999999 -999999 -999999 -999999 -999999 -999999 -999999 -999999 -999999 -999999 -999999 -999999 -999999 -999999 -999999 
	2479   1930 -999999 -999999 -999999 -999999 -999999 -999999 -999999 -999999 -999999 -999999 -999999 -999999 -999999 -999999 -999999 -999999 -999999 -999999 -999999 
	2479   1931 -999999 -999999 -999999 -999999 -999999 -999999 -999999 -999999 -999999 -999999 -999999 -999999 -999999 -999999 -999999 -999999 -999999 -999999 -999999 
	2479   1932 -999999 -999999 -999999 -999999 -999999 -999999 -999999 -999999 -999999 -999999 -999999 -999999 -999999 -999999 -999999 -999999 -999999 -999999 -999999 
	2479   1933 -999999 -999999 -999999 -999999 -999999 -999999 -999999 -999999 -999999 -999999 -999999 -999999 -999999 -999999 -999999 -999999 -999999 -999999 -999999 
	2479   1934 -999999 -999999 -999999 -999999 -999999 -999999 -999999 -999999 -999999 -999999 -999999 -999999 -999999 -999999 -999999 -999999 -999999 -999999 -999999 
	2479   1935 -999999 -999999 -999999 -999999 -999999 -999999 -999999 -999999 -999999 -999999 -999999 -999999 -999999 -999999 -999999 -999999 -999999 -999999 -999999 
	2479   1936 -999999 -999999 -999999 -999999 -999999 -999999 -999999 -999999 -999999 -999999 -999999 -999999 -999999 -999999 -999999 -999999 -999999 -999999 -999999 
	2479   1937 -999999 -999999 -999999 -999999 -999999 -999999 -999999 -999999 -999999 -999999 -999999 -999999 -999999 -999999 -999999 -999999 -999999 -999999 -999999 
	2479   1938 -999999 -999999 -999999 -999999 -999999 -999999 -999999 -999999 -999999 -999999 -999999 -999999 -999999 -999999 -999999 -999999 -999999 -999999 -999999 
	2479   1939 -999999 -999999 -999999 -999999 -999999 -999999 -999999 -999999 -999999 -999999 -999999 -999999 -999999 -999999 -999999 -999999 -999999 -999999 -999999 
	2479   1940 -999999 -999999 -999999 -999999 -999999 -999999 -999999 -999999 -999999 -999999 -999999 -999999 -999999 -999999 -999999 -999999 -999999 -999999 -999999 
	2479   1941 -999999 -999999 -999999 -999999 -999999 -999999 -999999 -999999 -999999 -999999 -999999 -999999 -999999 -999999 -999999 -999999 -999999 -999999 -999999 
	2479   1942 -999999 -999999 -999999 -999999 -999999 -999999 -999999 -999999 -999999 -999999 -999999 -999999 -999999 -999999 -999999 -999999 -999999 -999999 -999999 
	2479   1943 -999999 -999999 -999999 -999999 -999999 -999999 -999999 -999999 -999999 -999999 -999999 -999999 -999999 -999999 -999999 -999999 -999999 -999999 -999999 
	2479   1944 -999999 -999999 -999999 -999999 -999999 -999999 -999999 -999999 -999999 -999999 -999999 -999999 -999999 -999999 -999999 -999999 -999999 -999999 -999999 
	2479   1945 -999999 -999999 -999999 -999999 -999999 -999999 -999999 -999999 -999999 -999999 -999999 -999999 -999999 -999999 -999999 -999999 -999999 -999999 -999999 
	2479   1946 -999999 -999999 -999999 -999999 -999999 -999999 -999999 -999999 -999999 -999999 -999999 -999999 -999999 -999999 -999999 -999999 -999999 -999999 -999999 
	2479   1947 -999999 -999999 -999999 -999999 -999999 -999999 -999999 -999999 -999999 -999999 -999999 -999999 -999999 -999999 -999999 -999999 -999999 -999999 -999999 
	2479   1948 -999999 -999999 -999999 -999999 -999999 -999999 -999999 -999999 -999999 -999999 -999999 -999999 -999999 -999999 -999999 -999999 -999999 -999999 -999999 
	2479   1949 -999999 -999999 -999999 -999999 -999999 -999999 -999999 -999999 -999999 -999999 -999999 -999999 -999999 -999999 -999999 -999999 -999999 -999999 -999999 
	2479   1950 -999999 -999999 -999999 -999999 -999999 -999999 -999999 -999999 -999999 -999999 -999999 -999999 -999999 -999999 -999999 -999999 -999999 -999999 -999999 
	2479   1951 2200    -999999 1600    -999999 1100    1000    2200    900     600     900     1100    600     1000    700     600     800     1900    400     500     
	2479   1952 1400    1400    1400    600     1400    1000    800     600     600     1400    1200    1400    1000    800     500     500     800     600     700     
	2479   1953 2300    1500    1100    1100    1400    1000    1500    700     1100    1400    1100    800     500     500     1000    700     800     1500    800     
	2479   1954 2100    2100    1300    2100    1600    800     500     1200    900     1600    1200    1300    500     400     800     300     500     500     500     
	2479   1955 1800    1800    1600    1200    1200    1400    800     1100    1200    800     1200    1000    600     1300    900     800     600     700     400     
	2479   1956 2700    1800    1300    1600    2700    1000    1300    500     1100    1800    900     800     1000    700     300     1300    800     800     600     
	2479   1957 1400    1300    1400    1200    1400    1100    1000    1200    800     700     1200    800     1100    300     800     400     1000    600     900     
	2479   1958 1300    1300    1000    600     1300    1000    1200    500     200     1300    600     600     1000    900     500     500     800     1200    400     
	2479   1959 3500    1700    3500    1500    2800    1700    2300    500     1400    500     900     2800    1100    1700    1600    2000    1700    700     1300    
	2479   1960 1800    1400    1800    600     1800    900     1100    400     600     1400    600     1200    900     400     300     900     300     700     500     
	2479   1961 1400    1000    1000    1000    1000    700     1400    600     1000    900     700     1000    700     400     700     500     800     1400    800     
	2479   1962 2200    1900    1600    1100    800     1600    2200    500     1100    800     500     400     1600    600     600     300     2200    800     700     
	2479   1963 2300    2300    1500    1600    800     1100    1500    900     1600    700     600     800     700     800     300     1500    700     500     1600    
	2479   1964 2400    2400    1100    1600    1800    1000    1000    1600    600     1800    1000    1100    500     1000    500     800     600     900     300     
	2479   1965 1700    800     1700    700     900     1700    1600    500     700     600     400     900     700     600     1700    700     1400    1300    200     
	2479   1966 1700    1100    1700    1100    800     1100    1500    1100    600     600     300     800     1100    700     600     1500    700     300     300     
	2479   1967 1800    900     1800    900     1300    1800    1100    800     900     700     800     500     1800    700     1100    1000    300     1100    400     
	2479   1968 1700    1300    1600    1300    1600    1000    1000    500     1300    900     1600    700     1000    900     800     800     1000    800     1600    
	2479   1969 1900    1900    1500    700     1300    1200    1700    600     700     1300    900     800     1200    1200    700     1500    1700    200     600     
	2479   1970 2200    1200    2200    800     1600    2200    1300    800     600     500     300     1600    2200    400     900     1300    1100    800     1200    
	2479   1971 2100    800     1600    800     2100    1600    1500    700     400     600     1500    900     300     1500    1000    1000    1100    400     800     
	2479   1972 2200    1700    1400    1300    1700    1000    2200    1000    800     1700    700     700     600     1000    600     800     1800    300     1800    
	2479   1973 3700    2200    2400    2200    2000    2400    1300    1900    700     2000    800     700     2400    1000    1100    1200    900     400     500     
	2479   1974 3400    1100    2300    1100    3400    1400    800     500     1100    1100    2300    700     800     400     1400    800     300     400     500     
	2479   1975 2100    1200    2100    1100    900     2100    1800    700     1100    600     900     600     1000    700     1400    500     1800    600     1000    
	2479   1976 2300    2300    2300    1300    2300    2300    1200    500     1000    2300    1400    800     1500    1200    2300    900     1200    600     200     
	2479   1977 1800    1000    1800    500     1700    1100    1300    300     400     900     500     1700    1100    700     500     1200    1300    500     700     
	2479   1978 2100    1100    1800    1100    1300    600     2100    1100    1000    600     1000    1200    600     600     600     500     1000    1100    900     
	2479   1979 1100    1000    1000    1000    900     700     1100    1000    1000    300     900     500     500     700     400     1000    1100    400     400     
	2479   1980 2700    1400    2700    1300    2700    1500    800     1300    1300    1400    800     2600    1000    1100    800     800     400     500     300     
	2479   1981 2600    800     2100    800     2600    1500    1200    700     800     500     2100    700     800     600     1500    1100    300     300     600     
	2479   1982 1900    1600    1700    1600    1900    1100    1700    1300    1600    1400    1000    1000    1000    1100    700     1700    800     500     400     
	2479   1983 1700    1600    1700    1600    1300    1700    1600    400     1600    1300    300     200     1100    1600    1000    900     600     1300    600     
	2479   1984 2800    1600    2800    1200    2100    2600    2200    300     1200    1300    1900    500     800     900     2600    400     600     1900    500     
	2479   1985 2200    2000    1100    2000    1100    600     2200    1200    2000    400     900     1100    500     600     500     900     2200    1200    300     
	2479   1986 3000    3000    1600    2700    1500    1600    1900    400     2700    1500    1200    800     1300    1100    1200    1300    1000    400     500     
	2479   1987 1900    1400    1200    1400    1300    1200    800     1200    1400    1300    1000    900     500     900     400     300     600     800     1500    
	2479   1988 1600    1100    1500    1100    1600    1300    900     1100    500     200     1500    1500    1000    400     900     600     900     700     500     
	2479   1989 1800    700     1800    600     1800    1200    1300    600     600     700     500     1800    1200    900     1000    900     400     1300    700     
	2479   1990 1800    1200    1800    1200    1800    1800    1000    1200    700     800     800     1800    1400    1800    800     600     1000    300     600     
	2479   1991 2500    2300    1800    2300    1200    1200    900     1100    1200    1200    800     900     500     700     1200    700     900     900     1600    
	2479   1992 2200    1300    2200    1300    2100    1200    1000    1200    700     400     700     2100    1100    800     800     1000    500     600     1300    
	2479   1993 1900    1800    1300    1800    1500    1300    1900    500     1500    1500    800     800     1300    500     400     500     1000    1600    200     
	2479   1994 1700    1700    1100    1700    900     1100    1700    700     1700    200     900     900     600     1100    1000    600     1700    600     400     
	2479   1995 2900    1400    2700    500     2200    2700    1300    500     500     500     1300    900     1300    1100    2300    1000    1300    1200    1700    
	2479   1996 2600    2600    1400    1600    2200    1000    1200    1600    900     2200    1200    600     900     1000    800     1200    800     400     800     
	2479   1997 2200    1800    2200    1800    2200    2100    1600    1800    300     700     2200    1000    600     1100    2100    1500    900     1600    400     
	2479   1998 1600    1100    1600    800     1300    1600    700     800     800     1100    300     1300    200     500     1600    700     100     700     300     
	2479   1999 2000    600     2000    600     1200    1300    1400    300     300     600     800     600     800     900     600     1400    1000    400     200     
	2479   2000 1100    1100    800     1100    700     800     400     1100    200     600     700     700     700     800     600     400     400     300     700     
	2479   2001 1000    1000    1000    1000    1000    1000    700     1000    700     500     400     1000    700     900     700     300     700     300     1000    
	2479   2002 2300    1000    1700    1000    2300    800     1000    1000    500     1000    1300    1700    600     700     800     1000    700     500     1300    
	2479   2003 2300    2300    1800    2300    2000    1800    1000    600     2300    2000    1400    700     800     1200    1700    1000    900     800     1000    
	2479   2004 1800    1500    1800    900     1800    1500    1000    400     700     1100    1800    1400    700     600     900     1000    1000    400     1400    
	2479   2005 1800    1000    1200    900     700     1000    1800    400     800     600     600     700     800     1000    500     700     1800    400     800     
	2479   2006 1900    1400    1900    1100    1500    1200    1900    1000    900     1400    600     1500    1200    900     200     1900    1100    500     900     
	2479   2007 1900    800     1700    800     1900    1200    1600    400     700     600     1700    500     1200    300     500     500     1500    800     1400    
	2479   2008 1600    1500    1600    1500    1500    600     900     300     1500    300     800     1500    600     400     600     900     600     600     1200    
	2479   2009 2200    1000    2200    1000    1000    1200    2200    800     600     800     1000    600     1000    300     900     2200    600     300     600     
	2479   2010 2400    800     2400    800     2400    900     800     800     300     600     2400    1100    900     600     400     600     800     500     900     
	2479   2011 2800    1600    2700    1000    2700    600     2800    700     1000    1600    1900    800     500     600     400     400     1100    2800    500     
	2479   2012 2900    2400    1400    900     2900    800     1000    500     900     2400    500     1400    600     800     500     1000    600     600     300     
	2479   2013 2200    1400    2200    900     2200    2200    1200    900     600     1400    1300    700     1100    2200    1400    1000    600     400     400     
	2479   2014 1400    1300    1100    700     1400    1100    900     700     500     1300    600     800     900     1100    700     800     700     700     600     
	2479   2015 1300    1000    1300    900     1300    1100    1300    400     900     1000    1300    800     1100    400     900     600     900     400     300     
	2479   2016 1900    1900    1900    600     1900    1100    1300    300     600     1900    700     1100    1100    400     800     1300    1100    1000    700     
	2479   2017 1600    1200    1600    1200    1100    1000    1000    1200    1100    800     1000    1100    1000    400     300     1000    800     400     800     
	2479   2018 1900    1900    1800    1600    1500    1800    1600    400     1600    700     800     1500    900     1800    800     500     1600    700     500     
	2479   2019 1900    1100    1900    1000    1900    1500    700     400     1000    600     1900    1600    1000    900     1000    600     300     700     700     
	2479   2020 2700    1700    2700    700     2700    900     1300    700     500     1700    2700    1000    800     500     900     1300    800     800     500     
	2479   2021 -999999 -999999 1400    -999999 1400    1400    1400    -999999 1000    900     1400    500     1400    800     500     1400    400     700     1000    
	2479   2022 3100    1800    3100    900     3100    1400    1100    900     400     1400    2100    1000    500     900     1400    500     1100    500     1000    
	2479   2023 3500    1100    3500    1100    1600    1900    1100    600     1100    400     600     1600    1900    300     1100    1100    200     200     500     
	2479   2024 1200    -999999 1100    -999999 1100    800     1200    600     -999999 500     600     1100    800     600     700     700     800     900     700     
	2479   2025 2700    1200    2700    1200    2700    1600    800     900     900     1000    1100    2100    1100    900     1600    800     600     600     1300    
	2479   2026 -999999 -999999 -999999 800     -999999 -999999 -999999 800     300     -999999 -999999 -999999 -999999 -999999 -999999 -999999 -999999 -999999 -999999 
	