EUROPEAN CLIMATE ASSESSMENT & DATASET (ECA&D), file created on: 17-05-2026
THESE DATA CAN BE USED FOR NON-COMMERCIAL RESEARCH AND EDUCATION PROVIDED THAT THE FOLLOWING SOURCE IS ACKNOWLEDGED: 

Klein Tank, A.M.G. and Coauthors, 2002. Daily dataset of 20th-century surface
air temperature and precipitation series for the European Climate Assessment.
Int. J. of Climatol., 22, 1441-1453.
Data and metadata available at http://www.ecad.eu

FILE FORMAT (MISSING VALUE CODE = -999999):

THIS FILE HOLDS DATA FOR STATION NETHERLANDS                              HOOGEVEEN                                (STAID:   2565)
LATITUDE: dd:mm:ss +52:44:56
LONGITUDE: ddd:mm:ss +006:34:23
ELEVATION: m   16

DATA IS FOR INDEX Maximum no of consecutive dry days (RR < 1 mm) (CDD) with unit 0.01 No of days

01-06 SOUID: Source identifier
08-11 YEAR : YYYY
13-20 ANNUAL DATA VALUES
21-28 WINTER HALF YEAR DATA VALUES
29-36 SUMMER HALF YEAR DATA VALUES
37-44 WINTER (DJF) DATA VALUES
45-52 SPRING (MAM) DATA VALUES
53-60 SUMMER (JJA) DATA VALUES
61-68 AUTUMN (SON) DATA VALUES
69-76 JANUARY DATA VALUES
etc. 
157-164 DECEMBER DATA VALUES

2565   1950 -999999 -999999 -999999 -999999 -999999 -999999 -999999 -999999 -999999 -999999 -999999 -999999 -999999 -999999 -999999 -999999 -999999 -999999 -999999 
	2565   1951 2200    -999999 1200    -999999 1000    1200    2200    1000    500     900     1000    900     700     1200    600     700     1900    400     600     
	2565   1952 1400    1400    1400    800     1400    1000    1000    800     800     1400    1200    1400    600     1000    500     1000    800     300     700     
	2565   1953 2400    1600    1400    1100    1600    1000    2300    800     700     1600    1100    1300    700     600     1000    700     1600    1600    800     
	2565   1954 1800    1800    1300    1800    1700    600     600     1100    700     1700    1200    1300    500     400     600     300     300     600     500     
	2565   1955 1600    1600    1400    1300    1200    900     1000    1300    1200    800     1200    800     900     800     700     800     800     1000    300     
	2565   1956 1600    1600    1300    1600    1500    700     1300    500     1100    1200    1000    800     700     400     400     1300    800     800     600     
	2565   1957 1400    1200    1400    1200    1400    1400    1000    1200    400     600     1100    800     1400    300     800     400     1000    600     900     
	2565   1958 1400    1400    1100    600     1400    1000    1300    500     200     1400    600     600     1000    800     600     600     800     1300    500     
	2565   1959 3300    3300    2400    2900    2400    1600    2700    600     2800    700     1000    2400    1200    1600    800     2000    1800    700     800     
	2565   1960 1400    1400    1400    500     1400    900     800     500     500     1400    900     1200    900     500     600     800     400     400     400     
	2565   1961 1500    1000    1000    1000    900     700     1500    700     1000    900     900     600     700     400     700     700     800     1500    800     
	2565   1962 2200    1400    1000    1000    1400    800     2100    400     1000    1400    1000    400     800     600     400     400     2100    1500    700     
	2565   1963 2400    2400    1400    1600    800     700     900     1100    1600    800     500     800     600     700     300     800     900     400     1600    
	2565   1964 2400    2400    1100    1600    1800    900     1000    1600    600     1800    700     1100    500     900     500     600     700     900     700     
	2565   1965 1400    1100    1200    1100    900     1200    1400    600     1100    700     500     600     700     300     1200    900     1400    700     300     
	2565   1966 1700    1100    1700    1000    900     1100    1600    1000    700     900     300     700     1100    300     800     1500    800     800     400     
	2565   1967 1100    800     1100    800     800     1100    900     800     700     600     800     500     900     700     1100    700     300     900     400     
	2565   1968 2300    1300    1700    1300    1700    800     1000    400     1300    700     1700    800     800     700     700     900     1000    800     1600    
	2565   1969 2100    1200    2100    800     1200    2100    1700    800     400     1200    900     700     1100    2000    900     1500    1700    300     800     
	2565   1970 2000    1200    2000    800     800     2000    1300    800     400     800     500     700     2000    300     900     1300    1100    700     900     
	2565   1971 2100    800     1500    800     2100    1200    1700    600     800     600     1500    900     600     1100    600     1200    1100    600     700     
	2565   1972 2200    1500    1300    1400    1500    1000    2200    1000    800     1500    900     600     400     1000    800     800     1800    300     1800    
	2565   1973 2500    1800    2500    1100    1800    2500    1200    1100    500     1800    800     900     2500    500     2100    1200    800     500     500     
	2565   1974 3300    1100    2200    1100    3300    1300    800     400     1100    1100    2200    600     800     400     1300    800     300     400     500     
	2565   1975 2100    1200    2100    1100    1400    2100    1400    700     1100    600     900     1400    1000    700     1400    900     1400    800     1100    
	2565   1976 2200    1300    2200    1300    1800    2200    1200    500     1000    1100    1600    800     1700    1200    1400    1200    1000    700     300     
	2565   1977 2000    1000    1700    600     1600    1500    2000    500     600     400     500     1600    1100    1500    700     1700    2000    400     600     
	2565   1978 1300    1100    1200    1100    1300    1000    1000    1100    900     400     900     700     1000    800     900     400     1000    900     800     
	2565   1979 1000    900     1000    900     1000    800     1000    900     800     300     1000    800     800     700     500     1000    900     400     400     
	2565   1980 1900    1500    1900    1400    1900    800     700     1400    1400    700     800     1900    500     800     700     400     600     500     500     
	2565   1981 1800    1300    1800    1300    1100    1800    1100    1200    600     500     1100    700     800     700     1800    1100    300     300     600     
	2565   1982 2200    1600    2200    1600    1700    2200    1300    1500    1600    900     1700    900     1000    2200    500     1300    800     400     400     
	2565   1983 1900    1500    1600    1500    1300    1600    1900    400     1500    1300    300     200     800     1600    1400    800     600     1500    600     
	2565   1984 2300    1800    2300    1100    1400    2300    1900    400     1100    1300    1400    1000    700     1300    2300    200     600     1600    500     
	2565   1985 2200    2200    1200    2200    900     500     2100    700     2200    500     800     900     300     500     400     800     2100    800     500     
	2565   1986 2700    2700    1700    2700    1400    1700    2100    600     2100    1400    700     800     1300    1300    900     1500    1000    600     500     
	2565   1987 1900    1400    1700    1400    1200    1700    900     1200    1400    1200    900     700     300     1400    400     500     600     800     1500    
	2565   1988 1600    1100    1500    1100    1600    1100    1400    1100    400     200     1500    1500    1000    200     900     600     1400    700     500     
	2565   1989 2000    800     2000    800     1600    2000    1100    600     700     700     400     1600    1300    2000    900     900     400     1100    800     
	2565   1990 1700    800     1700    600     1600    1700    1100    400     600     800     600     1600    1000    1700    1000    500     1100    600     600     
	2565   1991 2800    1700    2800    1700    1600    1400    1400    1000    700     1100    800     1600    400     900     1400    1400    1200    800     1600    
	2565   1992 3300    1300    3300    1300    1700    3300    2000    1200    700     500     800     1700    2400    900     500     1600    400     400     1200    
	2565   1993 1900    1600    1200    900     1500    1200    1900    500     900     1500    800     800     1200    400     600     400     1000    1500    200     
	2565   1994 1600    1300    1000    1300    1000    1000    1600    600     1300    500     700     600     400     1000    1000    600     1600    500     500     
	2565   1995 2800    1500    2700    500     1800    2700    1400    500     500     600     1000    800     1300    1000    2300    1200    1400    1100    1700    
	2565   1996 1800    1800    1300    1800    1700    1300    1300    1800    800     1700    1200    500     900     1300    800     900     1300    600     1500    
	2565   1997 2900    1800    2200    1800    2200    1700    2000    1800    400     1200    2200    1000    600     1100    1700    1600    1600    1200    500     
	2565   1998 1700    1200    1700    1200    1700    1600    1200    1100    800     600     300     1700    300     600     1600    900     200     1200    300     
	2565   1999 1900    700     1900    700     1300    1300    1400    400     400     600     800     900     800     900     500     1400    900     700     200     
	2565   2000 1300    1300    800     1300    800     800     600     1300    400     500     800     700     600     800     800     600     500     300     700     
	2565   2001 1300    1100    900     1100    900     700     700     1100    300     600     400     900     700     700     500     300     700     300     1300    
	2565   2002 1500    1100    1500    1100    1300    800     1100    1000    600     800     1300    800     300     700     800     1100    800     700     1400    
	2565   2003 2100    2100    1900    2100    2000    1900    1000    900     2100    2000    1500    600     800     1200    1800    1000    1000    1000    900     
	2565   2004 1700    1600    1700    1300    1700    1400    1100    400     1300    1200    1700    1400    600     500     900     1000    1100    400     1400    
	2565   2005 1800    1100    1800    700     1000    1200    1700    700     700     1000    600     800     1200    900     500     1300    1700    700     700     
	2565   2006 2600    1700    2600    1700    1600    2600    1100    1000    900     1200    700     1600    1400    2100    300     1100    800     500     1000    
	2565   2007 4200    900     3500    900     4200    1300    1300    300     700     700     3000    500     1300    300     1000    400     1300    900     1600    
	2565   2008 1800    1500    1800    1500    1800    800     1600    400     1500    200     1800    1400    800     400     800     1600    600     700     1100    
	2565   2009 1800    1200    1800    1200    1800    1700    1500    800     400     600     1800    800     900     400     1700    1500    500     200     500     
	2565   2010 1700    800     1700    800     1700    1000    1200    800     800     500     1100    1700    1000    900     300     400     1200    800     500     
	2565   2011 2600    1500    2600    800     2600    700     2500    600     800     1500    1800    800     400     700     300     700     1100    2500    400     
	2565   2012 1700    1700    1000    1700    1600    900     1000    800     1200    1300    400     700     600     800     600     1000    900     700     300     
	2565   2013 2100    1300    2100    800     2100    2100    1400    800     400     1300    800     600     1200    2100    1200    1100    400     700     400     
	2565   2014 1900    1300    1900    500     1300    1300    1900    500     500     1300    500     900     800     1000    700     1900    400     700     600     
	2565   2015 1300    1000    1300    1000    1300    900     1300    500     1000    1000    1300    600     700     400     900     600     900     400     500     
	2565   2016 1800    1500    1800    500     1800    1100    1400    400     500     1500    600     1800    1100    400     800     1200    1300    900     700     
	2565   2017 1500    1500    1400    1500    1100    1400    1000    1500    900     1100    1000    700     1400    800     800     1000    800     500     600     
	2565   2018 2000    1600    1700    1300    900     1700    2000    400     1300    500     900     800     1100    1700    700     800     2000    700     500     
	2565   2019 1800    1000    1800    1000    1800    1600    600     300     1000    600     1800    800     1100    1000    1300    600     400     600     600     
	2565   2020 2500    1800    2500    1100    2500    1100    1600    1100    500     1800    2500    2000    800     500     1100    1600    900     700     300     
	2565   2021 1800    1700    1800    1000    1800    1200    1500    600     1000    700     1800    400     1200    800     500     1500    500     500     800     
	2565   2022 3100    1900    3100    800     3100    1600    1100    800     300     1600    2100    1000    1000    900     1600    600     1000    500     1100    
	2565   2023 3900    1000    3900    1000    2000    1900    1000    600     1000    500     600     2000    1900    400     900     1000    700     200     500     
	2565   2024 1400    1400    1200    700     1400    800     1200    700     400     1400    500     1000    800     500     600     1200    600     1000    700     
	2565   2025 2200    2200    2000    1200    2100    1600    1200    1100    1000    2100    1200    2000    1200    600     1600    1000    800     700     1200    
	2565   2026 -999999 1200    -999999 1200    -999999 -999999 -999999 1200    900     900     1000    -999999 -999999 -999999 -999999 -999999 -999999 -999999 -999999 
	