EUROPEAN CLIMATE ASSESSMENT & DATASET (ECA&D), file created on: 17-05-2026
THESE DATA CAN BE USED FOR NON-COMMERCIAL RESEARCH AND EDUCATION PROVIDED THAT THE FOLLOWING SOURCE IS ACKNOWLEDGED: 

Klein Tank, A.M.G. and Coauthors, 2002. Daily dataset of 20th-century surface
air temperature and precipitation series for the European Climate Assessment.
Int. J. of Climatol., 22, 1441-1453.
Data and metadata available at http://www.ecad.eu

FILE FORMAT (MISSING VALUE CODE = -999999):

THIS FILE HOLDS DATA FOR STATION NETHERLANDS                              MAASTRICHT-2                             (STAID:   2568)
LATITUDE: dd:mm:ss +50:51:00
LONGITUDE: ddd:mm:ss +005:40:59
ELEVATION: m  126

DATA IS FOR INDEX Maximum no of consecutive dry days (RR < 1 mm) (CDD) with unit 0.01 No of days

01-06 SOUID: Source identifier
08-11 YEAR : YYYY
13-20 ANNUAL DATA VALUES
21-28 WINTER HALF YEAR DATA VALUES
29-36 SUMMER HALF YEAR DATA VALUES
37-44 WINTER (DJF) DATA VALUES
45-52 SPRING (MAM) DATA VALUES
53-60 SUMMER (JJA) DATA VALUES
61-68 AUTUMN (SON) DATA VALUES
69-76 JANUARY DATA VALUES
etc. 
157-164 DECEMBER DATA VALUES

2568   1900 -999999 -999999 -999999 -999999 -999999 -999999 -999999 -999999 -999999 -999999 -999999 -999999 -999999 -999999 -999999 -999999 -999999 -999999 -999999 
	2568   1901 3000    -999999 2200    -999999 1800    2200    1700    1800    2700    1200    1400    1800    1100    2200    900     1300    900     1000    700     
	2568   1902 1700    1700    1400    1700    900     1400    1400    1200    1700    700     900     900     1400    800     600     1400    900     1100    1200    
	2568   1903 2600    1100    2600    1100    1400    1200    1000    1100    1100    1000    300     1400    1200    800     400     600     600     800     2200    
	2568   1904 2800    2200    1500    2200    1500    1100    1300    1500    700     900     1400    900     600     1100    400     1300    800     900     1600    
	2568   1905 1400    900     1400    900     1100    1300    700     700     400     600     1100    1100    1300    400     1200    700     300     500     900     
	2568   1906 2300    600     1700    600     2300    1200    1200    400     600     600     1700    600     1200    1100    600     1100    800     600     900     
	2568   1907 2400    1400    2400    1400    1100    700     2400    1400    1100    900     500     1100    600     400     700     2400    500     1200    800     
	2568   1908 2500    1300    1200    1300    900     1200    2500    700     600     900     400     500     900     700     600     900     1600    1100    1200    
	2568   1909 2000    2000    1600    1400    1100    1600    1300    900     1400    600     1100    900     1600    600     1200    500     900     900     1100    
	2568   1910 1500    1000    1500    1000    1300    1000    1500    900     500     1000    600     900     1000    700     500     1500    1400    500     1000    
	2568   1911 2500    1400    2500    1400    1500    2100    1900    1300    600     700     1500    800     1000    2100    1200    1900    700     500     600     
	2568   1912 2200    800     2200    800     2200    1300    1300    800     500     300     2000    900     600     1300    500     1300    1000    300     700     
	2568   1913 1900    1900    1400    1900    1100    1400    1000    500     1900    600     1100    800     400     800     1400    800     800     600     500     
	2568   1914 1500    1500    1200    1500    1000    700     1200    1500    1000    400     1000    900     600     700     700     800     800     1100    500     
	2568   1915 1600    1600    1600    1600    900     1300    1000    1000    600     700     600     900     1300    500     600     1000    1000    600     800     
	2568   1916 2200    1000    2200    1000    900     2200    1300    300     700     900     800     600     800     1300    900     1000    500     1000    600     
	2568   1917 2900    2900    1200    2900    1200    900     1200    1300    1600    600     600     1100    400     700     900     1000    500     900     900     
	2568   1918 1800    1800    1500    1300    1800    1200    1300    800     600     1800    700     700     900     700     400     600     900     1300    400     
	2568   1919 2700    2700    2300    2700    2000    1700    1300    1400    1300    1000    800     2000    500     300     1700    1300    900     200     700     
	2568   1920 2900    1200    1100    1000    1200    1100    2900    700     1000    1200    400     500     800     800     1100    800     1700    1400    1700    
	2568   1921 3300    1400    1300    900     1400    1200    3300    500     900     600     1300    700     1000    1100    900     1200    2100    2200    700     
	2568   1922 2700    1400    2700    1100    2600    1600    1200    400     1100    1400    500     2600    1600    700     600     500     1200    800     600     
	2568   1923 2100    2100    1900    600     2100    1900    1200    600     600     2100    700     600     500     1400    1300    1200    400     800     500     
	2568   1924 1700    1700    1200    1300    1700    1200    1700    800     1300    1700    700     700     1000    1200    400     400     1300    1700    1200    
	2568   1925 2000    1100    2000    800     900     1900    1500    800     700     500     800     900     1900    1000    700     300     1200    1500    700     
	2568   1926 1900    1900    1500    1100    1900    1000    1100    1100    700     1900    1000    900     600     800     1000    1100    600     700     1000    
	2568   1927 2600    1100    2600    1100    2600    700     1900    1100    1000    1100    900     2100    400     700     500     600     1900    600     1300    
	2568   1928 2900    2900    2400    1200    1700    1800    2200    600     1200    1700    700     800     600     1800    900     2200    500     800     400     
	2568   1929 2700    2700    1500    1500    2700    1400    800     1400    1300    2700    900     1300    600     1000    1400    800     600     800     700     
	2568   1930 1800    1800    1400    1200    1400    1000    1000    800     1200    1200    1000    400     1000    400     800     400     1000    300     1200    
	2568   1931 3200    3000    1500    1000    3200    1500    1400    500     900     3000    800     800     1300    1000    600     800     1200    1400    800     
	2568   1932 2600    2600    1100    2100    1500    800     1700    1800    2100    1500    700     1100    800     500     800     500     400     1700    2100    
	2568   1933 2500    2100    1600    2100    1600    1200    1000    2100    900     1400    1600    1000    800     1200    900     1000    500     600     1900    
	2568   1934 2500    2500    2400    2500    2300    1500    800     700     2500    900     700     2300    1200    1300    1500    800     400     700     500     
	2568   1935 2200    2000    2200    600     2000    2200    800     600     500     2000    300     1300    400     1100    1300    700     800     800     500     
	2568   1936 3400    3400    1600    1500    2800    1200    1500    500     1500    2800    700     700     600     300     1200    1000    1200    1100    900     
	2568   1937 2000    800     2000    800     1300    2000    2000    600     300     500     600     1100    900     800     1200    700     2000    1000    800     
	2568   1938 2300    2300    1500    1200    2300    1300    1300    400     1200    2300    1500    1300    1300    900     600     800     900     1300    1200    
	2568   1939 2500    1200    2500    1200    1500    1100    500     400     800     900     900     1500    1100    800     1000    500     300     500     1900    
	2568   1940 1900    1100    1900    700     1900    1000    1300    700     300     1100    800     1900    1000    200     700     700     1300    400     600     
	2568   1941 1600    1100    1600    1100    1300    1600    1500    1100    900     1100    800     1300    1100    1200    300     1500    700     600     500     
	2568   1942 2200    1300    2200    1300    2200    1100    1100    1300    800     1000    2200    1000    1100    500     800     1100    600     1000    900     
	2568   1943 1900    1900    1500    1300    1900    1500    1400    800     1300    1900    700     900     900     1100    700     800     1400    700     1400    
	2568   1944 2500    1100    2500    1100    1500    2500    500     500     1100    1100    500     1500    1000    800     2500    400     500     200     800     
	2568   1945 1500    800     1500    600     1100    1500    1300    600     500     800     800     1100    600     1500    700     800     1300    1300    1000    
	2568   1946 1300    1300    1100    1000    1300    600     1300    800     400     1200    1100    900     400     600     500     600     1300    1100    1300    
	2568   1947 3300    900     3300    900     1000    2600    1400    900     600     400     1000    700     700     600     2600    700     1300    400     400     
	2568   1948 2100    2100    1400    700     1400    900     1200    300     700     1400    800     1400    900     700     600     900     1200    1200    1000    
	2568   1949 1900    1700    1900    1700    1600    1900    1600    1000    800     1300    1200    500     1600    1000    600     800     800     400     700     
	2568   1950 1200    1200    1100    1200    1100    800     1000    1200    400     800     500     1100    700     500     500     400     1000    500     900     
	2568   1951 2500    2500    1200    2500    1100    900     2200    900     1600    700     1100    600     900     700     700     700     2000    300     1300    
	2568   1952 1600    1600    1400    1600    1400    1100    1000    500     1600    1000    1300    1400    1000    900     1100    800     500     1000    1000    
	2568   1953 2300    1700    1400    800     1400    800     2100    700     700     1400    1400    1100    600     300     800     700     600     2100    900     
	2568   1954 3300    1600    3300    1600    3300    600     800     1000    700     1400    1100    2200    500     600     300     500     600     800     500     
	2568   1955 1900    900     1900    800     1900    1000    900     800     400     900     1900    500     900     400     1000    800     700     900     500     
	2568   1956 1400    1200    1200    900     1400    1100    1200    500     800     1200    1000    800     400     300     1100    1200    900     900     300     
	2568   1957 1400    1200    1000    1200    1400    900     1000    1200    300     700     1000    800     900     800     500     300     1000    800     600     
	2568   1958 2100    1300    2000    800     1200    900     1700    500     300     1200    600     400     900     700     600     1400    800     1700    500     
	2568   1959 3700    2800    3700    2800    1400    1700    2000    800     2000    500     900     1400    1600    1600    1700    2000    900     800     800     
	2568   1960 1300    1000    1300    1000    1300    900     800     300     1000    900     600     1100    900     300     500     800     300     300     900     
	2568   1961 1600    1600    1600    1100    1600    1000    1600    500     1100    1600    400     900     700     700     1000    1600    800     900     800     
	2568   1962 2100    1100    1800    1100    1000    1500    2100    500     1100    1000    700     400     1500    400     600     700     2100    500     700     
	2568   1963 2300    2000    1300    1200    900     1100    1000    1000    1200    800     700     900     400     1100    300     1000    800     800     1500    
	2568   1964 1900    1900    1600    1300    1400    1600    1000    1300    700     1200    800     1400    600     1000    1200    800     800     900     600     
	2568   1965 1200    1100    1200    900     1100    1200    1200    500     900     1100    400     600     900     300     600     1200    1200    600     200     
	2568   1966 1600    900     1600    900     800     1100    1500    900     700     400     700     800     1100    400     700     1500    600     500     400     
	2568   1967 1400    1400    1400    1400    900     1200    1000    1100    1400    900     800     500     700     800     1200    800     700     1000    400     
	2568   1968 2400    1100    2400    700     2400    700     1100    300     700     600     2400    500     600     700     700     600     1100    1100    1300    
	2568   1969 2300    900     1200    900     1000    1200    2300    900     400     800     1000    700     1000    700     900     800     2200    400     800     
	2568   1970 1300    1300    1300    600     800     1100    1300    500     300     500     400     800     1100    400     500     1300    1200    600     1000    
	2568   1971 2300    1300    2300    1300    1900    2300    2200    1300    800     500     1100    1600    800     2200    600     2200    1100    600     900     
	2568   1972 2300    2000    2000    1800    1500    1200    2300    600     1800    1500    800     500     400     1200    1200    800     1900    500     1800    
	2568   1973 3100    1700    2000    1700    1000    2000    1100    1300    600     1000    500     400     900     1000    2000    700     900     500     400     
	2568   1974 3300    1100    2200    1000    3300    1300    500     500     1000    1100    2200    900     700     700     1300    500     400     400     500     
	2568   1975 2600    1100    2600    1000    2500    1000    1400    800     1000    400     900     2500    1000    600     900     900     1400    700     1100    
	2568   1976 2300    1500    2300    1500    1100    2300    800     500     1500    1100    900     800     1700    1100    2300    500     800     700     500     
	2568   1977 1500    1300    1500    600     1100    1300    1500    400     300     1000    500     1100    500     1100    600     1500    1000    600     600     
	2568   1978 1600    1000    1400    1000    1000    1400    1600    1000    700     500     900     700     600     900     1400    1000    1600    1500    700     
	2568   1979 1300    700     1300    700     600     1300    1300    700     500     200     600     500     600     900     500     1200    1300    800     600     
	2568   1980 2300    1500    2300    1500    2300    700     1400    1500    700     700     800     2300    700     400     700     700     500     1100    600     
	2568   1981 1700    1300    1700    1300    1100    1100    900     1200    800     400     1100    300     500     500     1100    800     200     600     600     
	2568   1982 1600    1400    1600    1400    1600    1000    1500    1400    1300    900     1600    800     500     1000    500     1200    800     700     900     
	2568   1983 1700    1700    1300    1700    1300    1300    1700    400     1700    1300    800     300     800     1000    1300    600     800     1400    700     
	2568   1984 2100    2100    1500    2100    1600    1500    1700    500     2100    1600    1400    400     700     1000    1100    400     800     1400    1200    
	2568   1985 2300    1900    1200    1900    1100    700     2300    500     1900    800     1100    900     600     700     500     800     2200    600     500     
	2568   1986 3000    2100    1300    1800    1300    1100    3000    700     1800    1300    300     400     1000    1100    1000    1300    1700    1200    700     
	2568   1987 2400    2400    1500    2400    1300    1500    1000    1900    500     1300    1200    700     400     1500    700     800     700     900     1400    
	2568   1988 2000    900     2000    900     1100    2000    1600    900     600     400     1100    600     2000    500     700     500     800     900     400     
	2568   1989 2100    1700    2100    1700    1900    1300    1300    1400    700     700     400     1900    1100    1300    700     1200    1300    1000    1100    
	2568   1990 2000    900     2000    900     2000    2000    1500    800     600     900     500     2000    800     2000    1100    600     1500    800     800     
	2568   1991 3400    1500    3400    1500    1500    2000    1400    1100    1300    1300    1000    1500    400     500     2000    1400    1400    1000    1500    
	2568   1992 2000    1400    1800    1400    1800    1000    2000    1200    600     500     800     1800    1000    600     500     1600    500     400     1100    
	2568   1993 1900    1900    1800    900     1900    1800    1600    500     900     1900    800     600     1400    700     700     400     800     1600    200     
	2568   1994 2300    1100    2300    1100    1400    2300    1600    500     1100    400     1400    500     2000    1100    400     600     1600    500     600     
	2568   1995 1600    900     1600    400     1500    1600    800     300     300     500     800     1500    1300    800     1200    400     800     700     1000    
	2568   1996 1500    1500    1200    1500    1300    1200    1200    1500    700     1300    1200    800     1100    1200    900     1100    1200    400     800     
	2568   1997 2400    1800    1900    1800    1900    1900    2400    1800    400     900     1900    1000    600     800     1900    1800    1600    600     800     
	2568   1998 1700    1700    1700    1700    1700    1600    800     1100    800     500     400     1700    300     1100    1600    800     300     700     700     
	2568   1999 2000    700     2000    600     1200    1200    1400    600     400     700     900     1000    1200    900     600     1400    1000    400     400     
	2568   2000 1500    900     1500    900     700     1500    900     900     300     600     600     700     1500    700     700     900     500     400     600     
	2568   2001 1500    700     1500    600     1500    1200    1100    600     500     300     400     1500    1200    500     800     400     1100    800     1300    
	2568   2002 2400    1100    1300    1100    2400    800     1100    1000    400     1100    1300    700     800     500     800     1100    800     600     1200    
	2568   2003 2300    2300    1800    2300    1900    1700    1400    800     2300    1900    1800    500     700     1600    1600    1100    1400    1200    500     
	2568   2004 1400    600     1200    600     1200    1000    900     300     600     600     700     1200    500     500     500     900     900     600     1400    
	2568   2005 1600    1100    1500    1100    900     1500    1600    600     700     900     500     800     1400    1500    600     1000    1600    700     1100    
	2568   2006 1400    1300    1400    1100    1300    1300    1400    1000    500     1300    700     1100    1300    1000    200     1400    900     600     1000    
	2568   2007 3700    900     3600    900     3700    800     700     400     600     800     3000    600     800     500     800     600     700     500     1500    
	2568   2008 1800    1800    1300    1800    1300    800     900     500     1800    500     600     1300    400     400     800     900     600     700     900     
	2568   2009 1300    1000    900     1000    1000    900     900     800     300     1000    700     800     500     400     900     900     700     600     800     
	2568   2010 2000    800     2000    600     1600    2000    1200    600     400     800     1600    800     1100    900     400     700     1200    1000    700     
	2568   2011 3600    1200    1700    600     1700    1300    3600    600     600     1200    900     1400    400     1100    300     1100    600     3000    400     
	2568   2012 1900    1400    1200    1400    1900    900     1200    600     1300    1300    600     1000    400     600     900     1200    700     700     300     
	2568   2013 2100    900     2100    700     1500    2100    1600    600     700     700     1300    600     800     2100    1000    1200    400     400     800     
	2568   2014 1800    1300    1800    600     1500    1500    1700    500     600     1300    1300    1100    1500    600     300     1700    400     700     600     
	2568   2015 2000    1700    2000    1700    2000    1400    1300    800     1700    1000    2000    700     800     600     500     700     900     700     500     
	2568   2016 1800    1800    1400    600     1800    1400    1300    300     600     1800    500     500     400     1400    900     1300    700     900     800     
	2568   2017 1500    1400    1500    1400    1300    1500    1000    1400    800     1000    1300    1200    1500    500     1000    900     1000    500     300     
	2568   2018 3400    1400    3400    1300    1000    3400    1400    400     1300    500     1000    800     2200    2700    700     700     1400    1100    500     
	2568   2019 2200    1700    2200    1700    2000    2200    800     400     1700    1400    2000    600     1100    1100    1300    600     600     800     500     
	2568   2020 3800    1100    2700    900     3800    1300    1700    900     400     1100    2700    1700    400     500     800     1700    500     1200    500     
	2568   2021 2200    900     2200    700     2200    1400    1100    600     700     900     1900    700     1400    700     500     1100    800     800     1200    
	2568   2022 2300    1700    2300    900     2300    2000    1000    900     400     1500    1700    1100    1000    2000    1100    500     1000    800     1200    
	2568   2023 3500    1200    3500    1200    1600    1900    1200    700     1200    500     400     1600    1900    300     1100    900     1100    200     500     
	2568   2024 1200    800     1000    800     700     700     1200    800     300     600     600     600     700     500     700     1000    600     1000    600     
	2568   2025 2500    2500    2200    1200    2400    2200    1700    1200    1000    2400    1200    2000    1000    600     2200    1500    600     500     2300    
	2568   2026 -999999 1200    -999999 1200    -999999 -999999 -999999 1200    300     900     1100    -999999 -999999 -999999 -999999 -999999 -999999 -999999 -999999 
	