EUROPEAN CLIMATE ASSESSMENT & DATASET (ECA&D), file created on: 17-05-2026
THESE DATA CAN BE USED FOR NON-COMMERCIAL RESEARCH AND EDUCATION PROVIDED THAT THE FOLLOWING SOURCE IS ACKNOWLEDGED: 

Klein Tank, A.M.G. and Coauthors, 2002. Daily dataset of 20th-century surface
air temperature and precipitation series for the European Climate Assessment.
Int. J. of Climatol., 22, 1441-1453.
Data and metadata available at http://www.ecad.eu

FILE FORMAT (MISSING VALUE CODE = -999999):

THIS FILE HOLDS DATA FOR STATION NETHERLANDS                              SINT JACOBIPAROCHIE                      (STAID:  20602)
LATITUDE: dd:mm:ss +53:16:26
LONGITUDE: ddd:mm:ss +005:36:11
ELEVATION: m   -1

DATA IS FOR INDEX Maximum no of consecutive dry days (RR < 1 mm) (CDD) with unit 0.01 No of days

01-06 SOUID: Source identifier
08-11 YEAR : YYYY
13-20 ANNUAL DATA VALUES
21-28 WINTER HALF YEAR DATA VALUES
29-36 SUMMER HALF YEAR DATA VALUES
37-44 WINTER (DJF) DATA VALUES
45-52 SPRING (MAM) DATA VALUES
53-60 SUMMER (JJA) DATA VALUES
61-68 AUTUMN (SON) DATA VALUES
69-76 JANUARY DATA VALUES
etc. 
157-164 DECEMBER DATA VALUES

20602  1878 -999999 -999999 2400    -999999 2400    1300    1000    -999999 900     600     1400    1000    1000    1300    500     700     1000    700     600     
	20602  1879 2000    2000    1800    2000    1800    600     900     1500    700     1300    1000    800     600     600     500     700     900     700     1700    
	20602  1880 2800    1700    2800    1700    2700    2300    700     1700    600     1600    900     2200    500     600     2300    600     300     500     600     
	20602  1881 1700    1100    1600    1000    1700    1100    1600    1000    1000    900     1100    1200    400     1100    700     1600    700     1000    900     
	20602  1882 1900    1900    1800    1900    1800    800     900     1900    1300    1500    1000    1800    400     500     600     500     600     900     1100    
	20602  1883 2300    1500    2200    1500    2300    1300    1100    1500    1500    600     2200    1100    1300    700     500     1100    600     400     800     
	20602  1884 1600    900     1600    900     1500    1300    1300    700     700     900     1200    1500    700     500     1200    1300    500     800     700     
	20602  1885 1600    1300    1600    1300    1500    1600    1000    1300    600     1300    1500    500     900     1600    900     300     200     1000    1600    
	20602  1886 1900    1700    1900    1700    1200    1900    1500    400     1700    800     600     1000    1200    700     700     1100    1300    500     300     
	20602  1887 2500    1800    2500    1800    2100    2500    1200    1200    1800    1100    2100    600     2200    1300    600     600     400     1200    300     
	20602  1888 1700    1500    1300    1400    1300    800     1700    1400    1100    900     800     1300    800     400     500     700     1200    1600    1100    
	20602  1889 2700    1200    2700    900     1900    2700    1900    800     200     600     1900    600     2100    600     400     1500    800     1900    900     
	20602  1890 2800    2800    1000    2800    1300    800     1000    400     2700    1000    800     900     400     500     800     1000    700     800     1700    
	20602  1891 1700    1200    1500    1100    1000    1100    1500    800     1100    1000    600     500     700     500     300     1500    500     500     1200    
	20602  1892 1900    1100    1500    900     1900    1100    900     700     900     1100    1500    1100    600     1100    800     900     200     900     500     
	20602  1893 2800    1300    2600    1000    2800    2100    600     1000    500     1300    1500    1200    2100    1000    1500    500     400     600     600     
	20602  1894 3100    1700    1500    1300    3100    800     1100    1300    900     1700    1400    1300    600     300     800     900     400     1100    500     
	20602  1895 1700    1600    1600    700     1600    800     1700    500     700     1600    1200    1100    800     800     700     1600    300     700     1200    
	20602  1896 2300    1400    1700    1400    1200    1100    1500    800     1400    700     1000    1200    700     1100    400     300     300     1500    800     
	20602  1897 2500    1100    1300    1100    900     1300    2500    1100    600     300     600     900     1000    1300    500     1200    1200    1300    1500    
	20602  1898 1900    1400    1900    1400    1300    1500    1700    1400    400     1300    1300    400     1500    1500    1100    1700    1000    1500    500     
	20602  1899 3000    3000    2900    1300    1700    2400    1000    700     1300    1700    900     600     2400    1200    1400    300     900     1000    1000    
	20602  1900 2500    1400    2500    700     2500    1300    900     600     600     1200    1500    1000    500     1300    700     700     300     900     500     
	20602  1901 1700    1700    1400    1700    1400    1300    1400    1700    900     1100    1000    1400    1000    1300    1000    1000    600     700     300     
	20602  1902 1500    1500    1300    1500    800     1300    1200    1000    1500    700     800     500     1300    700     400     800     600     1000    1100    
	20602  1903 1400    1300    1000    1300    1000    800     800     1300    700     800     400     1000    800     700     300     800     400     700     1400    
	20602  1904 1800    1200    1800    1100    1400    1800    1000    1100    500     1200    1400    1000    1200    1800    800     800     500     1000    700     
	20602  1905 1600    1000    1600    1000    1600    1100    1600    1000    600     700     700     1600    1100    600     700     1600    200     600     700     
	20602  1906 1900    600     1700    600     1900    1200    1100    400     600     600     1700    400     900     1100    500     1100    700     200     900     
	20602  1907 2300    1100    2300    1100    1400    1100    2300    1000    1000    900     1200    700     600     1100    800     2300    400     1100    800     
	20602  1908 1500    1400    1500    1400    800     1500    1200    900     1100    600     500     800     1200    1300    1000    900     1200    700     1300    
	20602  1909 1700    1500    1400    1400    1000    1400    900     1400    1200    700     1000    1000    1400    600     1300    500     400     800     500     
	20602  1910 2500    1200    1300    1100    2500    1300    1800    1000    400     1200    1300    1200    1100    1100    1300    800     1700    400     800     
	20602  1911 2900    1300    2900    1300    1500    2900    900     1100    800     700     1500    800     700     2900    1500    900     600     700     300     
	20602  1912 2000    800     2000    800     2000    1500    1300    800     500     500     1900    500     500     1500    300     1300    1000    300     500     
	20602  1913 1800    1600    1800    1600    1200    1800    1100    1100    1600    400     1100    700     600     900     1800    1000    800     400     600     
	20602  1914 1900    1900    1800    1900    1000    1800    1100    1900    1200    500     900     800     1100    800     1800    900     1100    500     300     
	20602  1915 1500    1100    1500    700     1500    1100    1300    700     400     600     1400    1000    1100    600     700     1300    1300    600     200     
	20602  1916 2800    1100    2800    1100    1300    2800    1100    1000    200     900     1000    600     500     1500    1300    1000    900     900     400     
	20602  1917 2400    2400    1300    2400    1300    1100    1300    1400    1100    600     700     1200    800     700     500     1100    600     1000    600     
	20602  1918 1400    1200    1400    1200    1200    900     1100    700     600     1200    700     900     800     700     700     200     1000    600     200     
	20602  1919 2200    900     2200    900     2200    1300    1200    800     900     500     900     2200    1300    900     1000    1200    800     500     800     
	20602  1920 6000    1400    1500    1400    1100    1500    5800    700     1400    1100    200     700     1500    500     800     800     2800    3000    600     
	20602  1921 3900    2400    1600    2200    2200    1500    3500    500     2200    2200    1200    1500    1000    1500    1000    1600    1900    2200    1700    
	20602  1922 1700    1700    1500    1300    1700    900     1400    1300    1100    1700    700     1300    900     400     700     800     1400    600     300     
	20602  1923 2300    2300    2000    700     2300    2000    900     700     500     2300    1100    900     700     2000    1300    900     200     500     1100    
	20602  1924 2800    2800    1500    2800    2100    1500    2100    1000    2700    1500    1100    500     1500    900     700     800     1000    2100    900     
	20602  1925 1700    900     1600    900     1600    1600    1700    800     400     800     1400    1300    1200    1600    800     800     1100    500     800     
	20602  1926 1900    1900    1900    1700    1900    1900    1000    1700    900     1900    800     1200    800     1500    1000    1000    700     500     700     
	20602  1927 1800    1400    1800    1200    1500    1200    1700    500     1200    1400    400     1100    1000    1200    1000    800     1600    400     1600    
	20602  1928 2200    2000    2200    800     2200    1900    1600    200     800     1200    1500    800     600     1900    500     1600    600     300     400     
	20602  1929 2500    2500    2100    1300    2100    2100    1100    600     1100    2100    1100    1400    600     2100    700     1100    600     400     1200    
	20602  1930 2000    2000    1600    1900    1400    1100    900     1200    1900    1100    900     500     1100    400     800     500     900     500     800     
	20602  1931 1500    1000    1300    1000    1200    1300    1500    600     400     900     600     800     800     500     800     1000    500     1000    500     
	20602  1932 1900    1900    1700    1900    1700    1600    400     1300    1000    1700    1300    400     1600    600     900     400     400     300     1800    
	20602  1933 3100    1500    3100    1500    2100    1200    1300    1200    1500    1200    600     2100    1000    900     1000    1200    600     800     1000    
	20602  1934 2100    2100    1600    2100    1300    1400    1600    700     2100    800     500     1000    1200    1200    900     1600    300     1200    500     
	20602  1935 2000    1500    2000    1100    1800    2000    700     1100    400     1500    700     1200    400     1600    1400    600     500     700     600     
	20602  1936 1400    1400    1300    1300    1400    1100    1000    500     1200    1400    900     1000    800     600     1100    700     500     1000    900     
	20602  1937 1500    700     1500    700     1200    1500    800     700     200     500     800     700     600     900     1000    500     800     700     500     
	20602  1938 2300    2300    1200    900     2300    1200    1300    300     900     2300    700     800     1200    1000    400     600     800     1300    900     
	20602  1939 2400    1500    2400    1500    1400    1700    600     700     800     500     700     1400    1000    600     1700    500     400     600     1500    
	20602  1940 1800    1200    1800    1200    1800    1100    900     800     700     700     800     1800    1100    500     700     900     800     400     700     
	20602  1941 2800    1100    2800    1100    2500    2800    1200    1100    500     1100    1100    1400    1600    1200    300     1200    800     500     600     
	20602  1942 3000    1900    3000    1900    3000    1200    600     1900    1500    1100    2000    1000    1200    500     600     600     300     600     800     
	20602  1943 3700    3700    1900    1400    2300    1900    1400    800     1400    2300    1100    1100    700     1900    700     1300    1000    500     1000    
	20602  1944 2100    1700    2100    1700    1200    2100    900     600     1700    1000    800     700     800     1100    2000    600     900     400     1000    
	20602  1945 1700    1100    1400    500     1400    1200    1700    500     300     1100    1400    800     600     1200    400     1300    1700    1200    500     
	20602  1946 1700    1500    1700    1500    1700    900     1400    1500    400     1000    1700    1500    400     900     300     700     1400    400     1600    
	20602  1947 3300    3300    3200    3300    2100    2500    1000    1000    2700    700     1100    2100    900     1600    2500    700     800     500     1000    
	20602  1948 2100    2100    1900    1500    1900    1400    1100    500     1500    1000    1900    1100    900     1400    600     700     600     1100    1100    
	20602  1949 2200    1300    2000    1300    1100    2000    2200    700     800     1100    800     600     1700    1000    900     1200    1000    600     600     
	20602  1950 1700    1300    1700    1300    1100    1300    900     1300    400     600     1100    1000    1300    400     500     300     900     200     1500    
	20602  1951 2400    1600    1600    600     1100    1100    2400    500     600     1000    1100    600     1100    1000    600     800     2000    500     600     
	20602  1952 3700    1400    3700    1000    2000    3700    900     500     1000    1400    1100    2000    700     3100    500     700     900     600     400     
	20602  1953 2900    1700    1000    1100    1700    1000    1500    800     1100    1700    900     700     500     500     600     600     700     1500    1400    
	20602  1954 1700    1700    1700    1100    1700    800     600     800     900     1700    1600    1300    600     400     800     300     400     600     500     
	20602  1955 1700    1500    1700    1100    1100    1400    900     900     1100    800     1100    800     800     1300    1300    900     700     500     400     
	20602  1956 1500    1100    1500    600     1400    700     1500    500     500     1100    900     800     600     700     400     1500    800     900     500     
	20602  1957 1500    1100    1500    1100    1500    1300    1000    1100    300     500     1200    800     1300    700     800     500     1000    600     800     
	20602  1958 1600    1600    1000    600     1600    1000    1600    500     400     1600    600     500     1000    900     300     500     800     1600    400     
	20602  1959 3500    1500    3500    1500    2800    1700    2600    500     1400    600     1200    2800    1700    1200    1300    2000    1700    700     600     
	20602  1960 1300    1200    1300    300     1300    900     900     200     300     1200    600     1200    900     500     500     900     200     300     500     
	20602  1961 2000    1000    1000    1000    1000    700     2000    600     1000    900     700     1000    700     500     700     600     700     2000    900     
	20602  1962 1400    1200    1400    1100    1400    900     1300    600     1100    500     900     500     900     600     500     400     1300    800     700     
	20602  1963 2100    1900    1800    1500    800     1000    1800    1500    1100    800     600     800     600     800     500     1800    1000    500     1600    
	20602  1964 2300    2300    1200    1700    1800    900     1000    1700    500     1800    1000    1200    700     900     400     600     600     900     300     
	20602  1965 2100    800     2100    800     1000    2100    1300    500     800     600     400     1000    700     600     1900    700     1300    600     200     
	20602  1966 1700    1000    1700    1000    1400    1100    1500    1000    400     600     300     1400    1100    900     600     1500    600     300     200     
	20602  1967 1300    1100    1300    1100    1300    1200    900     1100    800     700     900     500     900     700     1200    500     200     900     400     
	20602  1968 1700    1100    1600    800     1600    1300    1000    500     800     900     1600    600     1300    800     900     400     1000    600     1600    
	20602  1969 1800    1200    1800    1000    1100    1300    1800    1000    400     1100    900     800     1200    1200    1300    1500    1800    200     700     
	20602  1970 2800    1300    2800    800     1300    2300    1300    800     300     800     300     1300    2300    500     800     1300    1200    700     1200    
	20602  1971 1700    1000    1700    1000    1400    1700    1500    600     900     600     1000    800     900     1600    800     900     1100    400     900     
	20602  1972 3200    2000    1600    1200    2000    1200    3200    1000    900     2000    600     700     500     1200    800     1400    1800    300     1800    
	20602  1973 2500    1100    1700    1100    1000    1700    1400    1100    700     1000    800     700     1700    500     1100    1400    800     500     400     
	20602  1974 3900    1100    2800    1100    3900    900     800     500     1100    1100    2800    700     800     400     900     800     300     400     400     
	20602  1975 2100    1200    2100    1100    900     2100    1700    600     1100    700     900     600     1000    700     1400    900     1700    700     500     
	20602  1976 3800    2300    3200    1300    3800    2300    700     500     1000    2300    3000    800     1600    1200    2300    700     600     400     400     
	20602  1977 1900    900     1900    500     1800    1100    1400    500     500     900     400     1800    1100    1100    500     1200    1400    100     600     
	20602  1978 1400    900     1400    900     1400    1200    900     900     900     600     1400    800     600     1200    600     500     500     900     800     
	20602  1979 1400    1000    1000    1000    600     1000    1400    1000    800     300     600     400     900     700     1000    1000    1100    700     400     
	20602  1980 2100    1600    2100    1500    2100    1200    900     1500    1400    800     1600    2100    600     1100    500     900     400     500     400     
	20602  1981 2600    1300    2100    1300    2600    1700    1100    1200    800     500     2100    400     900     700     1700    1100    500     400     500     
	20602  1982 2300    1600    2300    1600    1000    2300    1700    1200    1600    900     1000    1000    700     1600    700     1700    700     500     400     
	20602  1983 2400    1200    2400    1200    900     2400    1500    500     1200    900     400     200     1100    2200    1100    900     400     1300    800     
	20602  1984 2100    1300    2100    1100    2100    1500    600     400     1100    1300    1900    1100    800     900     1500    300     500     600     500     
	20602  1985 2200    2200    1000    2200    1000    500     1800    900     2200    400     400     1000    500     400     500     900     1800    900     300     
	20602  1986 2900    2900    1500    2600    1200    1200    2100    400     2600    1000    1200    800     1200    900     1100    1500    600     400     500     
	20602  1987 1200    1200    1100    1100    1200    1000    900     800     1100    1200    1100    900     800     700     500     400     400     900     600     
	20602  1988 1800    800     1800    600     1800    1100    900     600     200     200     1500    1800    1100    400     900     600     900     700     500     
	20602  1989 1800    900     1800    900     1800    1800    1100    600     600     700     500     1800    1800    1200    1300    900     400     1100    800     
	20602  1990 1900    800     1900    700     1900    1800    1800    600     700     800     900     1900    1200    1800    900     500     1800    300     600     
	20602  1991 2100    2100    2100    2100    1500    1600    1300    1100    1000    1100    900     1500    300     700     900     1300    900     400     1600    
	20602  1992 1800    1300    1800    1300    1700    1800    900     1200    700     400     700     1700    1200    1000    800     900     700     400     1300    
	20602  1993 2000    1000    2000    700     2000    1400    1200    400     700     1000    800     1200    1300    700     500     500     500     800     200     
	20602  1994 1600    1000    1300    1000    900     1300    1600    500     1000    200     600     900     1000    1300    500     600     1600    900     300     
	20602  1995 2500    1600    2500    500     1700    2500    2000    500     500     500     1100    600     1100    700     2100    200     2000    700     1100    
	20602  1996 1900    1800    1900    1600    1900    1000    1100    1600    800     1800    1900    500     900     1000    800     1100    800     300     900     
	20602  1997 2300    1800    2300    1800    1600    2300    1500    1800    300     700     1600    1000    600     1000    2300    1500    600     1100    400     
	20602  1998 1800    1000    1800    1000    1800    1600    1300    1000    800     1000    500     1800    300     400     1600    1300    300     500     400     
	20602  1999 1800    600     1800    600     1400    1500    1200    300     400     600     1000    800     900     1400    600     1200    1000    400     100     
	20602  2000 1200    1200    800     1200    800     800     400     1200    200     500     700     800     800     800     500     400     300     300     600     
	20602  2001 1800    1300    1800    1300    1000    1800    700     1300    900     600     500     1000    900     1200    700     200     700     200     1300    
	20602  2002 1800    1000    1300    1000    1800    1000    1000    1000    500     1000    1000    800     800     600     1000    1000    600     600     1300    
	20602  2003 3000    2300    3000    2200    2300    3000    1100    700     2200    2300    1500    700     1000    1200    2800    1100    900     800     1000    
	20602  2004 1800    1300    1800    1300    1800    1500    1000    200     1300    1000    1800    1500    1400    600     900     1000    900     400     1200    
	20602  2005 1600    900     1000    600     900     1000    1600    300     600     900     600     700     800     900     1000    600     1600    300     500     
	20602  2006 1500    1300    1500    1300    1300    1200    1500    1000    900     1300    900     1300    1200    1100    300     1500    1100    400     900     
	20602  2007 4500    1000    3500    900     4500    1300    1500    400     500     1000    3000    500     1300    300     800     500     1500    800     1600    
	20602  2008 1800    1500    1800    1500    1800    700     900     300     1500    300     1800    1500    600     300     700     900     600     300     1200    
	20602  2009 2300    1200    2300    1000    1600    1100    2300    800     600     1200    1600    800     900     200     900     2300    500     200     400     
	20602  2010 2400    600     2400    600     2400    1000    800     500     600     500     2400    1600    1000    900     400     400     800     700     800     
	20602  2011 3300    3000    3300    800     3300    900     2000    700     800     2900    1900    1400    400     700     400     900     600     2000    500     
	20602  2012 1700    1400    1100    900     1700    700     1000    500     900     1400    700     700     500     700     700     1000    500     600     200     
	20602  2013 2000    1100    2000    900     1000    2000    1300    900     400     1000    1000    700     1100    2000    1200    1100    400     200     400     
	20602  2014 1900    1700    1900    500     1700    1100    1900    300     500     1700    400     700     800     1100    300     1900    400     500     500     
	20602  2015 1400    1000    1200    900     1200    1100    1400    300     900     1000    1200    900     1100    600     1000    600     1000    400     300     
	20602  2016 2400    1900    2400    400     1900    1200    2400    300     400     1900    700     1100    1200    1100    700     2400    700     1000    700     
	20602  2017 1400    1100    1400    1100    1400    1000    700     800     1100    800     600     1400    1000    400     900     500     700     300     500     
	20602  2018 3600    1100    3600    1100    1500    3600    1600    400     1100    700     900     1500    900     2700    800     500     1600    700     400     
	20602  2019 1800    800     1800    700     1800    1600    700     400     700     700     1000    1800    1100    600     1200    600     400     700     700     
	20602  2020 2400    1900    2100    300     2400    1000    1300    300     300     1900    2100    1000    800     1000    900     1300    400     800     400     
	20602  2021 1900    1600    1900    1000    1400    1900    1300    300     1000    800     1400    500     1200    1900    500     1300    400     700     800     
	20602  2022 3300    1400    3300    500     3300    1500    800     500     400     1400    2300    1000    500     800     1500    500     800     500     600     
	20602  2023 2900    1100    2900    1100    1000    1900    1000    600     1100    300     600     1000    1900    400     500     1000    200     200     300     
	20602  2024 1100    1100    1100    600     1100    800     1100    600     300     1100    400     1100    800     600     500     1100    400     900     500     
	20602  2025 3600    1200    3600    1200    3600    2500    900     1100    900     1000    1500    2100    1100    700     2500    800     600     400     1100    
	20602  2026 -999999 1100    -999999 1100    -999999 -999999 -999999 1100    500     900     1900    -999999 -999999 -999999 -999999 -999999 -999999 -999999 -999999 
	