EUROPEAN CLIMATE ASSESSMENT & DATASET (ECA&D), file created on: 17-05-2026
THESE DATA CAN BE USED FOR NON-COMMERCIAL RESEARCH AND EDUCATION PROVIDED THAT THE FOLLOWING SOURCE IS ACKNOWLEDGED: 

Klein Tank, A.M.G. and Coauthors, 2002. Daily dataset of 20th-century surface
air temperature and precipitation series for the European Climate Assessment.
Int. J. of Climatol., 22, 1441-1453.
Data and metadata available at http://www.ecad.eu

FILE FORMAT (MISSING VALUE CODE = -999999):

THIS FILE HOLDS DATA FOR STATION NETHERLANDS                              DE KOOG                                  (STAID:    503)
LATITUDE: dd:mm:ss +53:06:00
LONGITUDE: ddd:mm:ss +004:46:00
ELEVATION: m    0

DATA IS FOR INDEX Maximum no of consecutive dry days (RR < 1 mm) (CDD) with unit 0.01 No of days

01-06 SOUID: Source identifier
08-11 YEAR : YYYY
13-20 ANNUAL DATA VALUES
21-28 WINTER HALF YEAR DATA VALUES
29-36 SUMMER HALF YEAR DATA VALUES
37-44 WINTER (DJF) DATA VALUES
45-52 SPRING (MAM) DATA VALUES
53-60 SUMMER (JJA) DATA VALUES
61-68 AUTUMN (SON) DATA VALUES
69-76 JANUARY DATA VALUES
etc. 
157-164 DECEMBER DATA VALUES

503    1950 -999999 -999999 -999999 -999999 -999999 -999999 -999999 -999999 -999999 -999999 -999999 -999999 -999999 -999999 -999999 -999999 -999999 -999999 -999999 
	503    1951 2300    -999999 1500    -999999 1100    900     2300    400     400     900     1100    700     900     900     600     600     1800    400     900     
	503    1952 1900    1000    1900    800     1900    1100    800     500     800     1000    1200    1900    800     800     1100    600     800     600     500     
	503    1953 3000    2000    1500    1100    2000    1200    1600    800     1100    2000    1100    1400    700     600     1000    600     800     1600    1400    
	503    1954 2600    1800    2600    1800    2600    800     600     1100    700     1200    2600    1400    500     400     800     400     300     600     600     
	503    1955 2100    1400    2100    1100    2000    1700    800     1000    1000    800     2000    800     600     1300    1700    800     700     500     600     
	503    1956 1400    1000    1400    800     1400    1000    1400    500     800     1000    1000    800     1000    400     300     1400    700     800     500     
	503    1957 1500    1500    1100    800     1300    1100    1500    800     500     1300    600     800     1100    400     700     400     1500    800     1100    
	503    1958 1400    600     1000    600     600     1000    1400    600     200     500     500     600     1000    900     400     500     800     1400    500     
	503    1959 3200    2100    3200    2100    2800    1700    2700    600     2000    700     1300    2800    1700    1400    1000    1700    1800    700     400     
	503    1960 1700    1700    1400    600     1700    900     900     300     600     1700    1400    1200    900     400     700     900     200     300     400     
	503    1961 1200    1000    1200    1000    1000    900     1200    500     1000    900     700     1000    800     600     900     1200    800     500     700     
	503    1962 2100    1500    1400    1300    1400    900     2100    400     1300    800     900     500     800     900     600     800     2100    700     700     
	503    1963 2000    1900    1400    1700    800     900     1400    1700    1100    800     600     800     600     700     300     1400    1000    500     1500    
	503    1964 2100    2100    1600    1900    1800    1600    1000    1900    500     1800    700     1200    700     1000    700     800     700     1000    300     
	503    1965 1600    800     1600    800     1000    1600    1400    500     600     700     400     1000    600     800     1600    800     1400    600     300     
	503    1966 1600    1000    1600    1000    1300    1000    1500    1000    400     600     800     1300    1000    600     800     1500    800     300     200     
	503    1967 1800    1500    1800    1500    1200    1800    800     800     1500    1100    800     400     1800    800     1200    500     300     800     500     
	503    1968 1800    1200    1500    800     1500    900     900     500     800     700     1500    600     900     700     800     900     800     600     1400    
	503    1969 3000    1200    3000    1100    1100    2100    3000    1100    500     1100    900     700     1300    1200    1400    3000    1800    200     600     
	503    1970 3100    1100    3100    600     1600    2600    1400    600     100     800     300     1600    2600    1000    1100    1400    1000    400     1200    
	503    1971 2200    1000    1500    1000    2200    1200    1500    600     800     700     1500    700     900     1100    700     800     1100    400     900     
	503    1972 3000    1800    1200    1200    1800    1200    3000    1000    900     1800    900     700     600     1200    1000    1200    1800    300     900     
	503    1973 2300    2300    2300    1500    2300    2300    1500    1400    700     2300    800     900     2300    500     1100    1500    900     700     300     
	503    1974 3500    1300    2200    1000    3500    1500    800     500     1000    1300    2200    900     1500    600     1000    800     200     400     500     
	503    1975 2100    1200    2100    1100    900     2100    2000    800     1100    500     900     900     1900    700     1400    500     1800    300     700     
	503    1976 2500    2400    2500    1700    1900    2500    700     500     1700    1000    1600    1300    1600    1200    2500    700     600     500     400     
	503    1977 2200    600     2200    500     1800    1500    1200    300     500     400     500     1800    1200    1500    500     1200    1100    300     600     
	503    1978 2400    900     2400    900     1200    2400    1000    400     900     600     900     1000    700     2200    800     600     1000    900     800     
	503    1979 1200    700     1000    600     600     900     1200    400     600     400     600     400     900     700     700     1000    1200    400     400     
	503    1980 2100    1600    2100    1400    2100    1000    1000    1400    1400    1100    1000    2100    600     1000    700     1000    300     500     300     
	503    1981 2300    800     1900    800     2300    1700    1000    500     800     500     1800    1000    900     700     1700    1000    500     600     600     
	503    1982 2500    1600    2500    1600    2500    2000    1800    1200    1600    700     1600    2500    700     1600    400     1800    500     300     500     
	503    1983 2100    1300    2100    1300    1100    2100    1700    600     1300    1100    500     300     800     2100    1100    800     700     1400    600     
	503    1984 2900    1300    2900    1100    2100    2800    900     500     1100    1300    1900    500     1000    1400    2800    300     900     400     500     
	503    1985 2200    2200    1000    2200    1000    600     1200    400     2200    300     800     1000    600     600     600     900     900     400     500     
	503    1986 2100    1400    2100    1300    1400    2100    2100    400     1300    1400    1200    500     2000    1400    1100    1500    600     400     500     
	503    1987 1300    1300    1200    1300    1300    1200    900     800     1300    1300    1000    800     800     900     500     500     400     900     500     
	503    1988 1500    700     1500    600     1500    1200    1000    500     600     200     1400    1500    1200    400     900     600     1000    600     600     
	503    1989 2000    1300    2000    1300    1800    2000    1100    1000    600     700     600     1800    1800    2000    1200    1000    400     1100    800     
	503    1990 2700    900     2700    800     1900    2700    1000    600     700     600     500     1900    1100    2200    900     600     1000    400     1000    
	503    1991 2200    2100    2200    2100    1500    1900    1300    1100    1000    1100    500     1500    500     700     1200    1300    600     500     1600    
	503    1992 1900    1300    1900    1300    1600    1900    900     1200    700     400     1100    1600    1100    1100    800     900     400     600     1300    
	503    1993 1800    1800    1600    1800    1600    1000    1300    500     1500    1500    800     800     700     400     600     400     1000    700     200     
	503    1994 1800    1800    1000    1800    1000    1000    1500    400     1800    200     900     900     600     1000    600     600     1500    1000    300     
	503    1995 2900    1500    2900    700     1500    2900    2100    700     500     600     900     800     1400    1100    2500    200     2100    1100    1100    
	503    1996 2900    2900    1800    2900    1800    1100    700     2100    800     1500    1800    500     900     1100    800     700     600     300     900     
	503    1997 2100    1800    2100    1800    1000    2100    1600    1800    300     900     1000    1000    700     900     2100    1600    700     500     600     
	503    1998 1600    1300    1600    1300    1400    1600    700     800     1300    1200    500     1400    300     600     1600    600     400     700     300     
	503    1999 1800    700     1800    600     1400    1300    1200    300     400     700     1000    700     900     900     600     1200    1200    300     200     
	503    2000 1500    800     1500    600     1500    1100    600     600     400     800     700     1500    700     1100    600     600     400     300     500     
	503    2001 1900    900     1900    900     1400    1900    700     900     900     500     400     1400    900     1200    500     300     400     700     1300    
	503    2002 2300    1100    1300    1100    2300    1000    1200    1000    500     1000    1300    800     500     700     1000    1200    600     200     1200    
	503    2003 2700    2300    2700    2100    2300    2700    1100    600     2100    2300    1400    600     1400    1300    2700    1100    1000    800     1000    
	503    2004 1500    1300    1500    800     1400    1500    1000    300     700     1100    1100    1400    1400    600     900     1000    900     300     1200    
	503    2005 900     700     900     700     800     900     700     500     700     700     600     800     800     900     500     700     500     400     500     
	503    2006 2200    1800    2200    1800    1500    1300    2200    1200    1100    1400    900     1500    1200    1100    300     2200    1100    400     1000    
	503    2007 4600    1100    3500    900     4600    1400    1200    500     500     1100    3000    500     600     800     1300    500     1200    500     1400    
	503    2008 1500    1500    1500    1500    1500    700     900     300     1500    400     1500    1500    700     300     700     800     900     500     1200    
	503    2009 2400    1200    2400    1000    1500    2300    2400    800     600     1200    1500    700     1100    500     2300    2400    600     100     400     
	503    2010 2500    1200    2500    1200    2500    1200    800     900     1200    800     2500    1700    1100    1100    400     500     800     600     900     
	503    2011 3300    3000    3300    800     3300    800     2700    700     800     2900    1900    1400    400     600     400     900     600     2100    500     
	503    2012 1600    1400    1000    900     1600    1000    800     500     900     1400    500     900     600     800     600     800     500     600     100     
	503    2013 2200    2000    2200    1400    2100    2200    1300    800     1400    1300    1400    1000    1100    2200    1300    1100    500     300     400     
	503    2014 1900    1400    1900    400     1400    1400    1900    400     300     1400    800     800     1400    1000    500     1900    300     600     500     
	503    2015 1200    1100    1200    1100    1200    800     1000    500     1100    1000    1200    900     600     800     800     600     700     300     300     
	503    2016 1600    1600    1400    400     1600    1000    1400    200     400     1600    600     1100    900     1000    700     1400    900     700     800     
	503    2017 2200    1100    1300    700     2200    1300    700     700     600     1100    1100    900     1300    700     900     500     700     400     700     
	503    2018 4100    1200    4100    900     1500    4100    1600    300     900     500     800     1500    1600    2500    600     700     1600    700     800     
	503    2019 2000    1000    2000    900     2000    1500    700     400     900     700     2000    800     1000    1100    1200    300     500     700     700     
	503    2020 2100    1500    2100    400     2100    1600    1300    400     300     1500    2100    1000    800     900     1200    1300    500     900     300     
	503    2021 -999999 -999999 1800    -999999 1500    1800    1200    -999999 1000    900     1500    500     1200    1800    500     1200    500     700     1000    
	503    2022 3100    1300    3100    900     3100    1500    600     900     400     1300    2100    1000    900     1300    1500    500     600     500     400     
	503    2023 2900    1200    2900    1200    1000    1900    1100    600     1200    300     700     1000    1900    1500    1100    1100    500     300     300     
	503    2024 1300    -999999 1300    -999999 1100    1300    1200    800     -999999 1100    400     1000    800     600     700     1200    400     800     600     
	503    2025 3600    1200    3600    1200    3600    1600    700     1200    900     1100    1500    2100    1100    900     1600    500     500     700     1100    
	503    2026 -999999 -999999 -999999 500     -999999 -999999 -999999 500     500     -999999 -999999 -999999 -999999 -999999 -999999 -999999 -999999 -999999 -999999 
	