EUROPEAN CLIMATE ASSESSMENT & DATASET (ECA&D), file created on: 17-05-2026
THESE DATA CAN BE USED FOR NON-COMMERCIAL RESEARCH AND EDUCATION PROVIDED THAT THE FOLLOWING SOURCE IS ACKNOWLEDGED: 

Klein Tank, A.M.G. and Coauthors, 2002. Daily dataset of 20th-century surface
air temperature and precipitation series for the European Climate Assessment.
Int. J. of Climatol., 22, 1441-1453.
Data and metadata available at http://www.ecad.eu

FILE FORMAT (MISSING VALUE CODE = -999999):

THIS FILE HOLDS DATA FOR STATION NETHERLANDS                              HOOGWOUD                                 (STAID:   2444)
LATITUDE: dd:mm:ss +52:43:59
LONGITUDE: ddd:mm:ss +004:58:00
ELEVATION: m   -1

DATA IS FOR INDEX Maximum no of consecutive dry days (RR < 1 mm) (CDD) with unit 0.01 No of days

01-06 SOUID: Source identifier
08-11 YEAR : YYYY
13-20 ANNUAL DATA VALUES
21-28 WINTER HALF YEAR DATA VALUES
29-36 SUMMER HALF YEAR DATA VALUES
37-44 WINTER (DJF) DATA VALUES
45-52 SPRING (MAM) DATA VALUES
53-60 SUMMER (JJA) DATA VALUES
61-68 AUTUMN (SON) DATA VALUES
69-76 JANUARY DATA VALUES
etc. 
157-164 DECEMBER DATA VALUES

2444   1883 -999999 -999999 -999999 -999999 -999999 1400    1100    -999999 -999999 -999999 -999999 1100    1200    600     1400    1100    700     400     900     
	2444   1884 2700    1000    2700    1000    1300    2700    1300    700     700     900     700     1200    700     500     2400    1300    600     1300    1100    
	2444   1885 2900    1000    2500    1000    2900    2200    1000    1000    400     900     2500    400     1200    1200    1200    500     400     1000    1700    
	2444   1886 2500    2500    2200    2400    1200    1800    1100    400     2400    1200    600     700     800     700     1800    1000    800     700     200     
	2444   1887 2500    1600    2500    1600    1200    2500    600     1000    1600    1000    1200    500     2200    1400    900     300     300     600     300     
	2444   1888 2000    1800    1700    1800    1400    700     1700    1700    500     200     300     1400    700     200     600     1700    1100    800     600     
	2444   1889 2600    1200    2600    1200    700     2600    900     1100    600     600     700     400     2000    600     600     900     500     900     1200    
	2444   1890 2600    1700    2600    1700    2600    1700    2100    400     1600    700     900     2500    500     800     900     2100    800     300     1800    
	2444   1891 3000    3000    900     2500    1300    700     800     700     2500    1300    900     400     700     300     200     800     300     800     900     
	2444   1892 1800    900     1500    900     1800    1200    400     700     900     700     1500    800     400     1200    1100    400     100     400     1000    
	2444   1893 7000    2400    4600    500     7000    1600    600     500     400     2400    3000    1600    1600    1000    600     400     600     200     500     
	2444   1894 3400    2000    1400    1000    3400    600     1000    1000    1000    2000    1400    1200    500     300     300     700     800     1000    500     
	2444   1895 1900    1000    1800    1000    1800    900     1900    700     1000    800     1800    1300    900     800     700     1700    500     1100    700     
	2444   1896 1800    1100    1800    1100    1800    1100    1500    600     1100    700     1400    1200    600     1100    500     300     200     1500    1000    
	2444   1897 2900    900     1700    800     1000    1700    2900    800     800     500     1000    1000    800     1600    400     800     1600    1300    700     
	2444   1898 2000    1600    2000    1300    1600    2000    1400    1300    600     1600    1000    500     2000    900     1300    1100    1100    400     800     
	2444   1899 2800    1700    2800    1500    1100    1700    1900    800     1500    800     300     1100    1700    900     1100    300     600     1900    900     
	2444   1900 2800    1300    2800    900     2800    1000    1500    700     700     1300    2300    1300    600     1000    500     1500    600     700     400     
	2444   1901 1600    1500    1600    1500    1400    1600    1400    1500    800     700     1000    1400    800     1100    1400    1000    1400    600     500     
	2444   1902 1800    1000    1800    800     800     1800    1600    700     600     700     700     800     1800    900     400     900     800     1600    1200    
	2444   1903 1400    1300    1400    1300    1000    1400    900     1000    1300    900     300     1000    1000    400     600     900     400     600     2200    
	2444   1904 2800    1200    1700    1200    800     1700    1600    1100    800     700     800     600     900     1700    500     1600    800     1000    1100    
	2444   1905 1400    1200    1100    1200    1100    800     600     1200    800     600     1100    1100    700     800     700     400     300     600     1400    
	2444   1906 1900    700     1700    700     1900    1300    1200    500     400     600     1700    600     1300    1200    500     1200    500     600     600     
	2444   1907 2300    1200    2300    1000    1700    1800    2300    1000    1000    1200    700     600     400     1800    500     2300    400     1100    800     
	2444   1908 2300    1300    2000    1300    1200    2000    2300    800     1100    700     1200    600     1300    1500    500     900     2100    500     1300    
	2444   1909 2000    2000    1500    1200    1000    1500    700     1200    1200    800     900     1000    1500    600     1200    700     400     700     600     
	2444   1910 2000    1200    1500    800     2000    1400    1500    800     400     1200    800     900     900     1400    1100    1500    900     400     300     
	2444   1911 2100    2100    2100    2100    2100    1500    1200    1200    1500    500     2100    1500    800     1400    1500    1200    600     400     300     
	2444   1912 1700    800     1700    800     1600    1500    1700    800     500     700     1600    900     300     1500    300     1700    1300    400     400     
	2444   1913 2600    1600    2600    1600    700     1800    1100    1000    1600    500     700     700     800     900     1800    900     800     400     600     
	2444   1914 2300    1600    2300    1600    2300    1900    900     1600    600     400     1700    900     800     800     1900    900     800     500     400     
	2444   1915 2100    800     1800    700     1700    1200    2100    700     500     700     700     1100    1200    500     700     1100    2100    600     300     
	2444   1916 2800    1200    2800    1100    1300    2800    1200    1100    300     1200    1000    600     300     1600    1200    1200    700     500     300     
	2444   1917 3400    3400    2300    3400    2300    1200    1000    1800    1600    1100    1100    1200    900     900     400     800     400     500     600     
	2444   1918 1800    1800    1600    1400    1800    1300    1200    900     700     1800    700     1600    600     700     1000    400     1100    900     600     
	2444   1919 2200    1900    2200    1900    2200    2000    1800    700     1500    900     900     2200    700     600     1500    1800    800     700     700     
	2444   1920 2900    1200    1400    1200    1100    1300    2900    900     1200    1100    500     700     1300    500     800     1400    1600    1300    900     
	2444   1921 2700    1500    1800    1300    1800    1100    2200    300     1300    900     1200    1800    900     1100    500     1700    900     2200    500     
	2444   1922 2300    1600    2300    1200    1600    900     1400    1000    1200    1600    900     1400    900     500     400     700     1400    700     500     
	2444   1923 2400    1400    2400    700     1400    2400    700     600     700     1400    1100    700     1000    1400    1400    700     100     700     500     
	2444   1924 1700    1700    1300    1200    1700    1300    1600    900     1200    1700    800     600     1000    1300    400     500     900     1600    1000    
	2444   1925 2300    800     2300    800     1200    2300    1400    800     500     500     1000    1200    1700    1900    1200    400     1100    700     500     
	2444   1926 2700    2100    1700    900     2700    1700    1000    700     900     2100    800     900     1300    1200    600     1000    600     700     900     
	2444   1927 1800    1400    1600    1400    1600    700     1000    500     1400    1300    700     1100    400     700     600     700     1000    600     1200    
	2444   1928 1700    1600    1700    1000    1600    1700    1100    200     1000    1200    1100    900     600     1700    700     1100    700     400     700     
	2444   1929 2500    2300    2500    2300    2400    2000    800     1300    2200    1900    800     2400    600     2000    800     800     600     500     900     
	2444   1930 2200    2200    1300    2000    1400    1000    900     1200    1400    1000    900     800     1000    500     800     600     900     300     600     
	2444   1931 1500    1200    1200    600     1200    1200    1500    500     600     1200    400     800     600     600     800     600     1200    1500    600     
	2444   1932 2500    2500    2000    2500    1900    2000    1000    1800    2100    1900    700     600     2000    500     1600    500     200     1000    1200    
	2444   1933 1500    1200    1400    1200    1300    1200    1200    1000    1100    1200    900     1000    800     800     700     1200    600     700     1500    
	2444   1934 2400    2400    1900    2400    1500    1600    1600    800     2400    900     600     1500    1300    1300    900     800     600     1600    700     
	2444   1935 1800    1500    1800    500     1800    1300    700     500     400     1500    600     1200    400     1000    1100    700     400     500     600     
	2444   1936 2800    2800    1500    1100    2800    1300    1000    400     1100    2800    400     900     800     400     1300    600     1000    1000    900     
	2444   1937 1900    600     1900    600     1300    1200    900     600     300     400     600     1300    700     500     1000    900     900     700     500     
	2444   1938 2300    2300    1700    1200    2300    1700    1200    300     1200    2300    1400    800     1700    800     900     700     1200    700     1200    
	2444   1939 2400    1200    2400    1200    1400    1000    800     400     800     400     700     1400    1000    600     1000    500     400     400     1500    
	2444   1940 1300    1100    1300    1100    1200    1100    900     800     1000    800     700     1200    1100    400     700     900     800     500     600     
	2444   1941 2400    1600    2400    1600    2400    1300    1500    1000    600     1100    1000    1400    1300    900     400     1500    700     700     400     
	2444   1942 3100    2100    3100    1700    3100    1100    1100    1700    1600    1200    2100    1000    1100    400     700     1100    300     600     500     
	2444   1943 3200    3200    1900    1300    1900    1900    1800    400     1300    1900    1100    1300    1000    1900    600     700     1600    600     1500    
	2444   1944 2000    2000    2000    2000    1200    2000    800     600     2000    1100    900     900     800     1000    1800    600     800     200     1100    
	2444   1945 2000    2000    1400    600     2000    1400    1400    600     400     2000    800     1400    700     1400    400     1300    1000    1400    600     
	2444   1946 1600    1500    1600    1500    1300    1600    1400    1500    400     1200    1300    800     800     1400    600     600     1400    700     1300    
	2444   1947 3100    1200    3100    1200    1200    2500    900     1200    1000    400     1100    1200    900     1300    2500    900     700     500     1000    
	2444   1948 3000    3000    1400    1500    1500    1400    1400    300     1500    1500    800     1100    600     1400    900     800     1100    1400    1100    
	2444   1949 2000    1300    1700    1000    1400    1700    2000    1000    600     1300    900     900     1700    1200    1000    1200    800     600     600     
	2444   1950 1600    1400    1600    1400    900     1300    900     1400    400     500     500     900     1300    400     500     500     900     400     1600    
	2444   1951 2400    1400    1500    800     1100    1000    2400    500     400     1000    1100    600     1000    900     300     600     2000    400     1200    
	2444   1952 1900    1000    1900    900     1900    1300    900     500     900     1000    1900    1900    1300    800     1100    900     500     700     600     
	2444   1953 3800    3800    1500    1100    2700    1000    1600    800     1100    2700    1100    1400    700     900     1000    600     1500    1600    500     
	2444   1954 3000    1800    3000    1800    3000    700     500     1100    700     1200    2700    1500    500     300     700     300     400     500     600     
	2444   1955 1500    1500    1400    1100    1200    1400    700     1000    1100    800     1200    800     600     1300    1200    700     600     600     500     
	2444   1956 1500    1200    1500    900     1500    1000    700     500     900     1200    1500    800     1000    300     400     700     700     700     600     
	2444   1957 1300    1200    1200    1200    1300    1100    1000    1200    500     600     900     900     1100    400     800     500     500     1000    900     
	2444   1958 1600    1300    1000    600     1300    1000    1600    500     200     1300    500     600     1000    700     400     600     800     1600    400     
	2444   1959 4900    2000    3200    2000    1500    1700    4700    700     1900    400     900     1500    1700    1600    700     3000    1700    700     400     
	2444   1960 1300    1100    1300    500     1300    900     900     500     400     1100    1200    1200    900     700     700     900     200     400     400     
	2444   1961 1500    1500    1000    1100    1500    700     1200    600     1100    1500    900     1000    700     600     700     600     1200    800     700     
	2444   1962 2100    1200    1600    1100    1400    1600    2100    600     1100    500     900     600     1600    800     400     400     2100    700     500     
	2444   1963 2300    2300    1700    1500    900     900     1700    1100    1500    800     800     900     900     700     200     1700    1000    600     1500    
	2444   1964 2300    2300    1600    1200    1800    1600    1000    1200    600     1800    800     1100    800     1000    600     700     600     900     400     
	2444   1965 1200    900     1200    900     1100    1200    1200    700     500     600     400     1100    800     800     1200    800     1200    600     100     
	2444   1966 1600    1000    1600    1000    1400    1000    1500    1000    500     600     600     1400    1000    300     800     1500    800     300     200     
	2444   1967 1100    900     1100    900     800     1100    1000    900     600     700     800     400     900     900     1100    600     400     1000    400     
	2444   1968 1700    1200    1700    800     1700    800     800     400     800     900     1700    500     800     800     700     700     800     800     1400    
	2444   1969 2400    1300    2400    1000    1300    2100    2400    1000    400     1300    900     700     1100    2100    900     2400    1700    200     700     
	2444   1970 2500    1200    2500    600     1100    2000    1300    600     600     800     300     1100    2000    600     1300    1300    1100    700     1400    
	2444   1971 2300    1300    2300    1300    2100    2200    2300    700     700     600     1500    600     900     2100    700     2300    1200    400     1700    
	2444   1972 3100    1800    1900    1300    1800    1200    3100    1000    900     1800    700     700     300     1200    1100    1300    1800    300     1800    
	2444   1973 2500    2100    2300    800     2100    2300    1300    700     600     2100    800     900     2300    500     2100    1300    900     700     500     
	2444   1974 3800    1400    2400    1000    3800    1000    500     500     1000    1400    2400    700     800     600     1000    500     400     400     600     
	2444   1975 2100    1200    2100    1200    900     2100    1800    900     1200    500     900     700     1100    700     1400    500     1800    700     700     
	2444   1976 2500    1600    2500    1600    1400    2500    1200    500     1600    1100    1400    800     1100    1200    2500    500     1200    500     300     
	2444   1977 1600    800     1600    600     1500    1500    1300    400     500     400     500     1500    1400    1500    500     1300    1100    300     600     
	2444   1978 1900    900     1900    900     1500    1200    900     700     900     500     900     1500    800     1100    600     500     800     900     800     
	2444   1979 1200    900     1000    900     600     1000    1200    900     600     300     500     600     600     700     1000    1000    1200    300     400     
	2444   1980 2400    1900    2400    1400    2400    800     800     1400    1400    1100    1100    2300    600     800     800     700     400     500     400     
	2444   1981 3200    1700    2700    1700    3200    1700    1000    700     1700    500     2700    300     900     1300    1700    1000    300     600     600     
	2444   1982 1900    1600    1900    1600    1900    1200    1400    1300    1600    1200    1700    1900    500     1200    300     1200    800     600     800     
	2444   1983 2400    1700    2400    1700    1300    2400    1600    400     1700    1300    500     300     1300    2300    700     900     600     1300    600     
	2444   1984 3000    1300    3000    1100    2200    2800    900     400     1100    1300    1900    600     700     1000    2800    300     700     500     500     
	2444   1985 2400    2400    1000    2400    900     600     2200    500     2200    500     800     900     500     600     500     900     2200    800     400     
	2444   1986 2900    2900    2100    2600    1500    2100    2100    400     2600    1500    1200    500     2000    1500    1000    1500    600     400     500     
	2444   1987 1200    1200    1200    1100    1200    1200    900     1000    1100    1200    800     900     800     900     400     500     500     900     600     
	2444   1988 2000    1100    2000    1100    1100    2000    1400    400     1100    300     1100    800     2000    400     900     600     1400    700     500     
	2444   1989 1900    900     1900    900     1800    1900    1200    600     600     700     500     1800    1900    1300    1000    1000    400     1200    900     
	2444   1990 2600    900     2600    700     1900    2600    900     500     700     900     500     1900    1100    2200    800     600     900     500     600     
	2444   1991 2500    2100    2200    2100    1500    900     1300    1100    1000    1200    800     1500    500     600     900     1300    1000    900     1600    
	2444   1992 1900    1300    1900    1300    1600    1900    1200    1200    700     500     900     1600    1200    1100    800     700     700     600     1300    
	2444   1993 1800    1800    1600    1800    1600    1000    1800    500     1500    1500    800     800     700     400     500     400     1000    800     300     
	2444   1994 1800    1800    1800    1800    1000    1800    1700    600     1800    800     900     700     500     1800    800     600     1700    900     300     
	2444   1995 3000    1600    3000    500     1600    3000    2000    300     500     500     900     700     1300    700     2500    400     2000    1100    1000    
	2444   1996 3000    3000    2100    3000    2100    1300    800     2200    800     1600    1900    600     900     1300    1000    800     800     300     900     
	2444   1997 2000    1800    1900    1800    1900    1900    1600    1800    300     900     1900    1000    600     1000    1900    1600    1000    500     400     
	2444   1998 1700    1300    1700    1300    1700    1300    700     800     1300    800     300     1700    200     700     1300    700     500     700     300     
	2444   1999 2000    600     2000    600     1300    1500    1400    300     400     600     900     800     900     1500    600     1400    1000    400     200     
	2444   2000 1200    1200    1000    1200    800     1000    600     1200    300     800     600     800     700     1000    600     600     400     300     600     
	2444   2001 1600    1200    1600    1200    1400    1600    400     1200    800     500     300     1400    900     700     700     200     300     400     1200    
	2444   2002 2300    1000    1300    1000    2300    1000    1000    1000    500     1000    1300    700     500     700     1000    1000    500     300     1200    
	2444   2003 2300    2300    2100    2200    2300    1800    1300    600     2200    2300    2100    700     1000    1200    1700    1100    1300    800     1000    
	2444   2004 2200    1100    2200    1100    2200    1500    1200    300     1100    1000    1100    2200    1300    600     900     1200    900     400     1500    
	2444   2005 1400    800     1400    700     800     900     800     600     600     800     600     400     800     900     600     800     600     500     600     
	2444   2006 1700    1700    1500    1700    1500    1300    1100    1100    900     1300    700     1500    1200    1100    400     1100    1100    400     500     
	2444   2007 3800    1100    3500    500     3800    900     1300    400     500     700     3000    500     900     300     900     500     1300    600     1700    
	2444   2008 1500    1500    1500    1500    1500    900     1000    400     1500    600     1500    1400    900     400     600     1000    900     600     1200    
	2444   2009 2400    1200    2400    1000    1400    1300    2400    800     500     1200    1400    700     900     400     900     2400    600     200     400     
	2444   2010 1600    1100    1600    1100    1600    900     800     900     1100    900     1500    1600    900     700     400     500     800     800     900     
	2444   2011 3000    3000    2700    700     2900    900     2000    700     700     2900    1900    800     400     700     400     900     600     2000    500     
	2444   2012 1900    1400    1100    900     1900    1000    1000    500     900     1400    700     900     600     700     800     1000    500     600     200     
	2444   2013 2200    1300    2200    1000    2100    2200    1300    1000    900     1300    1200    700     1100    2200    1300    1100    500     400     500     
	2444   2014 2100    1700    2100    500     1700    1300    1900    500     400     1700    800     600     1300    900     400     1900    700     600     400     
	2444   2015 1600    1600    1200    1600    1200    800     1100    400     1600    1000    1200    600     800     400     800     600     700     400     300     
	2444   2016 1300    1300    1300    400     1300    1100    1100    300     400     1300    600     1100    1100    1000    900     1000    1100    900     800     
	2444   2017 1400    800     1200    800     1400    1200    800     800     600     800     1100    900     1200    500     900     800     700     300     400     
	2444   2018 3600    1700    3600    1400    1500    3600    1600    400     1400    600     900     1500    900     2700    900     500     1600    700     800     
	2444   2019 2000    1400    2000    1000    2000    1600    600     400     1000    1400    2000    1600    1100    1000    1200    600     300     600     700     
	2444   2020 2800    1500    2700    700     2800    900     1300    700     300     1500    2700    1000    600     800     900     1300    600     800     400     
	2444   2021 1900    1700    1900    1000    1700    1200    1100    500     1000    900     1700    500     1200    1000    900     1100    300     300     800     
	2444   2022 3100    1400    3100    700     3100    1900    700     700     400     1400    2100    1000    900     1900    1500    500     700     500     600     
	2444   2023 3900    1100    3900    1100    2000    1900    1100    500     1100    400     500     2000    1900    300     1100    1100    700     200     500     
	2444   2024 1400    600     1400    600     800     1400    1100    600     500     500     500     800     1400    800     700     1100    500     900     700     
	2444   2025 2900    1800    2700    1200    2900    1600    1100    1100    900     1800    1100    2100    1200    600     1600    1000    500     700     1100    
	2444   2026 -999999 1100    -999999 1100    -999999 -999999 -999999 1100    500     900     1000    -999999 -999999 -999999 -999999 -999999 -999999 -999999 -999999 
	