EUROPEAN CLIMATE ASSESSMENT & DATASET (ECA&D), file created on: 17-05-2026
THESE DATA CAN BE USED FOR NON-COMMERCIAL RESEARCH AND EDUCATION PROVIDED THAT THE FOLLOWING SOURCE IS ACKNOWLEDGED: 

Klein Tank, A.M.G. and Coauthors, 2002. Daily dataset of 20th-century surface
air temperature and precipitation series for the European Climate Assessment.
Int. J. of Climatol., 22, 1441-1453.
Data and metadata available at http://www.ecad.eu

FILE FORMAT (MISSING VALUE CODE = -999999):

THIS FILE HOLDS DATA FOR STATION NETHERLANDS                              LEEUWARDEN_1                             (STAID:  10966)
LATITUDE: dd:mm:ss +53:13:14
LONGITUDE: ddd:mm:ss +005:45:15
ELEVATION: m    2

DATA IS FOR INDEX Maximum no of consecutive dry days (RR < 1 mm) (CDD) with unit 0.01 No of days

01-06 SOUID: Source identifier
08-11 YEAR : YYYY
13-20 ANNUAL DATA VALUES
21-28 WINTER HALF YEAR DATA VALUES
29-36 SUMMER HALF YEAR DATA VALUES
37-44 WINTER (DJF) DATA VALUES
45-52 SPRING (MAM) DATA VALUES
53-60 SUMMER (JJA) DATA VALUES
61-68 AUTUMN (SON) DATA VALUES
69-76 JANUARY DATA VALUES
etc. 
157-164 DECEMBER DATA VALUES

10966  1875 -999999 -999999 -999999 -999999 -999999 -999999 -999999 -999999 -999999 -999999 -999999 -999999 -999999 -999999 -999999 -999999 600     400     600     
	10966  1876 2000    1200    2000    1200    2000    1900    1600    1000    300     500     700     2000    1000    600     1900    400     1600    500     500     
	10966  1877 1500    500     1500    500     1500    900     1000    500     100     500     1200    800     900     400     300     500     600     600     500     
	10966  1878 1900    1300    1900    1300    1900    1100    900     400     1200    400     1100    1000    900     1100    500     600     900     700     300     
	10966  1879 1800    1700    1400    1700    1400    600     700     1600    700     1200    900     700     600     600     400     700     600     600     1800    
	10966  1880 2800    1800    2800    1600    1800    2300    700     1300    700     1800    1700    1500    700     800     2300    600     300     400     600     
	10966  1881 1700    900     1200    900     1700    700     1200    700     900     800     1100    1000    500     700     700     1200    600     900     800     
	10966  1882 3600    3600    1400    3600    1400    800     700     2300    1300    1300    800     1400    400     400     700     700     500     400     500     
	10966  1883 1500    1500    1400    1500    1500    1300    1100    1500    700     600     1400    700     1300    300     700     1100    800     300     900     
	10966  1884 1900    1200    1900    900     1100    1900    1300    700     900     900     800     1100    1500    500     1300    1300    900     900     700     
	10966  1885 1500    1500    1500    1300    1500    1500    900     1300    500     1500    1300    400     1000    1100    800     500     300     900     1000    
	10966  1886 2000    2000    1500    2000    1200    1400    1300    200     2000    1200    600     1000    1100    700     1200    600     1100    400     300     
	10966  1887 2500    1700    2500    1500    1200    2500    1200    1200    1500    1000    1200    600     2200    1400    800     800     600     1200    300     
	10966  1888 1500    1400    1500    1400    1300    1500    1300    1400    500     400     800     1300    700     400     1500    1100    900     1300    1300    
	10966  1889 2600    1000    2600    1000    2200    2600    1400    800     300     600     2200    500     2000    600     400     500     700     1400    900     
	10966  1890 2300    1500    1400    1500    1000    800     1400    400     1400    1000    700     900     500     800     800     1400    700     800     1700    
	10966  1891 2700    2700    1900    2500    900     1900    700     900     2500    900     700     500     1500    400     300     700     600     500     1200    
	10966  1892 1800    1200    1500    1200    1800    1100    1000    700     1000    1000    1500    800     400     1100    1000    900     200     1000    1500    
	10966  1893 3100    1300    3100    1000    2800    2100    600     1000    600     1300    1500    1200    2100    1000    1800    500     300     600     500     
	10966  1894 3200    1800    1400    1300    3200    800     1000    1300    900     1800    1400    1300    600     300     800     900     900     1000    600     
	10966  1895 1400    1200    1400    1200    1400    900     1400    400     1200    800     1400    1100    800     800     900     1300    300     700     1100    
	10966  1896 1500    1200    1500    1200    1300    1100    1400    1100    1200    700     1000    1300    700     1100    300     400     200     1400    400     
	10966  1897 2500    1200    1700    1200    800     1500    2500    1200    600     700     600     800     1500    1300    600     900     1200    1300    1500    
	10966  1898 2200    2200    1900    2200    1200    1300    1700    2200    400     1000    1200    400     1000    800     1300    1700    1000    1000    600     
	10966  1899 3300    3100    3300    1300    1800    2800    1800    800     1300    1800    1000    500     2800    1700    1400    200     1200    1800    1100    
	10966  1900 2700    1200    2700    1100    2700    1200    1000    500     600     1200    700     2100    1000    1200    700     600     300     1000    600     
	10966  1901 1600    1600    1400    1600    1400    1400    1400    1600    700     600     800     1400    1400    1200    1400    1000    800     700     300     
	10966  1902 1700    1700    1600    1700    1000    1600    1100    500     1700    700     1000    500     1600    900     500     800     500     1000    1100    
	10966  1903 2300    1000    2300    1000    1400    1400    800     1000    700     800     400     1400    1000    400     300     800     400     700     2200    
	10966  1904 2800    1300    1400    1000    1400    1400    1000    1000    800     1300    1400    1100    800     1400    800     900     600     1000    700     
	10966  1905 1500    900     1500    900     900     1500    1200    900     700     700     700     900     900     1500    700     1200    300     700     800     
	10966  1906 1800    800     1700    800     1800    1200    1300    400     500     700     1700    500     1200    1000    500     1200    600     500     900     
	10966  1907 2400    1100    2300    1100    1300    1100    2400    1000    1100    800     700     600     400     1100    600     2300    400     1100    800     
	10966  1908 1500    1300    1500    1300    800     1500    1200    900     1100    600     400     800     1200    1100    900     800     1200    800     1300    
	10966  1909 1500    1500    1000    1200    1000    1000    600     1200    1200    600     900     1000    500     500     1000    600     400     400     800     
	10966  1910 2500    1300    1300    800     2500    1300    1800    800     400     1300    1200    900     1300    1000    900     800     1700    400     300     
	10966  1911 1600    1200    1600    1200    1600    1500    500     1100    800     700     1600    1000    700     1400    1500    400     500     500     200     
	10966  1912 2000    800     2000    800     2000    1500    1300    800     500     500     1900    500     500     1500    300     1300    1000    300     500     
	10966  1913 1800    1600    1800    1600    1200    1800    1100    1100    1600    400     1100    700     600     900     1800    1000    800     400     600     
	10966  1914 1900    1900    1800    1900    1000    1800    1100    1900    1200    500     900     800     1100    800     1800    900     1100    500     300     
	10966  1915 1500    1100    1500    700     1500    1100    1300    700     400     600     1400    1000    1100    600     700     1300    1300    600     200     
	10966  1916 2800    1100    2800    1100    1300    2800    1100    1000    200     900     1000    600     500     1500    1300    1000    900     900     400     
	10966  1917 2400    2400    1300    2400    1300    1100    1300    1400    1100    600     700     1200    800     700     500     1100    600     1000    600     
	10966  1918 1400    1200    1400    1200    1200    900     1100    700     600     1200    700     900     800     700     700     200     1000    600     200     
	10966  1919 2200    900     2200    900     2200    1300    1200    800     900     500     900     2200    1300    900     1000    1200    800     500     800     
	10966  1920 4100    1400    1500    1400    1100    1500    4100    700     1400    1100    200     700     1500    500     800     1000    2800    1400    600     
	10966  1921 2700    1700    1600    1700    1400    1600    2200    300     1400    1000    1200    1000    800     1600    600     1100    1000    2200    500     
	10966  1922 1600    1600    1500    1600    1300    900     1400    1500    900     1000    800     1300    900     400     400     900     1400    1100    600     
	10966  1923 1600    1600    1400    800     1600    1400    900     600     400     1600    1100    900     500     1400    1300    900     200     600     500     
	10966  1924 2100    1500    2100    1100    1500    2100    1300    700     900     1500    900     600     1900    500     500     500     1000    1300    1000    
	10966  1925 1900    1200    1900    1200    1300    1900    1000    1200    500     700     700     1300    1500    1900    1200    300     700     900     600     
	10966  1926 1300    900     1300    700     1000    1300    900     500     700     900     900     400     500     1300    900     800     800     700     1000    
	10966  1927 2600    1400    1500    1400    1500    900     1000    700     1400    900     500     1200    900     900     600     900     1000    600     2000    
	10966  1928 2400    2400    1700    1200    1500    1700    1100    300     1200    1200    1300    800     600     1700    700     1100    700     400     400     
	10966  1929 2100    1600    2100    1400    1600    2100    800     1300    1300    1600    1000    1600    700     2100    700     800     600     500     500     
	10966  1930 2200    2200    2000    1300    1000    2000    800     1200    1300    900     1000    800     2000    400     700     500     800     500     800     
	10966  1931 1300    1000    1100    800     1100    1100    1300    500     400     1000    400     900     600     500     800     600     600     1300    1000    
	10966  1932 2500    2500    2400    2500    1900    2400    1000    1800    1400    1900    400     400     2400    500     1900    500     400     1000    1700    
	10966  1933 2700    1300    2700    1300    1700    1100    1200    1300    600     1200    900     1700    1000    900     1000    1200    300     900     1500    
	10966  1934 2100    2100    1500    2100    1000    1400    1700    700     2100    700     700     1000    1100    1200    800     700     300     1700    700     
	10966  1935 1700    1500    1700    700     1700    1400    500     700     400     1500    600     1100    400     1100    1400    400     500     500     600     
	10966  1936 1300    900     1300    900     1300    1300    1000    500     900     900     800     1000    1300    300     1200    500     500     1000    900     
	10966  1937 1500    600     1500    500     1300    1400    800     500     200     500     500     1300    800     800     1000    600     800     700     400     
	10966  1938 2300    2300    1300    1200    2300    1200    1300    300     1200    2300    1300    800     1200    800     600     800     800     1300    1200    
	10966  1939 2900    1500    2900    1500    1900    1500    800     700     800     500     700     1900    1000    500     1500    600     400     800     1500    
	10966  1940 1400    1400    1300    1400    900     1100    800     1400    700     400     800     900     1100    300     700     800     800     500     300     
	10966  1941 2800    1100    2800    700     2500    2800    2000    700     600     1100    1100    1400    1600    1200    300     1200    800     500     700     
	10966  1942 3000    1800    3000    1500    3000    1200    600     1400    1500    1100    2000    1000    1200    500     400     600     300     600     500     
	10966  1943 3600    3600    1800    1300    2300    1800    1400    700     1300    2300    1200    1100    900     1800    600     1100    1000    500     1000    
	10966  1944 1900    1700    1900    1700    900     1900    900     500     1700    700     800     700     1000    1400    1800    500     900     300     1000    
	10966  1945 2000    2000    1400    600     2000    800     1700    600     300     2000    1400    800     400     800     400     1200    1700    700     300     
	10966  1946 2200    1400    2200    900     2200    800     1400    900     400     900     1700    1500    400     800     400     700     1400    300     900     
	10966  1947 3200    1200    3200    1200    1800    2500    1600    1000    1100    400     1100    1800    900     1600    2500    700     1600    400     700     
	10966  1948 2100    2100    1900    1500    1900    1200    1400    400     1500    900     1900    1100    600     1200    600     700     700     1400    1100    
	10966  1949 1900    1400    1900    1300    1500    1900    1800    700     700     1400    800     600     1600    1100    900     800     1000    500     500     
	10966  1950 1600    1300    1600    1300    900     1300    900     1300    400     500     800     900     1300    200     600     300     900     200     1500    
	10966  1951 2400    1800    1600    1200    1200    1100    2400    1000    600     1200    1100    500     1100    1000    400     800     2000    400     1300    
	10966  1952 1400    900     1400    700     1400    700     800     700     700     900     1200    1400    700     700     500     600     800     600     700     
	10966  1953 2300    1300    1000    1100    1000    1000    1500    800     1100    800     1000    700     500     600     1000    700     800     1500    800     
	10966  1954 2000    2000    1700    2000    1700    800     500     1100    900     1600    1600    1300    500     400     800     300     500     500     600     
	10966  1955 1700    1500    1700    1100    1200    1400    800     1100    1100    800     1200    1100    800     1300    800     800     700     700     200     
	10966  1956 1400    1100    1400    700     1400    1000    1400    500     700     1100    1000    800     1000    400     300     1400    900     700     500     
	10966  1957 1500    1100    1500    1100    1500    1300    1000    1100    500     500     1200    800     1300    400     600     500     1000    600     900     
	10966  1958 1600    1600    1200    600     1600    1200    1600    500     200     1600    700     500     1000    1200    600     500     800     1600    400     
	10966  1959 3500    1500    3500    1500    2800    1500    2100    500     1400    500     1300    2800    1500    1400    1500    2000    1700    700     500     
	10966  1960 1400    1200    1400    500     1400    600     900     200     500     1200    900     1200    600     300     600     900     100     400     500     
	10966  1961 1800    1000    1300    1000    1300    700     1800    600     1000    900     1300    1000    700     300     700     600     700     1800    1500    
	10966  1962 2200    1200    1400    1200    1400    900     2200    400     1200    500     900     500     900     600     400     400     2200    800     700     
	10966  1963 2400    2400    1800    2200    900     1000    1800    1600    1600    800     600     900     600     800     300     1800    1000    500     1500    
	10966  1964 2400    2400    1000    1700    1800    1000    1000    1700    600     1800    900     900     700     900     500     400     600     900     300     
	10966  1965 1800    800     1800    800     1100    1800    1300    500     700     600     400     1100    800     800     1800    700     1300    700     200     
	10966  1966 1600    1000    1600    1000    1300    1000    1500    1000    600     600     300     1300    1000    700     600     1500    1200    300     300     
	10966  1967 1200    1000    1200    1000    900     1200    900     1000    700     700     900     500     900     700     1200    500     200     900     500     
	10966  1968 1700    1300    1700    1300    1700    900     1000    500     1300    600     1700    500     800     600     900     400     1000    800     1600    
	10966  1969 1900    1300    1300    1000    1200    1200    1900    1000    400     1200    900     700     1000    1200    700     1300    1900    200     600     
	10966  1970 2300    1400    2300    800     1300    2300    1300    800     400     800     300     1300    2300    400     900     1300    1300    700     600     
	10966  1971 2100    900     2100    900     1400    1200    2100    600     900     500     1100    800     700     1100    500     2100    1100    400     1800    
	10966  1972 2400    1900    1600    1400    1900    1200    2400    1000    900     1900    900     700     400     1200    800     800     1800    500     1800    
	10966  1973 3700    2200    2300    2200    1100    2300    1400    1900    700     1100    1100    700     2300    500     1100    1400    800     700     500     
	10966  1974 3400    1100    2300    1100    3400    1400    800     500     1100    1100    2300    700     800     500     1400    800     300     400     600     
	10966  1975 2100    1200    2100    1100    900     2100    2000    700     1100    700     900     500     1000    700     1400    800     1800    700     700     
	10966  1976 2500    2300    2500    1300    2300    2500    700     500     1100    2300    1900    500     1600    1300    2500    700     700     600     400     
	10966  1977 1900    900     1900    500     1800    1100    1300    500     500     900     500     1800    1100    1100    700     1200    1300    200     900     
	10966  1978 2100    1100    2100    1100    1500    1100    1400    900     1000    500     1400    1500    600     1100    600     500     1400    900     800     
	10966  1979 1100    1000    1100    1000    600     1100    1100    900     1000    500     500     600     900     700     1100    1000    1100    300     400     
	10966  1980 2200    1900    2200    1700    2200    900     800     1500    1700    1400    800     2200    900     900     500     800     500     500     200     
	10966  1981 2600    1300    2100    1300    2600    900     1100    1200    800     500     2100    700     800     700     900     1100    300     300     700     
	10966  1982 1800    1600    1800    1600    1100    1200    1800    1300    1600    900     1000    1100    600     1200    700     1800    800     400     500     
	10966  1983 2500    1700    2500    1700    1300    2500    1600    400     1700    1300    300     200     1200    2300    1100    900     700     1300    600     
	10966  1984 2400    1300    2400    1100    2100    2400    1200    200     1100    1300    1900    1100    800     900     2400    200     600     1200    500     
	10966  1985 2200    2200    1000    2200    1000    600     1700    900     2200    500     800     1000    500     600     400     900     1700    1200    400     
	10966  1986 3500    3500    1500    3200    1200    1000    2100    400     2800    1000    1200    800     700     900     900     1500    700     400     500     
	10966  1987 1500    1500    1200    1500    1300    1200    900     1100    1100    1300    1100    900     800     900     300     500     400     900     600     
	10966  1988 1800    800     1800    600     1800    1200    900     600     500     300     1500    1800    1100    300     900     600     900     700     500     
	10966  1989 1800    900     1800    900     1700    1800    1200    600     600     700     500     1700    1800    1600    1000    1000    400     1200    900     
	10966  1990 1900    800     1900    700     1900    1800    1800    600     700     800     800     1900    1000    1800    800     500     1800    500     600     
	10966  1991 2300    2300    2200    2300    1500    900     1400    1100    1200    1200    800     1500    300     600     900     1400    900     400     1600    
	10966  1992 1700    1300    1700    1300    1700    1100    900     1200    700     400     800     1700    1100    700     500     900     700     600     1300    
	10966  1993 2500    1800    2500    1800    2500    1500    1800    500     1500    1500    800     1700    800     800     500     400     1000    1600    300     
	10966  1994 1600    1000    1300    1000    900     1300    1600    500     1000    200     900     600     1000    1300    800     600     1600    600     300     
	10966  1995 2600    1600    2600    500     1900    2600    2000    500     500     500     1200    800     1300    700     2200    300     2000    700     1100    
	10966  1996 3300    3300    1700    3300    2100    1000    1100    2200    1100    2100    1700    500     900     1000    800     1100    800     400     900     
	10966  1997 2200    1800    2200    1800    2200    2000    1600    1800    300     700     2200    1000    600     900     2000    1500    600     1600    500     
	10966  1998 1600    1000    1600    1000    1600    1600    1300    1000    800     1000    500     1600    300     700     1600    1300    200     500     300     
	10966  1999 1800    700     1800    700     1400    1500    1200    300     400     600     1000    700     900     1400    600     1200    1200    700     200     
	10966  2000 1300    1300    1000    1300    800     1000    600     1300    300     800     700     800     800     1000    600     600     400     300     700     
	10966  2001 1300    1300    1300    1300    1000    1300    700     1300    900     600     400     1000    1300    900     700     400     700     700     1300    
	10966  2002 2300    1100    1300    1100    2300    700     900     1000    500     1000    1300    800     700     600     700     900     600     500     1400    
	10966  2003 3000    2000    3000    1900    2000    3000    1100    900     1900    2000    1400    700     1000    1200    2800    1100    900     800     1000    
	10966  2004 1800    1100    1800    1100    1800    1500    1000    200     1100    1000    1800    1500    1300    600     900     1000    900     400     1200    
	10966  2005 1900    900     1900    600     900     1000    1700    300     600     900     600     800     800     900     1000    1400    1700    400     500     
	10966  2006 1900    1400    1900    1300    1400    1200    1900    1000    900     1400    900     1300    1200    1100    300     1900    1100    400     900     
	10966  2007 4500    1000    3500    800     4500    1300    1000    400     500     1000    3000    500     1300    300     1100    500     900     1000    1300    
	10966  2008 1700    1600    1700    1600    1700    900     900     300     1600    400     900     1600    600     300     900     900     600     300     1200    
	10966  2009 2300    1100    2300    1000    1600    1400    2300    800     600     1100    1600    800     1000    400     900     2300    600     200     500     
	10966  2010 2400    1200    2400    1200    2400    1000    800     500     1200    700     2400    1600    900     1000    400     400     800     500     900     
	10966  2011 3000    3000    2800    700     2900    700     2000    700     700     2900    1900    900     400     700     600     400     600     2000    500     
	10966  2012 1700    1600    1100    1600    1700    800     1000    900     1200    1400    500     700     500     700     800     1000    500     600     200     
	10966  2013 2200    1100    2200    1000    1100    2200    1300    900     1000    1100    1000    700     1100    2200    1400    1100    500     300     400     
	10966  2014 1400    1400    1400    600     1400    800     1300    300     600     1400    400     600     800     600     400     1300    700     600     500     
	10966  2015 1300    1000    1200    900     1200    1100    1300    400     900     1000    1200    900     1100    600     1000    600     1000    300     300     
	10966  2016 2400    1700    2400    500     1700    1300    2400    300     500     1700    700     1100    1200    1300    700     2400    700     1000    800     
	10966  2017 1400    1100    1400    1100    1400    1100    700     800     1100    700     1100    1400    1100    400     900     600     700     300     800     
	10966  2018 3600    1700    3600    1400    1500    3600    1600    400     1400    800     900     1500    1100    2700    800     600     1600    700     900     
	10966  2019 2000    1400    2000    1000    2000    2000    600     500     1000    1400    2000    2000    1500    700     1100    600     300     600     700     
	10966  2020 2600    1600    2600    700     2600    1100    1300    700     300     1600    2600    1000    800     1100    900     1300    400     800     400     
	10966  2021 1600    1500    1600    1000    1400    1600    1200    200     1000    800     1400    500     1100    1600    500     1200    400     700     800     
	10966  2022 3100    1400    3100    700     3100    1500    700     700     400     1400    2100    1000    500     900     1500    500     700     500     600     
	10966  2023 2900    1100    2900    1100    1000    1900    1100    600     1100    400     600     1000    1900    400     1100    1100    200     200     500     
	10966  2024 1200    1100    1100    700     1100    800     1200    700     300     1100    400     1100    800     600     700     1100    500     900     600     
	10966  2025 2700    1200    2700    1200    2700    2200    1000    1000    900     1000    1100    2100    1100    700     2200    800     700     700     1100    
	10966  2026 -999999 1100    -999999 1100    -999999 -999999 -999999 1100    500     900     1900    -999999 -999999 -999999 -999999 -999999 -999999 -999999 -999999 
	