EUROPEAN CLIMATE ASSESSMENT & DATASET (ECA&D), file created on: 17-05-2026
THESE DATA CAN BE USED FOR NON-COMMERCIAL RESEARCH AND EDUCATION PROVIDED THAT THE FOLLOWING SOURCE IS ACKNOWLEDGED: 

Klein Tank, A.M.G. and Coauthors, 2002. Daily dataset of 20th-century surface
air temperature and precipitation series for the European Climate Assessment.
Int. J. of Climatol., 22, 1441-1453.
Data and metadata available at http://www.ecad.eu

FILE FORMAT (MISSING VALUE CODE = -999999):

THIS FILE HOLDS DATA FOR STATION NETHERLANDS                              AKKRUM                                   (STAID:  20472)
LATITUDE: dd:mm:ss +53:28:10
LONGITUDE: ddd:mm:ss +005:49:39
ELEVATION: m    0

DATA IS FOR INDEX Maximum no of consecutive dry days (RR < 1 mm) (CDD) with unit 0.01 No of days

01-06 SOUID: Source identifier
08-11 YEAR : YYYY
13-20 ANNUAL DATA VALUES
21-28 WINTER HALF YEAR DATA VALUES
29-36 SUMMER HALF YEAR DATA VALUES
37-44 WINTER (DJF) DATA VALUES
45-52 SPRING (MAM) DATA VALUES
53-60 SUMMER (JJA) DATA VALUES
61-68 AUTUMN (SON) DATA VALUES
69-76 JANUARY DATA VALUES
etc. 
157-164 DECEMBER DATA VALUES

20472  1882 -999999 -999999 -999999 -999999 -999999 -999999 -999999 -999999 -999999 -999999 -999999 -999999 -999999 -999999 -999999 -999999 500     1300    1600    
	20472  1883 4000    2600    1600    1900    4000    1200    1100    1300    1900    2600    1300    1600    1200    200     600     1100    900     300     1000    
	20472  1884 1700    1300    1700    1300    1200    1700    1100    700     800     900     900     1200    900     600     1300    1100    600     900     1100    
	20472  1885 -999999 2300    -999999 1300    -999999 -999999 -999999 1300    700     2300    1400    -999999 -999999 -999999 -999999 -999999 -999999 -999999 -999999 
	20472  1886 -999999 -999999 -999999 -999999 -999999 -999999 -999999 -999999 -999999 -999999 -999999 -999999 -999999 -999999 -999999 -999999 -999999 -999999 -999999 
	20472  1887 -999999 -999999 -999999 -999999 -999999 -999999 -999999 -999999 -999999 -999999 -999999 -999999 -999999 -999999 -999999 -999999 -999999 -999999 -999999 
	20472  1888 -999999 -999999 -999999 -999999 -999999 -999999 -999999 -999999 -999999 -999999 -999999 -999999 -999999 -999999 -999999 -999999 -999999 -999999 -999999 
	20472  1889 -999999 -999999 -999999 -999999 -999999 -999999 -999999 -999999 -999999 -999999 -999999 -999999 -999999 -999999 -999999 -999999 -999999 -999999 -999999 
	20472  1890 -999999 -999999 -999999 -999999 -999999 -999999 -999999 -999999 -999999 -999999 -999999 -999999 -999999 -999999 -999999 -999999 -999999 -999999 -999999 
	20472  1891 -999999 -999999 -999999 -999999 -999999 -999999 -999999 -999999 -999999 -999999 -999999 -999999 -999999 -999999 -999999 -999999 -999999 -999999 -999999 
	20472  1892 -999999 -999999 -999999 -999999 -999999 -999999 -999999 -999999 -999999 -999999 -999999 -999999 -999999 -999999 -999999 -999999 -999999 -999999 -999999 
	20472  1893 -999999 -999999 -999999 -999999 -999999 -999999 -999999 -999999 -999999 -999999 -999999 -999999 -999999 -999999 -999999 -999999 -999999 -999999 -999999 
	20472  1894 -999999 -999999 -999999 -999999 -999999 -999999 -999999 -999999 -999999 -999999 -999999 -999999 -999999 -999999 -999999 -999999 -999999 -999999 -999999 
	20472  1895 -999999 -999999 -999999 -999999 -999999 -999999 -999999 -999999 -999999 -999999 -999999 -999999 -999999 -999999 -999999 -999999 -999999 -999999 -999999 
	20472  1896 -999999 -999999 -999999 -999999 -999999 -999999 -999999 -999999 -999999 -999999 -999999 -999999 -999999 -999999 -999999 -999999 -999999 -999999 -999999 
	20472  1897 -999999 -999999 -999999 -999999 -999999 -999999 -999999 -999999 -999999 -999999 -999999 -999999 -999999 -999999 -999999 -999999 -999999 -999999 -999999 
	20472  1898 -999999 -999999 -999999 -999999 -999999 -999999 -999999 -999999 -999999 -999999 -999999 -999999 -999999 -999999 -999999 -999999 -999999 -999999 -999999 
	20472  1899 -999999 -999999 -999999 -999999 -999999 -999999 -999999 -999999 -999999 -999999 -999999 -999999 -999999 -999999 -999999 -999999 -999999 -999999 -999999 
	20472  1900 -999999 -999999 -999999 -999999 -999999 -999999 -999999 -999999 -999999 -999999 -999999 -999999 -999999 -999999 -999999 -999999 -999999 -999999 -999999 
	20472  1901 -999999 -999999 -999999 -999999 -999999 -999999 -999999 -999999 -999999 -999999 -999999 -999999 -999999 -999999 -999999 -999999 -999999 -999999 -999999 
	20472  1902 -999999 -999999 -999999 -999999 -999999 -999999 -999999 -999999 -999999 -999999 -999999 -999999 -999999 -999999 -999999 -999999 -999999 -999999 -999999 
	20472  1903 -999999 -999999 -999999 -999999 -999999 -999999 -999999 -999999 -999999 -999999 -999999 -999999 -999999 -999999 -999999 -999999 -999999 -999999 -999999 
	20472  1904 -999999 -999999 -999999 -999999 -999999 -999999 -999999 -999999 -999999 -999999 -999999 -999999 -999999 -999999 -999999 -999999 -999999 -999999 -999999 
	20472  1905 -999999 -999999 -999999 -999999 -999999 -999999 -999999 -999999 -999999 -999999 -999999 -999999 -999999 -999999 -999999 -999999 -999999 -999999 -999999 
	20472  1906 -999999 -999999 -999999 -999999 -999999 -999999 -999999 -999999 -999999 -999999 -999999 -999999 -999999 -999999 -999999 -999999 -999999 -999999 -999999 
	20472  1907 -999999 -999999 -999999 -999999 -999999 -999999 -999999 -999999 -999999 -999999 -999999 -999999 -999999 -999999 -999999 -999999 -999999 -999999 -999999 
	20472  1908 -999999 -999999 -999999 -999999 -999999 -999999 -999999 -999999 -999999 -999999 -999999 -999999 -999999 -999999 -999999 -999999 -999999 -999999 -999999 
	20472  1909 -999999 -999999 -999999 -999999 -999999 -999999 -999999 -999999 -999999 -999999 -999999 -999999 -999999 -999999 -999999 -999999 -999999 -999999 -999999 
	20472  1910 -999999 -999999 -999999 -999999 -999999 -999999 -999999 -999999 -999999 -999999 -999999 -999999 -999999 -999999 -999999 -999999 -999999 -999999 -999999 
	20472  1911 -999999 -999999 -999999 -999999 -999999 -999999 -999999 -999999 -999999 -999999 -999999 -999999 -999999 -999999 -999999 -999999 -999999 -999999 -999999 
	20472  1912 -999999 -999999 -999999 -999999 -999999 -999999 -999999 -999999 -999999 -999999 -999999 -999999 -999999 -999999 -999999 -999999 -999999 -999999 -999999 
	20472  1913 -999999 -999999 -999999 -999999 -999999 -999999 -999999 -999999 -999999 -999999 -999999 -999999 -999999 -999999 -999999 -999999 -999999 -999999 -999999 
	20472  1914 -999999 -999999 -999999 -999999 -999999 -999999 -999999 -999999 -999999 -999999 -999999 -999999 -999999 -999999 -999999 -999999 -999999 -999999 -999999 
	20472  1915 -999999 -999999 -999999 -999999 -999999 -999999 -999999 -999999 -999999 -999999 -999999 -999999 -999999 -999999 -999999 -999999 -999999 -999999 -999999 
	20472  1916 -999999 -999999 -999999 -999999 -999999 -999999 -999999 -999999 -999999 -999999 -999999 -999999 -999999 -999999 -999999 -999999 -999999 -999999 -999999 
	20472  1917 -999999 -999999 -999999 -999999 -999999 -999999 -999999 -999999 -999999 -999999 -999999 -999999 -999999 -999999 -999999 -999999 -999999 -999999 -999999 
	20472  1918 -999999 -999999 -999999 -999999 -999999 -999999 -999999 -999999 -999999 -999999 -999999 -999999 -999999 -999999 -999999 -999999 -999999 -999999 -999999 
	20472  1919 -999999 -999999 -999999 -999999 -999999 -999999 -999999 -999999 -999999 -999999 -999999 -999999 -999999 -999999 -999999 -999999 -999999 -999999 -999999 
	20472  1920 -999999 -999999 -999999 -999999 -999999 1300    4100    -999999 -999999 -999999 -999999 700     1300    500     800     1000    2800    1400    1000    
	20472  1921 3600    1700    1700    1300    1400    1500    3600    300     1300    1000    1200    1100    800     1500    800     1700    1900    2200    500     
	20472  1922 1500    1400    1500    1100    1100    900     1400    1100    1100    1100    800     600     900     300     400     800     1400    500     500     
	20472  1923 1400    800     1400    800     1100    1400    600     600     500     800     1100    700     300     1400    1400    600     200     600     400     
	20472  1924 2100    1400    2100    1200    1400    2100    1400    700     1200    1400    800     500     1800    800     400     300     1000    1400    1000    
	20472  1925 1700    1200    1700    1200    1400    1600    1300    1200    500     500     700     1400    1600    800     1200    400     1000    900     700     
	20472  1926 1500    1500    1000    600     1500    900     800     600     500     1500    900     900     600     900     600     800     700     600     800     
	20472  1927 2600    1400    1600    1400    1600    900     1200    700     1400    900     400     1200    900     800     600     900     1200    600     2000    
	20472  1928 2400    2400    2000    1200    1600    2000    900     700     1200    1200    1300    800     600     2000    400     900     600     700     700     
	20472  1929 2600    2600    2100    1600    2100    2100    800     1300    1500    2100    1200    1600    700     2100    700     800     700     500     700     
	20472  1930 2200    2200    2000    1700    1700    2000    1000    1700    1300    900     1200    600     2000    500     800     500     1000    400     800     
	20472  1931 2000    1100    1200    800     1100    1100    1200    500     400     1100    400     900     600     500     800     600     600     1200    2000    
	20472  1932 2300    2300    1900    1900    1900    1900    1000    1800    1700    1900    500     400     1900    500     1600    500     300     1000    1700    
	20472  1933 2700    2100    2700    2100    1700    1100    1200    2100    1100    1200    900     1700    1000    900     1000    1100    700     600     1600    
	20472  1934 2100    2100    1900    2100    1400    1400    1600    700     2100    700     800     1400    700     1200    800     600     400     1600    700     
	20472  1935 1800    1600    1800    600     1800    1400    700     600     600     1600    600     1200    400     1000    1400    500     600     700     700     
	20472  1936 1600    1600    1500    800     1600    1200    900     400     800     1600    800     1000    900     400     1200    600     900     900     900     
	20472  1937 -999999 800     -999999 800     -999999 -999999 -999999 800     200     500     -999999 -999999 -999999 -999999 -999999 -999999 -999999 -999999 -999999 
	20472  1938 -999999 -999999 -999999 -999999 -999999 -999999 -999999 -999999 -999999 -999999 -999999 -999999 -999999 -999999 -999999 -999999 -999999 -999999 -999999 
	20472  1939 -999999 -999999 -999999 -999999 -999999 -999999 -999999 -999999 -999999 -999999 -999999 -999999 -999999 -999999 -999999 -999999 -999999 -999999 -999999 
	20472  1940 -999999 -999999 -999999 -999999 -999999 -999999 -999999 -999999 -999999 -999999 -999999 -999999 -999999 -999999 -999999 -999999 -999999 -999999 -999999 
	20472  1941 -999999 -999999 -999999 -999999 -999999 -999999 -999999 -999999 -999999 -999999 -999999 -999999 -999999 -999999 -999999 -999999 -999999 -999999 -999999 
	20472  1942 -999999 -999999 -999999 -999999 -999999 -999999 -999999 -999999 -999999 -999999 -999999 -999999 -999999 -999999 -999999 -999999 -999999 -999999 -999999 
	20472  1943 -999999 -999999 -999999 -999999 -999999 -999999 -999999 -999999 -999999 -999999 -999999 -999999 -999999 -999999 -999999 -999999 -999999 -999999 -999999 
	20472  1944 -999999 -999999 -999999 -999999 -999999 -999999 -999999 -999999 -999999 -999999 -999999 -999999 -999999 -999999 -999999 -999999 -999999 -999999 -999999 
	20472  1945 -999999 -999999 -999999 -999999 -999999 -999999 -999999 -999999 -999999 -999999 -999999 -999999 -999999 -999999 -999999 -999999 -999999 -999999 -999999 
	20472  1946 -999999 -999999 -999999 -999999 -999999 -999999 -999999 -999999 -999999 -999999 -999999 -999999 -999999 -999999 -999999 -999999 -999999 -999999 -999999 
	20472  1947 -999999 -999999 -999999 -999999 -999999 -999999 -999999 -999999 -999999 -999999 -999999 -999999 -999999 -999999 -999999 -999999 -999999 -999999 -999999 
	20472  1948 -999999 -999999 -999999 -999999 -999999 -999999 -999999 -999999 -999999 -999999 -999999 -999999 -999999 -999999 -999999 -999999 -999999 -999999 -999999 
	20472  1949 -999999 -999999 -999999 -999999 -999999 -999999 -999999 -999999 -999999 -999999 -999999 -999999 -999999 -999999 -999999 -999999 -999999 -999999 -999999 
	20472  1950 -999999 -999999 -999999 -999999 -999999 -999999 -999999 -999999 -999999 -999999 -999999 -999999 -999999 -999999 -999999 -999999 -999999 -999999 -999999 
	20472  1951 2400    -999999 1500    -999999 1100    1500    2400    600     500     900     1100    700     700     1500    400     800     1900    400     700     
	20472  1952 1400    1000    1400    800     1400    800     800     600     800     1000    1000    1400    700     800     500     800     700     600     700     
	20472  1953 2900    1700    1400    1300    1700    800     1600    1000    1300    1700    900     1300    500     500     800     900     1600    1500    1400    
	20472  1954 1800    1800    1700    1800    1700    800     500     1200    600     1200    1600    1300    600     300     800     300     300     500     500     
	20472  1955 1800    1600    1800    1200    1600    1800    800     900     1200    800     1600    1200    700     1400    900     800     800     700     400     
	20472  1956 3300    3300    1600    3300    1600    600     1400    500     2800    900     1600    800     600     400     400     1400    900     1100    500     
	20472  1957 1500    1100    1500    1100    1500    1100    1000    1100    500     500     1200    800     1100    400     800     500     1000    600     800     
	20472  1958 1600    1000    1100    600     1000    1100    1600    600     300     1000    600     500     1000    1100    600     500     900     1600    300     
	20472  1959 3400    1500    3400    1500    2800    1400    2900    500     1400    600     1300    2800    1100    1300    1400    1700    1700    700     500     
	20472  1960 1400    1300    1400    500     1400    800     900     200     500     1300    700     1200    800     500     600     900     100     300     400     
	20472  1961 1400    1000    1000    1000    1000    800     1400    500     1000    900     700     1000    800     500     700     600     1200    1400    900     
	20472  1962 2300    1400    1400    1300    1400    1000    2300    400     1300    300     900     500     1000    800     400     300     2300    700     500     
	20472  1963 2000    1800    1600    1500    700     1200    1400    1500    1100    700     600     600     1200    800     300     1400    1000    500     1500    
	20472  1964 2300    2300    1200    1000    1800    800     1000    1000    600     1800    1000    1200    600     800     400     600     600     900     300     
	20472  1965 2100    800     2100    600     1100    2100    1500    500     600     600     400     1100    800     600     2100    900     1400    1100    200     
	20472  1966 1700    1000    1700    1000    1300    1200    1500    1000    500     600     400     1300    1100    500     1200    1500    800     300     200     
	20472  1967 1300    800     1300    700     900     1300    800     500     700     700     800     400     1300    700     1200    700     200     800     400     
	20472  1968 1700    1200    1700    1200    1700    1000    1000    500     1200    900     1700    600     1000    800     900     400     1000    800     1500    
	20472  1969 2800    1300    2800    1000    1200    1300    2500    1000    500     1200    900     500     1300    1200    900     2500    1800    200     700     
	20472  1970 2500    1300    2500    800     1300    2000    1300    800     300     700     400     1300    2000    400     800     1300    1200    400     600     
	20472  1971 1600    1100    1600    800     1400    1600    1500    700     800     400     1000    800     600     1500    800     800     1100    400     800     
	20472  1972 2200    1800    1300    1200    1800    1200    2200    1000    900     1800    800     700     800     1200    1100    500     1800    500     1800    
	20472  1973 3700    2000    2300    2000    1300    2300    1400    1900    700     1300    700     700     2300    1000    2100    1400    900     700     600     
	20472  1974 3900    1100    2800    1100    3900    1100    800     500     1100    1100    2800    1000    800     500     1100    800     300     400     300     
	20472  1975 2100    1200    2100    1100    1200    2100    2000    700     1100    500     900     1200    1000    700     1400    400     1800    500     600     
	20472  1976 3000    1300    3000    1300    3000    2900    900     500     900     1100    2800    800     1400    1800    2400    900     600     600     300     
	20472  1977 1900    700     1900    500     1800    1500    1700    500     500     700     400     1800    1100    1500    700     1700    1400    200     600     
	20472  1978 1400    1000    1400    1000    1400    1100    900     800     1000    600     1400    900     600     1100    600     500     500     900     800     
	20472  1979 1100    900     1000    900     600     1000    1100    900     600     300     600     400     900     700     1000    1000    1100    700     300     
	20472  1980 2900    1800    2900    1700    2900    1200    800     1300    1700    1400    700     2800    800     1100    500     800     300     500     200     
	20472  1981 2600    800     2100    800     2600    2100    1100    700     700     500     2100    900     900     600     1500    1100    400     500     700     
	20472  1982 2000    1600    2000    1600    1900    2000    1800    1200    1600    1300    1100    1200    700     1600    400     1800    500     400     600     
	20472  1983 1700    1600    1400    1600    1000    1400    1700    500     1600    1000    300     200     1300    1400    1200    900     700     1300    600     
	20472  1984 2600    1300    2600    900     2100    2600    800     400     900     1300    1900    1000    800     800     2600    200     600     800     500     
	20472  1985 2200    2200    1000    2200    1000    600     1800    900     2200    500     900     1000    500     400     600     900     1800    900     600     
	20472  1986 2900    1600    1500    1600    1400    1100    2900    400     1600    1400    1400    800     900     900     1100    1500    1400    400     700     
	20472  1987 1300    1300    1200    1300    1300    1200    1200    900     1300    1300    1100    800     700     900     500     500     500     900     600     
	20472  1988 2000    1000    1600    500     1600    1200    2000    500     300     200     1500    1600    1200    300     900     700     2000    800     500     
	20472  1989 1700    900     1600    900     1600    1200    1700    600     600     700     600     1600    1200    900     900     1200    400     1700    800     
	20472  1990 2600    900     2600    700     1900    2600    1800    500     700     900     900     1900    1100    2200    900     500     1800    500     600     
	20472  1991 3200    3200    1700    3200    1600    1500    800     1100    2100    1100    900     1600    700     600     1500    600     800     400     1600    
	20472  1992 2400    1400    2200    1400    2100    1100    2400    1300    700     400     700     2100    1100    800     500     1100    1300    300     1300    
	20472  1993 2000    1700    2000    1700    2000    1100    1900    400     1400    1500    800     1200    800     500     800     400     1000    1600    100     
	20472  1994 1700    1000    1300    1000    900     1300    1700    500     1000    300     900     900     600     1300    500     600     1700    900     300     
	20472  1995 2700    1600    2700    500     1800    2700    2000    500     500     500     1400    900     1300    900     2300    200     2000    700     1100    
	20472  1996 3100    3100    2000    3100    2000    1300    1100    2200    900     1700    2000    500     800     1300    900     1100    900     300     900     
	20472  1997 2000    1800    2000    1800    1600    2000    1500    1800    300     700     1600    900     600     900     2000    1500    600     600     400     
	20472  1998 1600    1300    1600    1300    1600    1600    1300    1000    1300    1000    500     1600    300     300     1600    1300    500     700     500     
	20472  1999 2000    800     2000    800     1300    1300    1400    500     500     700     900     800     1000    900     600     1400    1100    700     200     
	20472  2000 1600    1200    1600    1200    1300    1600    400     1200    500     800     700     800     1000    1600    600     400     400     300     700     
	20472  2001 2300    1000    2300    1000    1000    2300    400     1000    1000    400     500     1000    1400    1100    500     400     300     200     1300    
	20472  2002 2300    1100    1300    1100    2300    800     600     1000    500     1000    1300    900     800     600     700     600     600     400     1400    
	20472  2003 2300    2300    1400    2300    2300    1400    1100    900     2300    2300    1400    700     800     700     1300    1100    900     900     1000    
	20472  2004 1800    1100    1800    1100    1800    1500    1000    300     1100    900     1800    1300    800     600     900     1000    1000    400     1200    
	20472  2005 900     900     900     700     900     900     600     400     700     900     600     400     800     900     500     600     600     400     600     
	20472  2006 1400    1400    1400    1400    1300    1200    1100    1100    900     1300    800     1300    1200    1100    200     1100    700     400     900     
	20472  2007 4300    900     3500    900     4300    1300    1200    300     500     800     3000    500     1300    300     800     400     1200    700     1600    
	20472  2008 1500    1500    1500    1500    1500    700     900     300     1500    500     900     1500    700     400     600     900     600     600     1200    
	20472  2009 2300    1000    2300    1000    1600    1200    2300    800     400     800     1600    800     1000    200     900     2300    600     200     500     
	20472  2010 2400    700     2400    700     2400    1300    700     500     700     700     2400    1000    1200    700     400     600     700     500     500     
	20472  2011 3300    2100    3300    700     3300    800     2000    700     700     2100    1900    1400    400     600     600     900     600     2000    400     
	20472  2012 1700    1700    1100    1700    1600    800     1000    500     1200    1400    700     700     500     800     600     1000    600     500     200     
	20472  2013 2100    1100    2100    500     1100    2100    1300    500     500     700     1000    700     1100    2100    1200    1100    500     300     400     
	20472  2014 2000    1400    2000    500     1400    1100    1900    300     500     1400    800     800     1000    1100    400     1900    300     500     500     
	20472  2015 1400    1000    1200    900     1200    1100    1400    300     900     1000    1200    800     1100    300     1100    600     1000    400     300     
	20472  2016 2400    1600    2400    400     1600    1200    2400    300     400     1600    500     1100    1200    1200    700     2400    700     500     600     
	20472  2017 1500    1300    1500    1300    1500    1000    900     800     1300    1100    1000    1500    1000    600     800     900     800     300     500     
	20472  2018 3600    1000    3600    1000    1500    3600    1600    300     1000    800     800     1500    1200    2700    800     500     1600    1500    400     
	20472  2019 2000    1100    2000    1000    1100    2000    600     400     1000    700     1100    800     1100    900     600     500     300     600     700     
	20472  2020 2100    1300    2100    500     2100    1100    1300    500     500     1300    2100    1000    800     1100    1100    1300    500     800     300     
	20472  2021 -999999 -999999 -999999 -999999 1500    -999999 1300    -999999 1000    900     1500    500     1100    -999999 500     1300    400     600     1000    
	20472  2022 2700    1400    2700    500     2700    1600    800     500     400     1400    2200    600     900     1300    1600    500     800     500     500     
	20472  2023 3900    1100    3900    1100    2000    1900    1000    500     1100    300     600     2000    1900    400     600     1000    200     200     500     
	20472  2024 1300    -999999 1300    -999999 1100    1300    1100    500     -999999 1100    400     1000    900     600     700     800     500     900     500     
	20472  2025 3500    1200    3500    1200    3500    1600    900     700     900     1100    1400    2100    1100    700     1600    700     500     400     1100    
	20472  2026 -999999 -999999 -999999 1100    -999999 -999999 -999999 1100    400     -999999 -999999 -999999 -999999 -999999 -999999 -999999 -999999 -999999 -999999 
	