EUROPEAN CLIMATE ASSESSMENT & DATASET (ECA&D), file created on: 17-05-2026
THESE DATA CAN BE USED FOR NON-COMMERCIAL RESEARCH AND EDUCATION PROVIDED THAT THE FOLLOWING SOURCE IS ACKNOWLEDGED: 

Klein Tank, A.M.G. and Coauthors, 2002. Daily dataset of 20th-century surface
air temperature and precipitation series for the European Climate Assessment.
Int. J. of Climatol., 22, 1441-1453.
Data and metadata available at http://www.ecad.eu

FILE FORMAT (MISSING VALUE CODE = -999999):

THIS FILE HOLDS DATA FOR STATION NETHERLANDS                              WEESP                                    (STAID:    557)
LATITUDE: dd:mm:ss +52:18:00
LONGITUDE: ddd:mm:ss +005:01:59
ELEVATION: m   -2

DATA IS FOR INDEX Maximum no of consecutive dry days (RR < 1 mm) (CDD) with unit 0.01 No of days

01-06 SOUID: Source identifier
08-11 YEAR : YYYY
13-20 ANNUAL DATA VALUES
21-28 WINTER HALF YEAR DATA VALUES
29-36 SUMMER HALF YEAR DATA VALUES
37-44 WINTER (DJF) DATA VALUES
45-52 SPRING (MAM) DATA VALUES
53-60 SUMMER (JJA) DATA VALUES
61-68 AUTUMN (SON) DATA VALUES
69-76 JANUARY DATA VALUES
etc. 
157-164 DECEMBER DATA VALUES

557    1905 -999999 -999999 -999999 -999999 -999999 -999999 -999999 -999999 -999999 -999999 -999999 -999999 -999999 -999999 -999999 -999999 -999999 1000    1100    
	557    1906 2300    -999999 1600    700     2300    1200    1200    300     600     700     1600    600     1200    1100    500     1200    900     500     600     
	557    1907 1700    1000    1700    1000    1300    1600    1700    1000    800     800     1000    500     400     1600    400     1700    400     1100    500     
	557    1908 2300    1800    1900    1100    1800    1900    2300    800     1100    1800    900     600     1200    1400    600     900     2100    700     1700    
	557    1909 2200    1500    1000    1300    1000    600     1000    1300    1300    400     1000    1000    600     600     600     1000    700     800     900     
	557    1910 1900    1300    1200    800     1900    1200    1500    800     400     1300    600     900     900     1200    1000    700     1500    600     500     
	557    1911 2000    2000    1900    2000    1600    1900    1200    1200    1400    1000    1600    1100    400     1300    1900    1200    500     500     400     
	557    1912 2000    1300    2000    1300    2000    1800    1300    1300    600     300     1900    900     300     1800    300     1300    1200    400     800     
	557    1913 2600    1700    2600    1700    1000    1800    1600    1300    1700    600     700     1000    800     900     1800    900     1600    400     600     
	557    1914 2500    1600    2500    1600    2500    1800    1300    1600    1200    200     2100    1000    900     700     1800    1000    1100    800     400     
	557    1915 2100    1100    2100    700     1300    1200    1400    700     300     800     1300    1300    1200    600     700     1100    1400    600     300     
	557    1916 2800    1200    2800    1200    1300    2800    1300    900     400     1200    1000    600     800     1500    1300    1200    500     900     400     
	557    1917 3000    3000    2300    3000    2300    1200    1300    1400    1600    700     1100    1200    500     1000    200     1100    200     500     700     
	557    1918 1800    1800    1300    1200    1400    1300    700     700     600     1400    700     700     600     700     1000    200     500     700     400     
	557    1919 2200    1900    2200    1900    2200    1300    1200    700     1500    600     900     2200    800     500     1300    1200    900     800     700     
	557    1920 2500    1100    1800    1100    1100    1800    2500    600     1100    1100    400     400     1800    400     700     900     1600    1400    1500    
	557    1921 3000    1400    2000    1200    1600    2000    2300    300     1000    1400    700     1600    900     2000    700     1700    1500    2300    700     
	557    1922 2100    1400    2000    1100    1300    1200    2100    1000    800     1300    600     1300    1200    500     400     400     2100    900     800     
	557    1923 1900    1600    1900    1600    1900    1900    700     600     1600    1100    1100    500     500     1400    1400    600     300     700     400     
	557    1924 1700    1700    1200    700     1700    1200    1700    700     500     1700    1000    600     1000    1000    400     600     900     1700    1000    
	557    1925 1600    900     1600    900     1200    1600    1400    900     500     600     700     1200    1100    1600    600     400     1100    800     600     
	557    1926 1900    1900    1600    700     1900    1200    700     700     600     1900    600     400     700     1200    1100    700     600     700     900     
	557    1927 1800    1200    1500    1000    1300    700     1100    400     1000    1200    700     1100    400     700     600     900     1100    600     1200    
	557    1928 2000    1800    2000    1300    1700    2000    1100    300     1300    1300    1000    900     600     2000    400     1100    600     400     700     
	557    1929 2000    1600    2000    1400    1600    2000    1100    700     1300    1600    1000    1600    800     2000    800     1100    700     500     400     
	557    1930 2100    2100    1800    1200    2100    1800    500     1200    1200    1000    1100    800     1800    500     800     500     500     300     600     
	557    1931 1400    1200    1400    1000    1200    1400    1200    500     800     1200    400     700     1000    400     700     600     1200    1100    800     
	557    1932 2400    2400    2000    2400    1900    2000    1000    1700    1200    1900    700     600     2000    600     1700    600     300     1000    1300    
	557    1933 3200    2000    1500    2000    1100    1500    1100    2000    700     1100    900     900     1100    800     1500    1100    600     800     2600    
	557    1934 2000    2000    1900    2000    1600    1400    1000    800     2000    1000    700     1500    1200    1100    800     700     400     1000    700     
	557    1935 1800    1500    1800    500     1800    1500    800     500     400     1500    600     1200    400     1000    1100    800     400     300     600     
	557    1936 1900    1900    1500    900     1900    1200    800     300     900     1900    800     1000    700     400     1200    400     600     800     900     
	557    1937 2000    600     2000    600     1300    1800    1100    600     200     400     800     1300    800     800     1200    300     1100    1000    400     
	557    1938 1700    1300    1700    1300    1500    1700    1200    300     1300    1300    1500    1400    1700    800     700     500     1200    800     1000    
	557    1939 2400    1400    2400    1400    1400    1500    600     600     800     600     800     1400    1000    500     1500    600     300     200     1700    
	557    1940 2100    1000    2100    700     2100    1100    1100    600     500     800     700     2100    1100    400     700     900     1100    500     600     
	557    1941 2700    1100    2700    1100    2700    1100    1500    1000    400     800     1000    1700    1100    1100    200     1500    800     1300    800     
	557    1942 3000    1900    3000    1600    3000    1200    900     1400    1600    1100    2100    900     1200    400     600     900     200     700     500     
	557    1943 3100    3100    2000    1300    1800    2000    1400    800     1300    1800    1400    1300    1100    2000    500     1200    1400    500     1500    
	557    1944 1900    1900    1900    1900    1300    1900    900     400     1900    1100    1100    700     800     1000    1800    600     900     200     1400    
	557    1945 1800    1800    1300    500     1800    1300    1000    500     400     1800    800     1100    900     1300    500     1000    800     700     900     
	557    1946 1500    1500    1500    1500    1300    1500    1400    1500    400     1100    1100    1000    600     1300    700     700     1400    700     1300    
	557    1947 4400    4400    3100    4400    1000    2400    1000    1700    2700    700     1000    700     700     1300    2400    700     900     500     800     
	557    1948 2100    2100    1400    1500    1300    1400    1800    200     1500    1000    1200    1300    800     1400    900     900     1600    900     1100    
	557    1949 2300    1300    2300    1300    1200    2300    1000    700     800     1100    900     700     2000    1200    1300    1000    1000    500     500     
	557    1950 1700    1200    1700    1200    900     1300    900     1200    400     800     800     900     1300    300     500     200     900     400     1300    
	557    1951 2300    1600    1200    1200    1200    1100    2300    1000    600     1000    1100    1200    1100    700     600     800     1600    300     700     
	557    1952 1600    1000    1600    600     1600    1000    1000    500     600     1000    1100    1600    800     900     600     1000    900     200     800     
	557    1953 3700    1700    1500    1400    1600    1000    3700    1400    700     1600    1200    1300    400     500     1000    700     3000    1100    800     
	557    1954 1700    1700    1700    1700    1700    700     600     1100    600     1700    1600    1400    500     400     700     300     200     600     700     
	557    1955 1500    1500    1400    1100    1200    1300    800     900     1100    700     1200    800     800     1200    1300    800     700     700     400     
	557    1956 1400    1300    1400    1300    1400    1100    1400    500     1300    1200    1300    1200    1100    400     400     1400    800     1000    600     
	557    1957 1500    1100    1100    1100    1100    1100    1500    1100    400     600     900     800     700     300     800     300     1500    800     600     
	557    1958 1700    1300    1100    600     1300    1000    1700    500     200     1300    600     400     1000    800     600     500     700     1700    400     
	557    1959 3000    2100    3000    2100    1500    1700    2600    600     2000    400     800     1500    1700    1500    1000    2000    1700    700     800     
	557    1960 1600    1000    1600    500     1600    1300    1200    200     500     1000    1100    1100    1300    400     500     1100    300     400     600     
	557    1961 1700    1700    1300    1100    1700    700     1300    600     1100    1700    500     900     700     700     700     1300    800     700     1600    
	557    1962 2200    1200    2100    1100    1400    1700    2200    300     1100    1100    900     500     1700    500     400     700     2200    700     700     
	557    1963 2600    2400    1800    1600    900     900     1800    1100    1600    800     600     900     600     700     300     1800    900     900     1700    
	557    1964 2400    2400    1400    2100    1800    1400    1000    2100    600     1800    800     500     800     1000    500     700     600     900     800     
	557    1965 1500    1500    1000    1000    1300    1000    1400    600     1000    1300    400     700     800     300     700     900     1400    1300    300     
	557    1966 1500    900     1500    900     1200    700     1500    900     600     500     300     1200    500     300     700     1500    900     400     300     
	557    1967 1300    900     1100    900     800     1100    1300    900     800     600     800     300     900     700     1100    900     300     1300    400     
	557    1968 1500    1200    1100    900     1100    800     1500    500     900     700     1100    500     800     700     700     600     1000    1500    1500    
	557    1969 1700    1700    1600    1100    1100    1600    1700    1100    800     1100    1000    700     1600    1200    900     1600    1700    300     600     
	557    1970 2800    1100    2800    600     1600    2300    1400    600     400     800     300     1600    2300    400     900     1400    1000    800     700     
	557    1971 2300    900     2300    900     2100    2300    2200    800     900     600     1500    800     900     2100    500     2200    1200    400     900     
	557    1972 3000    1500    2000    1300    1500    1300    3000    1000    800     1500    700     400     300     1100    1300    1200    1800    400     2100    
	557    1973 2800    2100    2500    1200    2100    2500    1500    1100    600     2100    600     400     2500    400     2100    1500    800     400     500     
	557    1974 3300    1100    2200    900     3300    800     500     600     900     1100    2200    700     800     600     800     500     400     400     700     
	557    1975 2100    1100    2100    1100    1700    2100    1200    600     1100    300     900     1700    1000    700     1400    900     1000    700     1000    
	557    1976 2500    1500    2500    1500    1900    2500    1400    500     1500    1100    1700    400     1600    1200    2500    600     800     600     600     
	557    1977 2000    800     2000    600     1500    2000    1900    400     600     800     500     1500    1100    1600    400     1900    1100    600     500     
	557    1978 1800    1100    1800    1100    1200    1000    1500    1100    700     500     1000    1200    600     1000    900     1000    1500    900     800     
	557    1979 1200    800     1200    800     900     1200    1200    700     800     400     400     900     700     700     700     1000    1200    300     400     
	557    1980 2400    1400    2400    1400    2400    1300    700     1400    800     1100    900     1900    1300    800     500     600     600     500     400     
	557    1981 3200    1100    2500    1100    3200    1700    1100    600     1100    700     2500    600     900     1300    1700    1000    300     300     700     
	557    1982 1600    1400    1600    1400    1600    1200    1300    1400    1400    1000    1600    1200    500     1200    300     1300    800     400     800     
	557    1983 2300    1700    2300    1700    1300    2300    1900    600     1700    1300    500     300     1100    2300    1100    800     600     1300    800     
	557    1984 2800    1200    2800    1100    2100    2600    700     400     1100    1200    1900    600     800     1500    2600    300     700     700     500     
	557    1985 2800    2800    1000    2800    1000    600     1900    500     2800    500     1000    900     500     600     500     900     1900    600     500     
	557    1986 2500    2500    1500    2500    1400    1500    2400    400     2100    1400    700     1100    1100    1500    1000    1500    900     400     500     
	557    1987 1700    1400    1700    1400    1200    1700    1000    1400    1000    1200    1000    700     500     1400    300     600     600     900     900     
	557    1988 1500    900     1500    900     1300    1500    900     900     700     200     900     1300    1200    600     900     600     900     700     500     
	557    1989 2100    800     2100    800     1900    1300    1500    600     600     800     500     1900    1300    1200    900     1100    400     1400    1100    
	557    1990 1800    1000    1800    1000    1600    1800    1100    800     600     900     600     1600    1000    1800    800     600     1100    600     600     
	557    1991 2700    1800    2300    1800    1500    1600    1400    1100    700     1200    1400    1500    200     600     1000    1400    1200    1100    1600    
	557    1992 1800    1300    1800    1300    1800    1500    600     1200    700     500     1200    1800    1100    700     800     600     400     500     1200    
	557    1993 1800    1000    1600    900     1600    700     1800    700     900     1000    1100    800     700     500     600     400     1000    1500    300     
	557    1994 1700    1300    1300    1300    1000    1300    1700    500     1300    500     900     700     500     1300    800     900     1700    800     400     
	557    1995 2700    1700    2700    400     1600    2700    2100    300     300     500     900     700     1300    400     2300    500     2100    1100    1000    
	557    1996 3200    3200    2100    3200    2100    1300    900     2400    800     1600    2000    1200    1000    1300    700     900     800     400     1400    
	557    1997 2000    1800    2000    1800    1900    2000    1600    1800    300     900     1900    1000    700     900     2000    1600    1000    500     600     
	557    1998 1700    1400    1700    1300    1700    1300    1000    800     1300    1400    200     1700    200     600     1300    700     200     1000    300     
	557    1999 2000    600     2000    600     1400    1200    1400    300     400     500     1000    700     900     900     600     1400    1000    700     300     
	557    2000 1600    1100    1600    1100    1600    700     900     1100    400     800     600     1500    600     700     600     900     400     300     600     
	557    2001 1200    1100    1200    1100    1200    1100    700     1100    800     500     400     1200    800     1000    700     200     700     700     1200    
	557    2002 2200    1000    1200    1000    2200    800     1000    1000    400     1000    1200    700     400     800     800     1000    600     300     1200    
	557    2003 3000    2200    3000    2200    2000    3000    1300    600     2200    2000    1400    700     1200    1200    2800    1100    1300    1100    1000    
	557    2004 1800    1000    1400    1000    1400    1100    1200    300     700     800     800     1400    700     600     500     1200    700     600     1500    
	557    2005 1600    900     1300    600     900     900     1600    600     600     900     600     600     800     900     700     1000    1600    400     500     
	557    2006 1800    1500    1800    1500    1500    1600    1800    1100    900     1300    700     1500    1200    1600    200     1800    1100    600     1100    
	557    2007 4500    1000    3500    800     4500    1400    1200    400     700     1000    3000    500     700     300     1300    500     1200    800     1400    
	557    2008 1800    1800    1400    1800    1400    900     900     300     1800    300     800     1400    900     400     900     900     600     600     1200    
	557    2009 1500    1000    1400    1000    1300    1100    1400    800     600     800     1300    700     900     400     800     1400    500     300     600     
	557    2010 1600    900     1600    600     1600    1200    800     500     600     900     1100    1600    1100    600     400     500     800     800     1300    
	557    2011 2000    1100    1500    700     1500    800     2000    700     700     1100    1500    900     400     600     300     1200    600     2000    500     
	557    2012 2400    2200    1200    800     2400    1200    1000    500     800     2200    200     700     600     700     700     1000    900     600     200     
	557    2013 2300    1400    2300    600     2200    2300    1300    600     600     1400    800     600     1100    2300    600     1100    500     800     600     
	557    2014 2400    1700    2400    500     1700    2400    2300    500     500     1700    600     800     2000    900     300     2300    700     600     600     
	557    2015 1600    1600    1200    1600    1600    1100    1400    400     1600    1600    1200    900     1100    400     800     600     1000    400     400     
	557    2016 1300    1200    1300    400     1200    1300    1300    300     400     1200    500     1100    900     1300    700     1300    1100    700     1000    
	557    2017 2200    1100    1200    800     2200    1200    900     800     800     1100    1100    1000    1200    500     900     900     700     300     400     
	557    2018 2300    1700    2100    1400    1300    2100    2300    400     1400    600     1300    800     1200    1500    600     600     2300    1500    700     
	557    2019 2000    1400    2000    1000    2000    2000    700     600     1000    1400    2000    1600    1100    1000    1300    500     500     700     700     
	557    2020 2800    1600    2700    700     2800    1700    1300    700     300     1600    2700    2200    700     500     1300    1300    800     700     400     
	557    2021 -999999 -999999 1800    -999999 1500    1200    1400    -999999 1000    700     1500    500     1200    900     500     1400    400     700     500     
	557    2022 3300    3300    1800    900     2900    1500    700     900     400     2900    1400    1000    1400    1400    1500    500     700     500     1000    
	557    2023 3900    1100    3900    1100    2000    1900    1000    600     1100    500     600     2000    1900    500     1200    900     700     200     400     
	557    2024 1300    -999999 1300    -999999 900     1300    1100    700     -999999 500     600     900     900     600     700     1100    600     900     700     
	557    2025 2900    2300    2900    1200    2900    1600    1100    1100    1200    2200    1100    2300    1100    500     1600    900     600     700     1200    
	557    2026 -999999 -999999 -999999 1100    -999999 -999999 -999999 1100    800     -999999 -999999 -999999 -999999 -999999 -999999 -999999 -999999 -999999 -999999 
	