EUROPEAN CLIMATE ASSESSMENT & DATASET (ECA&D), file created on: 17-05-2026
THESE DATA CAN BE USED FOR NON-COMMERCIAL RESEARCH AND EDUCATION PROVIDED THAT THE FOLLOWING SOURCE IS ACKNOWLEDGED: 

Klein Tank, A.M.G. and Coauthors, 2002. Daily dataset of 20th-century surface
air temperature and precipitation series for the European Climate Assessment.
Int. J. of Climatol., 22, 1441-1453.
Data and metadata available at http://www.ecad.eu

FILE FORMAT (MISSING VALUE CODE = -999999):

THIS FILE HOLDS DATA FOR STATION NETHERLANDS                              BRUINISSE                                (STAID:  20494)
LATITUDE: dd:mm:ss +51:39:33
LONGITUDE: ddd:mm:ss +004:05:38
ELEVATION: m -100

DATA IS FOR INDEX Maximum no of consecutive dry days (RR < 1 mm) (CDD) with unit 0.01 No of days

01-06 SOUID: Source identifier
08-11 YEAR : YYYY
13-20 ANNUAL DATA VALUES
21-28 WINTER HALF YEAR DATA VALUES
29-36 SUMMER HALF YEAR DATA VALUES
37-44 WINTER (DJF) DATA VALUES
45-52 SPRING (MAM) DATA VALUES
53-60 SUMMER (JJA) DATA VALUES
61-68 AUTUMN (SON) DATA VALUES
69-76 JANUARY DATA VALUES
etc. 
157-164 DECEMBER DATA VALUES

20494  1889 -999999 -999999 -999999 -999999 -999999 -999999 1600    -999999 -999999 -999999 -999999 -999999 -999999 -999999 400     1600    400     1300    900     
	20494  1890 1500    1500    1300    1500    1000    900     1300    500     1300    800     700     1000    700     900     700     1300    700     600     2800    
	20494  1891 3100    3100    900     2500    800     600     1500    1000    2500    600     700     800     600     400     500     900     600     800     1000    
	20494  1892 1700    1000    1400    1000    1700    1000    1400    1000    600     500     1400    1000    600     900     1000    500     700     1400    1600    
	20494  1893 2300    1300    1700    1300    2300    1700    800     700     400     1200    1400    1400    1700    400     800     600     400     800     600     
	20494  1894 3300    2200    1500    1300    3300    1500    1000    1300    600     2200    1100    800     1000    500     500     900     600     1000    600     
	20494  1895 1800    1000    1700    1000    1700    1100    1800    900     1000    800     1000    1500    1100    800     700     1700    400     600     400     
	20494  1896 2000    1400    2000    1400    1700    2000    1600    1100    1400    600     1000    1700    1300    900     500     300     300     1600    1000    
	20494  1897 3400    1400    1200    900     1400    1200    3400    800     700     1400    500     900     800     1200    400     900     2100    1300    1400    
	20494  1898 2100    1300    2100    1300    1300    1300    1700    1300    600     800     1300    800     700     1000    1300    1700    1000    900     600     
	20494  1899 3000    3000    2200    1300    1700    1700    2500    800     1300    1700    400     700     1700    900     1200    300     2500    1900    1300    
	20494  1900 2400    1200    2400    1200    2400    1000    1500    400     900     800     1800    1300    500     1000    800     1500    500     500     700     
	20494  1901 4300    1900    4300    1900    4300    1200    1700    1800    1000    1000    1400    2900    1200    1000    1000    700     900     900     500     
	20494  1902 2000    2000    1800    2000    1000    1800    1200    2000    1400    700     900     800     1000    1000    500     700     600     1100    1400    
	20494  1903 -999999 1800    1500    1800    1000    1500    -999999 1400    1800    900     400     1000    1100    1000    900     1000    300     -999999 -999999 
	20494  1904 -999999 -999999 -999999 -999999 -999999 -999999 -999999 -999999 -999999 -999999 -999999 -999999 -999999 -999999 -999999 -999999 -999999 -999999 -999999 
	20494  1905 -999999 -999999 -999999 -999999 -999999 -999999 600     -999999 -999999 -999999 -999999 -999999 -999999 -999999 800     600     300     500     1400    
	20494  1906 1900    900     1600    900     1900    1300    1000    300     500     500     1500    400     1100    1000    1300    1000    900     600     800     
	20494  1907 1700    1700    1600    1700    1400    1600    1500    1700    900     1200    700     1100    500     1600    500     1400    600     1400    800     
	20494  1908 1800    1300    1800    1300    1100    1800    1800    800     1000    1100    700     700     900     1400    500     1300    900     1100    1800    
	20494  1909 2400    1400    1400    1400    1300    1400    1200    1400    1100    1100    1100    1300    900     700     1400    1100    600     900     700     
	20494  1910 2000    1300    1300    800     2000    1300    1400    800     600     1300    700     1000    1300    900     600     700     1400    400     400     
	20494  1911 3200    3000    3200    3000    2300    3200    1200    1900    1100    500     2300    1500    1300    2900    1100    1200    700     500     700     
	20494  1912 2400    2400    2300    2400    2300    1400    1900    2400    1300    900     1800    800     400     1400    400     1900    1200    1000    700     
	20494  1913 3000    3000    3000    2600    800     1700    1300    900     2600    600     800     800     1500    800     1700    1300    900     800     1500    
	20494  1914 1800    1800    1300    1800    1300    1200    1300    1800    1100    800     1300    1300    1000    900     1200    1000    1100    600     600     
	20494  1915 2400    1300    2200    700     1800    1300    2400    700     700     1300    1800    1300    1300    700     900     1800    2400    900     400     
	20494  1916 3200    1100    3200    700     800     3200    1400    700     400     800     800     800     800     1300    1900    1000    800     1400    400     
	20494  1917 3400    2400    3400    2400    1900    1600    1600    800     2100    1100    1100    1800    1600    1000    700     1600    500     1100    800     
	20494  1918 2700    2700    2700    1200    2700    2700    1200    700     600     2700    1000    2200    1200    1100    1600    700     600     1200    400     
	20494  1919 -999999 -999999 -999999 1100    -999999 1700    2300    700     800     -999999 -999999 -999999 1700    800     1700    1400    1300    1100    -999999 
	