EUROPEAN CLIMATE ASSESSMENT & DATASET (ECA&D), file created on: 17-05-2026
THESE DATA CAN BE USED FOR NON-COMMERCIAL RESEARCH AND EDUCATION PROVIDED THAT THE FOLLOWING SOURCE IS ACKNOWLEDGED: 

Klein Tank, A.M.G. and Coauthors, 2002. Daily dataset of 20th-century surface
air temperature and precipitation series for the European Climate Assessment.
Int. J. of Climatol., 22, 1441-1453.
Data and metadata available at http://www.ecad.eu

FILE FORMAT (MISSING VALUE CODE = -999999):

THIS FILE HOLDS DATA FOR STATION NETHERLANDS                              BODEGRAVEN                               (STAID:  20486)
LATITUDE: dd:mm:ss +52:04:41
LONGITUDE: ddd:mm:ss +004:43:50
ELEVATION: m -100

DATA IS FOR INDEX Maximum no of consecutive dry days (RR < 1 mm) (CDD) with unit 0.01 No of days

01-06 SOUID: Source identifier
08-11 YEAR : YYYY
13-20 ANNUAL DATA VALUES
21-28 WINTER HALF YEAR DATA VALUES
29-36 SUMMER HALF YEAR DATA VALUES
37-44 WINTER (DJF) DATA VALUES
45-52 SPRING (MAM) DATA VALUES
53-60 SUMMER (JJA) DATA VALUES
61-68 AUTUMN (SON) DATA VALUES
69-76 JANUARY DATA VALUES
etc. 
157-164 DECEMBER DATA VALUES

20486  1907 -999999 -999999 -999999 -999999 -999999 -999999 -999999 -999999 -999999 -999999 -999999 -999999 -999999 -999999 -999999 -999999 -999999 -999999 -999999 
	20486  1908 2700    -999999 1900    -999999 2000    1900    2700    800     1100    2000    1600    1600    1200    1400    800     900     1500    1200    1200    
	20486  1909 4300    4300    1700    2300    2000    1700    1300    1900    2300    2000    1100    1000    800     1100    1700    1100    800     1100    1000    
	20486  1910 2500    1200    1800    1200    2400    1800    2500    800     700     1200    1200    1300    1300    700     1800    700     2500    900     1200    
	20486  1911 -999999 3400    -999999 3400    2500    3400    -999999 1900    1500    1700    1600    1700    1100    3000    1500    -999999 600     400     600     
	20486  1912 2500    2500    2500    2500    2500    1800    1700    2500    1000    900     2000    800     1000    1800    400     1700    1300    500     800     
	20486  1913 2400    2400    1900    1900    1200    1900    900     1000    1900    1000    700     1200    600     900     1900    900     600     900     700     
	20486  1914 3700    1600    3700    1600    1500    2800    1300    1600    1300    500     1500    1100    1200    700     2800    900     700     1000    600     
	20486  1915 1900    1300    1900    1300    1100    1300    1400    1300    900     700     800     1100    1300    600     700     900     1400    500     300     
	20486  1916 2900    1200    2900    500     1300    2900    1500    400     500     1200    1000    800     900     1600    1300    1100    600     1500    600     
	20486  1917 3500    3500    2000    3500    2000    1600    1700    1900    1600    600     1300    700     900     1000    900     1700    800     500     1400    
	20486  1918 1800    1800    1700    1800    1800    1100    1100    1200    600     1800    1000    1700    700     500     1100    400     700     1100    400     
	20486  1919 3200    1800    3200    1800    2900    1400    1800    800     1500    1800    900     2900    700     700     1400    1800    1000    600     600     
	20486  1920 2700    1300    2000    1300    900     1800    2700    900     1300    900     400     900     1800    500     800     1100    1500    1400    1600    
	20486  1921 -999999 1800    -999999 1800    1700    -999999 2400    500     1300    1500    700     1700    800     -999999 -999999 1800    800     2400    1500    
	20486  1922 2700    1700    2100    1500    1900    700     2700    1400    1100    1700    1100    1900    600     400     700     700     2700    1000    600     
	20486  1923 3700    2500    1900    800     3700    1900    700     600     800     2500    1200    700     500     1400    1300    700     300     700     500     
	20486  1924 -999999 2200    -999999 1800    2000    1200    -999999 1000    1800    2000    1300    500     1000    1200    600     -999999 -999999 -999999 -999999 
	