EUROPEAN CLIMATE ASSESSMENT & DATASET (ECA&D), file created on: 17-05-2026
THESE DATA CAN BE USED FOR NON-COMMERCIAL RESEARCH AND EDUCATION PROVIDED THAT THE FOLLOWING SOURCE IS ACKNOWLEDGED: 

Klein Tank, A.M.G. and Coauthors, 2002. Daily dataset of 20th-century surface
air temperature and precipitation series for the European Climate Assessment.
Int. J. of Climatol., 22, 1441-1453.
Data and metadata available at http://www.ecad.eu

FILE FORMAT (MISSING VALUE CODE = -999999):

THIS FILE HOLDS DATA FOR STATION NETHERLANDS                              DEELEN-1                                 (STAID:    559)
LATITUDE: dd:mm:ss +52:04:00
LONGITUDE: ddd:mm:ss +005:52:59
ELEVATION: m   50

DATA IS FOR INDEX Maximum no of consecutive dry days (RR < 1 mm) (CDD) with unit 0.01 No of days

01-06 SOUID: Source identifier
08-11 YEAR : YYYY
13-20 ANNUAL DATA VALUES
21-28 WINTER HALF YEAR DATA VALUES
29-36 SUMMER HALF YEAR DATA VALUES
37-44 WINTER (DJF) DATA VALUES
45-52 SPRING (MAM) DATA VALUES
53-60 SUMMER (JJA) DATA VALUES
61-68 AUTUMN (SON) DATA VALUES
69-76 JANUARY DATA VALUES
etc. 
157-164 DECEMBER DATA VALUES

559    1970 -999999 -999999 -999999 -999999 -999999 -999999 -999999 -999999 -999999 -999999 -999999 -999999 -999999 -999999 -999999 -999999 -999999 -999999 -999999 
	559    1971 2200    -999999 2200    -999999 2000    2200    1700    1300    800     500     1400    700     800     1900    500     1200    1100    500     800     
	559    1972 2200    1500    1700    800     1500    1200    2200    700     800     1500    700     500     300     1200    1000    700     1800    300     1800    
	559    1973 3700    2700    2200    2700    1800    2200    1300    1900    600     1800    600     400     2200    900     2100    1300    900     700     800     
	559    1974 3300    1100    2200    700     3300    900     500     400     700     1100    2200    700     800     500     900     400     500     300     400     
	559    1975 2100    1100    2100    1100    1500    2100    1400    500     1100    200     700     1500    1000    700     1400    500     1400    800     1100    
	559    1976 2500    1500    2500    1500    2500    2300    800     500     1500    1100    2300    800     1700    900     2300    400     800     500     500     
	559    1977 2300    800     2300    600     1000    1700    2300    400     500     700     500     1000    900     1600    500     2300    2000    500     600     
	559    1978 1700    1100    1700    1100    1600    1000    1400    1100    800     400     900     1600    400     1000    900     600     1400    1000    700     
	559    1979 1100    700     1000    700     600     700     1100    700     700     300     600     400     500     600     500     1000    1100    400     400     
	559    1980 1900    1900    1600    1400    1600    800     1100    1400    1400    700     900     1600    800     700     600     700     600     500     500     
	559    1981 1700    900     1700    900     1100    1500    700     400     900     500     600     300     500     700     1000    700     300     500     600     
	559    1982 1900    1400    1900    1400    1600    1100    1900    1400    1400    1100    1600    1000    500     1100    300     1900    800     600     400     
	559    1983 2000    1700    1800    1700    1600    1800    2000    400     1700    1600    400     200     800     1800    1500    900     600     1400    800     
	559    1984 2100    1700    2100    1100    1300    2100    1700    400     1100    1300    1300    800     700     700     2100    200     700     1400    500     
	559    1985 2800    2800    1300    2800    1000    1200    2200    500     2800    500     800     1000    300     1200    400     900     2200    600     500     
	559    1986 3500    3500    1600    3200    1100    1600    2100    400     2800    1100    700     500     700     1600    1000    1500    600     600     500     
	559    1987 1800    1200    1800    1200    1200    1800    900     1200    700     1200    1000    700     500     1300    400     400     600     900     900     
	559    1988 2000    1100    2000    1100    1800    2000    1000    1100    500     200     1000    1800    2000    300     700     600     1000    800     800     
	559    1989 2100    1100    2100    1100    1900    1700    1200    600     700     700     400     1900    1700    1200    800     900     700     1200    800     
	559    1990 1700    800     1700    800     1600    1700    800     800     600     800     500     1600    1000    1700    800     600     800     500     800     
	559    1991 2600    1800    2600    1800    1200    1200    1400    800     1000    1200    700     800     200     600     1200    1400    1200    1000    1600    
	559    1992 1800    1300    1800    1300    1800    1300    800     1200    600     500     900     1800    1200    700     500     800     500     300     900     
	559    1993 1700    1000    1600    900     1600    1100    1700    400     900     1000    800     800     1100    300     400     500     1100    1600    200     
	559    1994 1700    1000    1400    1000    1400    1300    1700    500     1000    500     1400    500     500     1300    900     500     1700    500     600     
	559    1995 2600    1400    2600    600     800     2600    1900    600     500     500     800     700     1300    1000    2200    500     1900    700     1800    
	559    1996 3400    3400    2000    3400    2000    1300    800     2400    1000    1500    2000    1300    1200    1300    1000    800     800     400     1200    
	559    1997 2000    1800    2000    1800    1900    2000    2000    1800    300     1200    1900    1000    600     600     2000    1700    1700    600     700     
	559    1998 1600    800     1600    800     1600    1300    1000    800     800     600     400     1600    400     500     1300    800     400     1000    300     
	559    1999 2000    700     2000    600     1200    1200    1400    300     300     700     800     900     500     900     600     1400    1100    300     200     
	559    2000 900     900     800     900     700     800     800     900     300     500     700     600     700     800     800     800     400     300     600     
	559    2001 1300    1100    1200    1100    1200    800     1100    1100    400     400     400     1200    600     700     800     300     1100    400     1300    
	559    2002 2300    1100    1300    1100    2300    700     1000    1000    500     1000    1300    600     500     500     700     1000    700     600     1300    
	559    2003 2100    2000    2100    1900    2000    2100    1200    600     1900    2000    1800    700     1700    1100    1600    1100    900     1200    500     
	559    2004 1500    800     1500    700     1400    1500    1200    300     700     800     900     1400    500     600     900     900     1200    300     1400    
	559    2005 1600    1100    1400    600     1000    1100    1600    600     600     700     600     700     1100    1100    900     900     1600    600     500     
	559    2006 1500    1300    1500    1000    1500    1300    1500    1000    500     1300    1100    1500    1300    1000    200     1500    700     500     900     
	559    2007 3600    800     3500    800     3600    900     1300    400     700     800     3000    500     700     300     900     600     1300    1000    1500    
	559    2008 1800    1800    1200    1800    1200    900     1000    300     1800    200     900     1200    700     400     900     1000    700     300     1000    
	559    2009 1500    1200    1500    1000    1200    700     1500    800     500     1200    800     700     400     300     700     1500    500     200     500     
	559    2010 1700    800     1700    800     1700    1300    1200    600     800     500     1700    800     1100    600     300     600     1200    800     400     
	559    2011 2300    1300    1500    700     1500    900     2300    600     700     1200    1500    800     500     700     300     1200    1200    2300    300     
	559    2012 2600    2400    1100    800     2600    1100    1100    500     800     2400    300     600     600     700     800     1000    1100    700     100     
	559    2013 2200    1400    2000    800     2200    2000    1300    500     800     1400    800     700     1100    2000    600     1100    500     800     700     
	559    2014 1900    1400    1900    600     1400    900     1900    500     600     1400    600     700     800     900     300     1900    500     600     600     
	559    2015 1500    1500    1200    900     1500    1000    1300    400     900     1500    1200    800     700     500     1000    600     900     400     800     
	559    2016 1800    1300    1300    500     1300    1100    1300    500     400     1300    500     700     1100    700     900     1300    1100    900     1000    
	559    2017 1400    1400    1200    1400    1000    1200    800     1400    500     800     1000    700     1200    200     900     800     800     300     300     
	559    2018 2200    1700    1900    1400    1200    1900    2200    400     1400    500     900     1200    1000    1600    600     700     2200    1500    500     
	559    2019 2100    1700    2100    1700    2100    1600    600     400     1700    700     2100    900     1100    1000    900     600     500     300     700     
	559    2020 3500    1800    2100    400     3500    1200    1700    300     400     1800    1700    2100    800     700     1200    1700    800     800     400     
	559    2021 1700    1700    1300    1000    900     1200    1300    300     1000    700     900     500     1200    1000    500     1300    600     500     800     
	559    2022 3200    3200    2400    700     2900    1300    700     700     400     2900    1400    1800    900     1300    1200    500     700     700     1000    
	559    2023 2800    1100    2800    1100    900     1900    900     600     1100    500     600     900     1900    300     1200    900     700     300     400     
	559    2024 1200    600     1200    600     1000    700     1200    600     200     400     400     1000    700     600     700     1200    400     900     600     
	559    2025 2800    2200    2800    1000    2800    1600    800     700     900     2100    1100    2200    1600    600     1600    500     600     800     1300    
	559    2026 -999999 1300    -999999 1300    -999999 -999999 -999999 1300    300     900     1900    -999999 -999999 -999999 -999999 -999999 -999999 -999999 -999999 
	