EUROPEAN CLIMATE ASSESSMENT & DATASET (ECA&D), file created on: 17-05-2026
THESE DATA CAN BE USED FOR NON-COMMERCIAL RESEARCH AND EDUCATION PROVIDED THAT THE FOLLOWING SOURCE IS ACKNOWLEDGED: 

Klein Tank, A.M.G. and Coauthors, 2002. Daily dataset of 20th-century surface
air temperature and precipitation series for the European Climate Assessment.
Int. J. of Climatol., 22, 1441-1453.
Data and metadata available at http://www.ecad.eu

FILE FORMAT (MISSING VALUE CODE = -999999):

THIS FILE HOLDS DATA FOR STATION NETHERLANDS                              OUD-ADE                                  (STAID:  20582)
LATITUDE: dd:mm:ss +52:11:34
LONGITUDE: ddd:mm:ss +004:33:56
ELEVATION: m -100

DATA IS FOR INDEX Maximum no of consecutive dry days (RR < 1 mm) (CDD) with unit 0.01 No of days

01-06 SOUID: Source identifier
08-11 YEAR : YYYY
13-20 ANNUAL DATA VALUES
21-28 WINTER HALF YEAR DATA VALUES
29-36 SUMMER HALF YEAR DATA VALUES
37-44 WINTER (DJF) DATA VALUES
45-52 SPRING (MAM) DATA VALUES
53-60 SUMMER (JJA) DATA VALUES
61-68 AUTUMN (SON) DATA VALUES
69-76 JANUARY DATA VALUES
etc. 
157-164 DECEMBER DATA VALUES

20582  1930 -999999 -999999 1600    -999999 1600    1000    1200    -999999 1300    1200    1100    500     1000    400     800     500     1200    300     600     
	20582  1931 1500    1100    1500    900     1200    1500    1200    400     700     1100    400     800     1100    400     1100    600     1200    800     800     
	20582  1932 2500    2500    2100    2100    1600    2100    900     1400    2100    1600    400     600     2100    900     1900    800     300     900     1300    
	20582  1933 3100    1300    1500    1300    1100    1100    1200    900     700     1100    900     1100    900     700     1100    1200    700     1000    2400    
	20582  1934 2300    2300    2000    2300    1500    1500    800     700     2300    900     600     1500    1400    1200    800     600     300     800     500     
	20582  1935 1800    1600    1800    600     1800    1000    700     500     600     1600    600     1200    400     1000    800     700     400     300     600     
	20582  1936 1900    1900    1500    900     1900    1300    1100    300     900     1900    900     1000    800     300     1300    500     600     1100    700     
	20582  1937 1300    800     1300    600     1100    1300    1000    600     200     400     600     1100    700     800     1100    500     1000    1000    400     
	20582  1938 1800    1600    1800    1400    1600    1800    1000    400     1400    1600    1400    1300    1800    1000    900     900     600     900     1200    
	20582  1939 2500    1100    2500    1100    1500    1000    500     500     600     400     800     1500    1000    800     1000    500     400     300     1700    
	20582  1940 2900    2900    2100    2900    2100    1100    1100    2300    1500    800     500     2100    1100    400     700     900     1100    400     500     
	20582  1941 3600    1200    3600    1200    2400    3600    1500    1100    300     1200    700     1700    2200    1400    400     1500    800     500     700     
	20582  1942 3000    1900    3000    1900    3000    1100    1000    1900    1200    1300    2100    900     1100    500     700     1000    300     800     600     
	20582  1943 2000    1700    2000    1300    1500    2000    1600    700     1300    1400    1500    1300    1000    2000    600     500     1600    500     1000    
	20582  1944 1900    1300    1900    1300    1200    1900    700     500     1300    700     900     600     900     700     1800    500     700     200     1200    
	20582  1945 1200    1100    1200    500     1100    1200    800     500     400     1100    800     1100    900     1200    600     800     800     800     400     
	20582  1946 1700    1400    1700    1400    1700    1500    1000    1400    500     900     1700    1000    400     1400    300     800     800     400     1300    
	20582  1947 1900    1200    1900    1200    1100    1900    1300    1200    600     300     1100    800     1000    1400    1900    900     1300    400     900     
	20582  1948 2500    2500    1500    1000    1500    1500    1300    300     1000    1500    1200    1400    600     1400    900     600     1300    900     1100    
	20582  1949 2200    900     2200    800     1000    2200    800     800     600     900     800     700     1700    1300    2100    500     800     600     500     
	20582  1950 1700    1300    1700    1300    1000    1300    1000    1300    400     800     600     1000    1300    400     600     200     1000    200     1200    
	20582  1951 2400    1500    1500    800     1100    1100    2400    500     600     900     1100    400     1100    800     300     600     2000    300     1300    
	20582  1952 1500    1000    1500    1000    1500    1100    900     500     1000    700     1100    1500    800     900     1100    900     500     300     500     
	20582  1953 -999999 3800    -999999 2500    2700    -999999 -999999 2600    1100    2700    1100    700     -999999 -999999 -999999 -999999 -999999 -999999 -999999 
	