EUROPEAN CLIMATE ASSESSMENT & DATASET (ECA&D), file created on: 17-05-2026
THESE DATA CAN BE USED FOR NON-COMMERCIAL RESEARCH AND EDUCATION PROVIDED THAT THE FOLLOWING SOURCE IS ACKNOWLEDGED: 

Klein Tank, A.M.G. and Coauthors, 2002. Daily dataset of 20th-century surface
air temperature and precipitation series for the European Climate Assessment.
Int. J. of Climatol., 22, 1441-1453.
Data and metadata available at http://www.ecad.eu

FILE FORMAT (MISSING VALUE CODE = -999999):

THIS FILE HOLDS DATA FOR STATION NETHERLANDS                              ANDIJK                                   (STAID:  20476)
LATITUDE: dd:mm:ss +52:44:47
LONGITUDE: ddd:mm:ss +005:13:18
ELEVATION: m   -2

DATA IS FOR INDEX Maximum no of consecutive dry days (RR < 1 mm) (CDD) with unit 0.01 No of days

01-06 SOUID: Source identifier
08-11 YEAR : YYYY
13-20 ANNUAL DATA VALUES
21-28 WINTER HALF YEAR DATA VALUES
29-36 SUMMER HALF YEAR DATA VALUES
37-44 WINTER (DJF) DATA VALUES
45-52 SPRING (MAM) DATA VALUES
53-60 SUMMER (JJA) DATA VALUES
61-68 AUTUMN (SON) DATA VALUES
69-76 JANUARY DATA VALUES
etc. 
157-164 DECEMBER DATA VALUES

20476  1876 -999999 -999999 -999999 -999999 -999999 -999999 -999999 -999999 -999999 -999999 -999999 -999999 -999999 -999999 -999999 -999999 -999999 -999999 900     
	20476  1877 -999999 -999999 -999999 -999999 -999999 -999999 -999999 -999999 -999999 -999999 -999999 -999999 -999999 -999999 -999999 -999999 -999999 -999999 -999999 
	20476  1878 -999999 -999999 1800    -999999 -999999 1700    1000    -999999 -999999 -999999 1200    900     1500    1300    500     1000    900     700     800     
	20476  1879 3400    3400    900     3400    1300    800     900     2900    500     1300    500     700     300     800     600     700     700     900     2100    
	20476  1880 2800    2300    2800    2300    1900    2300    700     1700    800     1700    1300    900     700     300     2300    700     600     500     400     
	20476  1881 1400    1000    1400    1000    1300    1400    1100    900     1000    900     1100    700     800     900     700     700     400     900     600     
	20476  1882 2100    2100    1400    2100    1400    700     800     2100    1200    1300    1200    1400    500     500     700     700     800     800     1100    
	20476  1883 -999999 1200    -999999 1200    2300    1300    -999999 1200    900     700     2200    1100    1200    600     1300    -999999 -999999 -999999 -999999 
	20476  1884 -999999 -999999 -999999 -999999 -999999 1300    1300    -999999 -999999 -999999 -999999 1100    700     400     1200    1300    600     900     1100    
	20476  1885 2400    1300    2100    1300    2400    1600    1000    1300    500     1100    2100    600     1000    1100    900     300     200     1000    1100    
	20476  1886 2500    2500    1800    2200    1500    1400    1300    500     2200    1500    600     700     900     700     1400    1200    1100    400     400     
	20476  1887 2600    1300    2600    1300    1200    2600    1300    900     1300    1000    1200    400     2200    1400    900     700     600     1300    400     
	20476  1888 1500    1500    1300    1500    1300    1100    1400    1500    500     300     400     1300    800     400     1100    1200    1400    900     1000    
	20476  1889 2700    1200    2700    1200    1300    2700    1300    1100    300     600     1300    1000    2100    600     500     700     800     1300    700     
	20476  1890 3000    3000    1800    3000    1200    800     1800    400     2700    1200    900     1000    500     800     800     1800    700     800     1800    
	20476  1891 -999999 1900    -999999 1900    2200    600     -999999 1000    1900    1000    2200    600     600     500     500     -999999 -999999 -999999 -999999 
	20476  1892 -999999 -999999 -999999 -999999 -999999 -999999 -999999 900     -999999 -999999 -999999 -999999 -999999 -999999 -999999 -999999 -999999 -999999 -999999 
	20476  1893 -999999 -999999 -999999 -999999 -999999 -999999 -999999 -999999 -999999 -999999 -999999 -999999 -999999 -999999 -999999 -999999 -999999 -999999 -999999 
	20476  1894 -999999 -999999 -999999 -999999 -999999 -999999 -999999 -999999 -999999 -999999 -999999 -999999 -999999 -999999 -999999 -999999 -999999 -999999 -999999 
	20476  1895 -999999 -999999 -999999 -999999 -999999 -999999 -999999 -999999 -999999 -999999 -999999 -999999 -999999 -999999 -999999 -999999 -999999 -999999 -999999 
	20476  1896 -999999 -999999 -999999 -999999 -999999 -999999 -999999 -999999 -999999 -999999 -999999 -999999 -999999 -999999 -999999 -999999 -999999 -999999 -999999 
	20476  1897 -999999 -999999 -999999 -999999 -999999 -999999 -999999 -999999 -999999 -999999 -999999 -999999 -999999 -999999 -999999 -999999 -999999 -999999 -999999 
	20476  1898 -999999 -999999 -999999 -999999 -999999 -999999 -999999 -999999 -999999 -999999 -999999 -999999 -999999 -999999 -999999 -999999 -999999 -999999 -999999 
	20476  1899 -999999 -999999 -999999 -999999 -999999 -999999 -999999 -999999 -999999 -999999 -999999 -999999 -999999 -999999 -999999 -999999 -999999 -999999 -999999 
	20476  1900 -999999 -999999 -999999 -999999 -999999 -999999 -999999 -999999 -999999 -999999 -999999 -999999 -999999 -999999 -999999 -999999 -999999 -999999 -999999 
	20476  1901 -999999 -999999 -999999 -999999 -999999 -999999 -999999 -999999 -999999 -999999 -999999 -999999 -999999 -999999 -999999 -999999 -999999 -999999 -999999 
	20476  1902 -999999 -999999 -999999 -999999 -999999 -999999 -999999 -999999 -999999 -999999 -999999 -999999 -999999 -999999 -999999 -999999 -999999 -999999 -999999 
	20476  1903 -999999 -999999 -999999 -999999 -999999 -999999 -999999 -999999 -999999 -999999 -999999 -999999 -999999 -999999 -999999 -999999 -999999 -999999 -999999 
	20476  1904 1700    -999999 1700    -999999 1000    1700    1200    600     700     700     1000    1000    800     1700    400     900     700     700     1300    
	20476  1905 1900    1200    1700    1200    1700    1400    1000    900     1000    600     1100    1700    900     800     1400    900     300     1000    1900    
	20476  1906 3200    1500    1900    1000    3200    1900    1300    600     400     1500    1700    800     1300    1200    700     1200    700     600     900     
	20476  1907 1500    1400    1500    1400    1400    700     1500    1400    900     900     800     400     400     700     500     1500    600     1100    800     
	20476  1908 2700    1400    1800    1300    1400    1600    2700    800     1100    1400    900     800     1300    1300    600     1800    2100    700     1300    
	20476  1909 -999999 1300    1300    1300    1000    1300    -999999 1300    900     900     900     1000    600     600     1300    700     -999999 -999999 -999999 
	20476  1910 -999999 -999999 -999999 -999999 -999999 -999999 -999999 -999999 -999999 -999999 -999999 -999999 -999999 -999999 -999999 -999999 -999999 -999999 -999999 
	20476  1911 -999999 -999999 -999999 -999999 -999999 -999999 -999999 -999999 -999999 -999999 -999999 -999999 -999999 -999999 -999999 -999999 -999999 -999999 -999999 
	20476  1912 -999999 -999999 -999999 -999999 -999999 -999999 -999999 -999999 -999999 -999999 -999999 -999999 -999999 -999999 -999999 -999999 -999999 -999999 -999999 
	20476  1913 -999999 -999999 -999999 -999999 -999999 -999999 -999999 -999999 -999999 -999999 -999999 -999999 -999999 -999999 -999999 -999999 -999999 -999999 -999999 
	20476  1914 -999999 -999999 -999999 -999999 -999999 -999999 -999999 -999999 -999999 -999999 -999999 -999999 -999999 -999999 -999999 -999999 -999999 -999999 -999999 
	20476  1915 -999999 -999999 -999999 -999999 -999999 -999999 -999999 -999999 -999999 -999999 -999999 -999999 -999999 -999999 -999999 -999999 -999999 -999999 -999999 
	20476  1916 -999999 -999999 -999999 -999999 -999999 -999999 -999999 -999999 -999999 -999999 -999999 -999999 -999999 -999999 -999999 -999999 -999999 -999999 -999999 
	20476  1917 -999999 -999999 -999999 -999999 -999999 -999999 -999999 -999999 -999999 -999999 -999999 -999999 -999999 -999999 -999999 -999999 -999999 -999999 -999999 
	20476  1918 -999999 -999999 -999999 -999999 -999999 -999999 -999999 -999999 -999999 -999999 -999999 -999999 -999999 -999999 -999999 -999999 -999999 -999999 -999999 
	20476  1919 -999999 -999999 -999999 -999999 -999999 -999999 -999999 -999999 -999999 -999999 -999999 -999999 -999999 -999999 -999999 -999999 -999999 -999999 -999999 
	20476  1920 -999999 -999999 -999999 -999999 -999999 -999999 -999999 -999999 -999999 -999999 -999999 -999999 -999999 -999999 -999999 -999999 -999999 -999999 -999999 
	20476  1921 -999999 -999999 -999999 -999999 -999999 -999999 -999999 -999999 -999999 -999999 -999999 -999999 -999999 -999999 -999999 -999999 -999999 -999999 -999999 
	20476  1922 -999999 -999999 -999999 -999999 -999999 -999999 -999999 -999999 -999999 -999999 -999999 -999999 -999999 -999999 -999999 -999999 -999999 -999999 -999999 
	20476  1923 -999999 -999999 -999999 -999999 -999999 -999999 -999999 -999999 -999999 -999999 -999999 -999999 -999999 -999999 -999999 -999999 -999999 -999999 -999999 
	20476  1924 -999999 -999999 -999999 -999999 -999999 -999999 -999999 -999999 -999999 -999999 -999999 -999999 -999999 -999999 -999999 -999999 -999999 -999999 -999999 
	20476  1925 -999999 -999999 -999999 -999999 -999999 -999999 -999999 -999999 -999999 -999999 -999999 -999999 -999999 -999999 -999999 -999999 -999999 -999999 -999999 
	20476  1926 -999999 -999999 -999999 -999999 -999999 -999999 -999999 -999999 -999999 -999999 -999999 -999999 -999999 -999999 -999999 -999999 -999999 -999999 -999999 
	20476  1927 -999999 -999999 -999999 -999999 -999999 -999999 -999999 -999999 -999999 -999999 -999999 -999999 -999999 -999999 -999999 -999999 -999999 -999999 -999999 
	20476  1928 -999999 -999999 -999999 -999999 -999999 1700    1100    -999999 -999999 -999999 -999999 900     600     1700    500     1100    600     700     700     
	20476  1929 2300    2300    1700    2300    1800    1300    800     1400    2100    1800    1000    1600    800     1300    700     800     700     500     700     
	20476  1930 2200    2200    1900    1500    1900    1000    800     1200    1400    900     1400    700     1000    500     800     500     800     500     700     
	20476  1931 1400    1200    1200    600     1200    1100    1400    600     500     1200    400     900     600     500     1000    900     1200    1200    1300    
	20476  1932 2500    2500    1200    2200    1800    1200    1000    1500    2100    1800    900     600     1200    500     900     600     400     1000    2100    
	20476  1933 2000    2000    1400    2000    1400    1300    1200    2000    800     1200    900     1400    1000    900     1000    1200    600     700     1500    
	20476  1934 2000    1700    2000    1700    1600    1500    1700    700     1700    1000    900     1500    1100    1200    800     600     400     1700    700     
	20476  1935 -999999 1500    1800    1000    1800    1300    -999999 1000    700     1500    600     1200    500     1300    1200    800     600     -999999 -999999 
	20476  1936 -999999 -999999 -999999 -999999 -999999 -999999 -999999 -999999 -999999 -999999 -999999 -999999 -999999 -999999 -999999 -999999 -999999 -999999 -999999 
	20476  1937 -999999 -999999 -999999 -999999 -999999 -999999 -999999 -999999 -999999 -999999 -999999 -999999 -999999 -999999 -999999 -999999 -999999 -999999 -999999 
	20476  1938 -999999 -999999 -999999 -999999 -999999 -999999 -999999 -999999 -999999 -999999 -999999 -999999 -999999 -999999 -999999 -999999 -999999 -999999 -999999 
	20476  1939 -999999 -999999 -999999 -999999 -999999 -999999 -999999 -999999 -999999 -999999 -999999 -999999 -999999 -999999 -999999 -999999 -999999 -999999 -999999 
	20476  1940 -999999 -999999 -999999 -999999 -999999 -999999 -999999 -999999 -999999 -999999 -999999 -999999 -999999 -999999 -999999 -999999 -999999 -999999 -999999 
	20476  1941 -999999 -999999 -999999 -999999 -999999 -999999 -999999 -999999 -999999 -999999 -999999 -999999 -999999 -999999 -999999 -999999 -999999 -999999 -999999 
	20476  1942 -999999 -999999 -999999 -999999 -999999 -999999 -999999 -999999 -999999 -999999 -999999 -999999 -999999 -999999 -999999 -999999 -999999 -999999 -999999 
	20476  1943 -999999 -999999 -999999 -999999 -999999 -999999 -999999 -999999 -999999 -999999 -999999 -999999 -999999 -999999 -999999 -999999 -999999 -999999 -999999 
	20476  1944 -999999 -999999 -999999 -999999 -999999 -999999 -999999 -999999 -999999 -999999 -999999 -999999 -999999 -999999 -999999 -999999 -999999 -999999 -999999 
	20476  1945 -999999 -999999 -999999 -999999 -999999 -999999 -999999 -999999 -999999 -999999 -999999 -999999 -999999 -999999 -999999 -999999 -999999 -999999 -999999 
	20476  1946 -999999 -999999 -999999 -999999 -999999 -999999 -999999 -999999 -999999 -999999 -999999 -999999 -999999 -999999 -999999 -999999 -999999 -999999 -999999 
	20476  1947 -999999 -999999 -999999 -999999 -999999 -999999 -999999 -999999 -999999 -999999 -999999 -999999 -999999 -999999 -999999 -999999 -999999 -999999 -999999 
	20476  1948 -999999 -999999 -999999 -999999 -999999 -999999 -999999 -999999 -999999 -999999 -999999 -999999 -999999 -999999 -999999 -999999 -999999 -999999 -999999 
	20476  1949 -999999 -999999 -999999 -999999 -999999 -999999 -999999 -999999 -999999 -999999 -999999 -999999 -999999 -999999 -999999 -999999 -999999 -999999 -999999 
	20476  1950 -999999 -999999 -999999 -999999 -999999 -999999 -999999 -999999 -999999 -999999 -999999 -999999 -999999 -999999 -999999 -999999 -999999 -999999 -999999 
	20476  1951 2200    -999999 1600    -999999 1000    1000    2200    1000    700     900     1000    600     1000    1000    400     1200    1900    400     1200    
	20476  1952 1800    1000    1800    1000    1800    1000    1000    500     1000    1000    1800    1400    800     800     900     1000    800     300     600     
	20476  1953 3800    3800    1500    1100    2700    1000    1000    800     1100    2700    1200    1400    600     500     1000    700     900     1000    800     
	20476  1954 1700    1700    1700    1700    1700    700     600     1100    600     1600    1600    1500    500     400     700     400     500     600     600     
	20476  1955 1900    1500    1900    1100    1200    1900    900     900     1100    800     1200    400     600     1300    1100    800     700     700     500     
	20476  1956 1400    1000    1400    800     1300    1000    1400    500     800     1000    1000    800     1000    400     400     1400    800     900     600     
	20476  1957 1400    1200    1100    1200    1400    1100    1100    1200    300     600     1000    800     1100    300     700     400     1000    1100    900     
	20476  1958 1700    1200    1100    600     1200    1000    1700    600     200     1200    600     500     1000    900     600     500     1200    1700    600     
	20476  1959 2200    2100    2200    2100    1300    1700    2100    600     2000    700     1300    1000    1700    1500    700     2000    1700    700     500     
	20476  1960 1800    1200    1800    400     1800    700     1100    400     400     1200    700     1100    700     500     500     900     300     400     400     
	20476  1961 1500    1500    1100    1000    1500    700     800     600     1000    1500    500     1100    700     500     700     700     700     800     1500    
	20476  1962 2200    1400    1600    1100    1400    1600    2200    400     1100    1400    900     500     1600    800     400     400     2200    700     700     
	20476  1963 2300    2300    1800    1500    800     1000    1800    1300    1500    800     600     600     600     700     400     1800    900     500     1600    
	20476  1964 2400    2400    900     2100    1800    900     1000    2100    600     1800    800     800     500     900     500     700     600     900     700     
	20476  1965 1400    1300    1200    1000    1300    1200    1400    500     1000    1300    400     700     800     800     700     900     1400    600     300     
	20476  1966 1600    1000    1600    1000    1400    1000    1500    1000    600     600     400     1400    1000    200     600     1500    800     300     300     
	20476  1967 1200    1000    1200    1000    800     1200    800     1000    800     700     800     300     900     900     1100    700     400     700     400     
	20476  1968 1800    1200    1800    800     1800    800     1000    400     800     500     1800    500     800     500     700     600     1000    800     1600    
	20476  1969 2500    1300    2500    900     1300    1200    2500    900     400     1300    800     700     1100    1200    900     2500    2000    500     600     
	20476  1970 2500    1200    2500    800     800     2000    1300    800     400     800     300     600     2000    600     800     1300    1100    800     1300    
	20476  1971 2000    1000    1500    1000    2000    1200    1600    700     800     500     1500    800     900     1100    700     1200    1200    400     900     
	20476  1972 3200    1900    1400    1900    1500    1200    3200    1000    800     1500    700     400     400     1200    1100    1400    1800    300     1800    
	20476  1973 2300    2100    2300    1300    2100    2300    1400    1300    600     2100    800     900     2300    500     2100    1400    900     700     500     
	20476  1974 3500    1100    2400    900     3500    1500    500     500     900     1100    2400    900     800     400     1500    500     500     400     500     
	20476  1975 2100    1100    2100    1100    1000    2100    1400    900     1100    300     900     1000    1200    1000    1400    800     1400    800     700     
	20476  1976 2600    1300    2600    1300    2500    2600    700     500     1000    1100    2300    700     1400    1200    2600    400     700     500     400     
	20476  1977 1600    700     1600    600     1500    1600    1300    600     600     400     500     1500    1600    1500    500     1300    1100    400     600     
	20476  1978 1300    1000    1300    1000    1300    1100    1000    1000    800     500     1300    900     1100    900     600     500     1000    900     800     
	20476  1979 1100    1100    1000    1100    700     800     1100    1100    500     400     500     700     800     700     500     1000    1100    600     300     
	20476  1980 3300    1500    3300    1400    3300    900     900     1400    1400    700     1000    2800    600     900     600     700     900     500     300     
	20476  1981 3200    1700    2700    1700    3200    900     1000    500     1700    500     2700    800     500     700     900     1000    100     600     600     
	20476  1982 1400    1400    1300    1400    1200    1200    1400    1400    1400    1000    1200    1100    700     1200    300     1300    800     600     800     
	20476  1983 2500    1900    2500    1900    1300    2500    2000    400     1900    1300    400     200     1300    2500    1000    900     600     1400    600     
	20476  1984 2300    1300    2300    1100    2100    2300    1100    500     1100    1300    1900    700     800     1200    2300    300     700     700     500     
	20476  1985 2300    2300    1000    2300    900     500     1800    300     2200    500     800     900     500     500     500     900     1800    900     300     
	20476  1986 2200    1900    2200    1900    1400    2200    2100    400     1900    1400    1200    500     1900    1500    700     1500    700     500     400     
	20476  1987 1400    1300    1400    1300    1200    1400    800     1300    600     1200    1000    700     500     900     500     400     600     800     600     
	20476  1988 1200    800     1200    500     1200    1100    900     400     500     300     1200    900     1100    300     900     600     900     700     500     
	20476  1989 1800    1000    1800    1000    1600    1800    1300    1000    700     700     500     1600    1800    1300    1200    900     400     1300    800     
	20476  1990 1800    900     1800    700     1600    1800    900     700     700     900     600     1600    600     1800    800     600     900     500     900     
	20476  1991 2400    1800    2100    1800    1500    800     1300    1100    700     1100    800     1500    500     600     800     1300    1200    800     1600    
	20476  1992 1800    1300    1800    1300    1800    1500    1200    1200    1300    500     900     1800    1100    700     800     900     500     700     1200    
	20476  1993 1800    1800    1600    1800    1600    1500    1600    500     1500    1000    800     800     1200    700     500     400     1000    1500    300     
	20476  1994 2200    1300    2200    1300    1000    2200    1700    500     1300    500     600     500     500     2200    700     600     1700    900     400     
	20476  1995 3500    1600    3500    300     1700    3500    2000    300     300     500     900     800     1300    1300    2200    300     2000    1100    1100    
	20476  1996 2700    2700    2200    2700    2000    2000    1300    2400    400     1600    2000    600     2000    1300    800     700     1300    400     900     
	20476  1997 2000    1800    1900    1800    1900    1900    1600    1800    300     900     1900    900     700     1200    1900    1600    700     500     600     
	20476  1998 1600    1300    1600    1300    1500    1600    800     800     1300    1000    300     1500    300     900     1600    700     400     800     300     
	20476  1999 2000    800     2000    800     1400    1400    1400    400     400     600     1000    1000    800     1400    600     1400    1200    400     200     
	20476  2000 1600    1200    1600    1200    800     1600    600     1200    400     500     600     800     700     1600    300     600     400     300     600     
	20476  2001 1500    1500    1500    1500    1000    1500    400     1500    900     500     500     1000    900     700     700     200     400     300     1200    
	20476  2002 2300    1200    1300    1200    2300    900     1000    1000    500     1000    1300    800     600     900     900     1000    600     600     1300    
	20476  2003 2200    2200    2200    2200    2200    1900    1400    600     2200    2000    2200    700     1000    1200    1700    1100    1400    800     1000    
	20476  2004 1900    1500    1800    1000    1800    1500    1000    300     400     1100    1800    1400    800     600     900     1000    1000    600     1500    
	20476  2005 1700    1000    1400    600     1000    1100    1700    500     600     1000    600     400     1100    900     800     800     1700    600     500     
	20476  2006 1800    1700    1800    1700    1500    1200    1800    1100    800     1400    1000    1500    1200    1100    400     1800    500     400     1200    
	20476  2007 4500    1000    3500    800     4500    900     1200    400     500     1000    3000    500     900     400     600     500     1200    1000    1500    
	20476  2008 1700    1500    1700    1500    1700    1000    1500    300     1500    500     1700    1500    800     400     1000    1500    700     600     1200    
	20476  2009 2400    1200    2400    1000    1400    1100    2400    800     600     1200    1400    800     900     400     900     2400    600     300     500     
	20476  2010 2400    1200    2400    1200    2400    900     800     500     1200    800     2400    1600    900     600     400     500     800     800     1300    
	20476  2011 3300    1600    3300    800     3300    800     2000    700     700     1600    1900    1400    400     500     400     1200    600     2000    500     
	20476  2012 2600    2400    1300    900     2600    1300    1000    500     900     2400    300     1100    600     700     800     1000    700     500     200     
	20476  2013 2400    1400    2400    1200    2200    2400    1300    1000    1200    1400    1300    700     1100    2400    700     1100    500     400     500     
	20476  2014 2000    1800    2000    500     1700    1400    1900    500     400     1700    500     800     1400    900     200     1900    700     1000    600     
	20476  2015 1600    1600    1600    1600    1600    1000    1000    400     1600    1600    1600    900     1000    400     800     600     600     300     400     
	20476  2016 1700    1700    1400    400     1700    1300    1300    300     400     1700    700     1100    1300    1000    900     1300    1000    900     700     
	20476  2017 1400    900     1300    900     1400    1300    1000    900     400     800     1100    900     1300    500     800     800     700     300     400     
	20476  2018 3900    1700    3900    1400    1500    3900    2300    400     1400    500     900     1500    1200    2700    900     800     2300    1500    800     
	20476  2019 1500    1400    1500    1300    1500    1500    700     600     1000    1400    1000    800     1000    900     600     300     500     700     700     
	20476  2020 2500    1800    2500    400     2500    1600    1300    400     400     1800    2500    1100    700     800     1200    1300    600     700     400     
	20476  2021 -999999 -999999 1900    -999999 1700    1900    900     -999999 1000    900     1700    500     1200    1900    400     900     400     400     800     
	20476  2022 3100    1400    3100    700     3100    1500    700     700     400     1400    2100    1000    900     900     1500    500     700     500     600     
	20476  2023 3500    1100    3500    1100    1600    1900    900     500     1100    500     700     1600    1900    500     1100    900     700     200     500     
	20476  2024 2000    -999999 2000    -999999 800     2000    1300    800     -999999 500     600     800     900     600     1400    1100    500     1000    700     
	20476  2025 2800    1700    2700    1200    2800    1600    1200    1000    1000    1700    1100    2100    1100    600     1600    1000    600     700     1300    
	20476  2026 -999999 -999999 -999999 1100    -999999 -999999 -999999 1100    500     -999999 -999999 -999999 -999999 -999999 -999999 -999999 -999999 -999999 -999999 
	