EUROPEAN CLIMATE ASSESSMENT & DATASET (ECA&D), file created on: 17-05-2026
THESE DATA CAN BE USED FOR NON-COMMERCIAL RESEARCH AND EDUCATION PROVIDED THAT THE FOLLOWING SOURCE IS ACKNOWLEDGED: 

Klein Tank, A.M.G. and Coauthors, 2002. Daily dataset of 20th-century surface
air temperature and precipitation series for the European Climate Assessment.
Int. J. of Climatol., 22, 1441-1453.
Data and metadata available at http://www.ecad.eu

FILE FORMAT (MISSING VALUE CODE = -999999):

THIS FILE HOLDS DATA FOR STATION NETHERLANDS                              SLUIS                                    (STAID:  20607)
LATITUDE: dd:mm:ss +51:18:24
LONGITUDE: ddd:mm:ss +003:23:26
ELEVATION: m -100

DATA IS FOR INDEX Maximum no of consecutive dry days (RR < 1 mm) (CDD) with unit 0.01 No of days

01-06 SOUID: Source identifier
08-11 YEAR : YYYY
13-20 ANNUAL DATA VALUES
21-28 WINTER HALF YEAR DATA VALUES
29-36 SUMMER HALF YEAR DATA VALUES
37-44 WINTER (DJF) DATA VALUES
45-52 SPRING (MAM) DATA VALUES
53-60 SUMMER (JJA) DATA VALUES
61-68 AUTUMN (SON) DATA VALUES
69-76 JANUARY DATA VALUES
etc. 
157-164 DECEMBER DATA VALUES

20607  1879 -999999 -999999 -999999 -999999 -999999 -999999 -999999 -999999 -999999 -999999 -999999 -999999 -999999 -999999 -999999 -999999 1100    700     1700    
	20607  1880 3100    2800    3100    2300    3100    2300    900     1700    500     2800    600     2500    400     700     2300    800     500     500     700     
	20607  1881 1700    1100    1000    1100    1700    900     900     1100    700     1000    1000    1000    800     900     700     500     400     900     600     
	20607  1882 2000    2000    2000    2000    2000    700     600     2000    1300    1500    1200    2000    400     300     500     600     300     200     500     
	20607  1883 2300    900     1800    900     2300    900     1100    900     700     700     1800    1300    600     300     900     800     800     400     1300    
	20607  1884 1700    1500    1700    1500    1200    1400    1100    1500    800     800     1100    1200    1200    400     1100    1100    1000    900     700     
	20607  1885 1900    1500    1900    1500    1200    1900    900     1500    600     1000    1200    700     700     1900    700     300     200     900     900     
	20607  1886 2400    2400    1800    2400    1700    1800    1500    400     2400    1700    1200    1000    800     1000    700     1500    1000    400     400     
	20607  1887 3000    3000    2500    1600    2100    2500    800     1200    1600    2100    700     600     2500    1000    1300    700     600     800     300     
	20607  1888 2100    1500    1200    1400    1200    900     1300    1400    1200    300     1000    1200    400     300     900     800     1300    700     2100    
	20607  1889 2100    1800    2100    1800    900     2100    1600    1700    600     600     900     700     2000    400     500     1600    700     1300    700     
	20607  1890 1500    1500    1500    1500    1300    1200    1500    900     1400    700     700     1200    800     1200    600     1500    700     300     1500    
	20607  1891 2000    2000    1200    1400    700     1200    1500    700     1400    600     700     500     1200    800     500     1000    500     800     1000    
	20607  1892 1700    1100    1400    1000    1700    1000    900     800     800     500     1400    1000    600     1000    1000    900     700     900     1900    
	20607  1893 6100    1700    4600    1700    6100    1800    800     1700    400     1500    3000    1600    1800    1100    1500    500     800     400     900     
	20607  1894 3400    2400    1900    1700    3400    1900    1500    1600    1700    2400    1100    700     1300    600     400     1500    500     500     1900    
	20607  1895 2400    2400    1900    2400    1700    1100    2000    1700    2400    1700    900     1400    1100    800     800     1900    500     600     700     
	20607  1896 3100    3100    2500    3100    2500    1000    1100    1100    2900    600     1000    2200    600     1000    400     400     300     1100    1100    
	20607  1897 4100    2100    1900    2100    1300    1900    4100    2100    800     1000    900     900     500     1800    600     700     2800    1300    1200    
	20607  1898 2000    2000    1900    2000    1700    1900    1700    2000    500     1300    1300    1300    700     1900    1300    1700    1000    800     700     
	20607  1899 3800    3800    3300    1400    2400    3300    1900    1200    1400    2400    300     700     1700    900     2600    300     1300    1900    1700    
	20607  1900 1600    1100    1600    700     1600    1100    1300    500     600     700     1600    900     600     1100    800     1300    700     700     600     
	20607  1901 1900    1300    1900    1300    1900    1100    1700    1300    900     700     1400    1600    1100    1000    1000    700     900     1000    600     
	20607  1902 1900    1900    900     1900    700     900     1600    1900    1100    700     700     600     900     800     400     700     900     1600    1300    
	20607  1903 2300    900     2300    900     1400    2000    1000    700     700     900     500     1400    1500    900     600     1000    600     700     2200    
	20607  1904 3300    1600    2800    1600    1500    2800    1900    1100    1000    1100    1500    800     900     2300    700     800     1400    1000    1500    
	20607  1905 2000    1500    1100    1500    1100    1000    800     800     700     800     1100    1000    700     900     500     800     400     600     2000    
	20607  1906 2100    800     2100    800     2000    2000    1400    500     700     700     1700    500     2000    1100    900     1400    700     500     700     
	20607  1907 -999999 -999999 -999999 -999999 -999999 -999999 -999999 1100    -999999 -999999 -999999 -999999 -999999 -999999 -999999 -999999 -999999 -999999 -999999 
	