EUROPEAN CLIMATE ASSESSMENT & DATASET (ECA&D), file created on: 17-05-2026
THESE DATA CAN BE USED FOR NON-COMMERCIAL RESEARCH AND EDUCATION PROVIDED THAT THE FOLLOWING SOURCE IS ACKNOWLEDGED: 

Klein Tank, A.M.G. and Coauthors, 2002. Daily dataset of 20th-century surface
air temperature and precipitation series for the European Climate Assessment.
Int. J. of Climatol., 22, 1441-1453.
Data and metadata available at http://www.ecad.eu

FILE FORMAT (MISSING VALUE CODE = -999999):

THIS FILE HOLDS DATA FOR STATION NETHERLANDS                              FREDERIKSOORD                            (STAID:   2413)
LATITUDE: dd:mm:ss +52:51:00
LONGITUDE: ddd:mm:ss +006:12:00
ELEVATION: m    4

DATA IS FOR INDEX Maximum no of consecutive dry days (RR < 1 mm) (CDD) with unit 0.01 No of days

01-06 SOUID: Source identifier
08-11 YEAR : YYYY
13-20 ANNUAL DATA VALUES
21-28 WINTER HALF YEAR DATA VALUES
29-36 SUMMER HALF YEAR DATA VALUES
37-44 WINTER (DJF) DATA VALUES
45-52 SPRING (MAM) DATA VALUES
53-60 SUMMER (JJA) DATA VALUES
61-68 AUTUMN (SON) DATA VALUES
69-76 JANUARY DATA VALUES
etc. 
157-164 DECEMBER DATA VALUES

2413   1904 -999999 -999999 -999999 -999999 -999999 -999999 -999999 -999999 -999999 -999999 -999999 -999999 -999999 -999999 -999999 -999999 -999999 -999999 -999999 
	2413   1905 2300    -999999 2300    -999999 2300    1100    1600    1200    800     600     700     2300    900     1100    800     1600    300     1000    1000    
	2413   1906 1800    700     1700    600     1800    1400    1200    400     600     700     1700    600     600     1300    500     1100    800     500     800     
	2413   1907 2700    1400    2700    1400    1500    1600    2700    900     1200    1000    1200    600     500     1600    700     2700    500     1100    800     
	2413   1908 3100    1700    1800    1300    1700    1800    3100    800     700     1700    800     400     1200    600     400     900     2100    1000    1100    
	2413   1909 1500    1400    1200    1400    1100    1200    700     1400    1100    1100    1000    1000    600     400     1200    700     500     700     900     
	2413   1910 2100    1300    1300    700     2100    1300    1900    700     400     1300    800     900     1300    1100    900     800     1800    500     600     
	2413   1911 2700    2100    2000    2100    2700    1500    1100    1200    1500    900     2000    1000    1000    1400    1500    500     600     1100    400     
	2413   1912 1800    900     1800    900     1700    1600    1800    800     400     300     1700    600     500     1600    500     1800    1100    300     700     
	2413   1913 2200    2200    1700    2100    1400    1700    1400    1100    2100    300     1100    700     600     900     1700    1300    800     500     700     
	2413   1914 3000    2000    3000    2000    2000    2000    1100    2000    1200    600     1700    900     800     800     2000    1000    1100    800     500     
	2413   1915 2200    1100    2200    900     1400    1000    2200    900     600     700     1400    1300    1000    500     600     2200    1200    500     400     
	2413   1916 1800    1600    1800    1600    1200    1800    1300    1100    500     1100    900     900     500     1000    1300    1100    800     900     1100    
	2413   1917 -999999 7500    2500    5700    2500    1800    -999999 2900    2800    1800    1400    1100    1800    1500    400     1100    -999999 -999999 -999999 
	2413   1918 -999999 -999999 -999999 -999999 -999999 1900    2100    -999999 -999999 -999999 -999999 1900    700     800     1900    300     700     2100    300     
	2413   1919 3100    2900    3100    2900    2900    1300    1800    1700    1100    800     1100    2900    900     700     1300    1800    1200    500     900     
	2413   1920 4100    1200    2100    1100    1200    2000    4100    1000    1100    1200    1000    1000    2000    500     800     1500    2800    1400    1500    
	2413   1921 -999999 1700    -999999 1300    -999999 -999999 -999999 400     1300    1700    -999999 -999999 -999999 -999999 -999999 -999999 -999999 -999999 -999999 
	2413   1922 -999999 -999999 -999999 -999999 -999999 1500    1800    -999999 -999999 -999999 -999999 1400    1500    700     900     1100    1800    1200    500     
	2413   1923 1500    1500    1500    600     1500    1500    1000    600     600     1500    1100    800     800     1500    1400    800     400     1000    800     
	2413   1924 -999999 -999999 -999999 -999999 -999999 -999999 -999999 -999999 -999999 -999999 -999999 -999999 -999999 -999999 -999999 -999999 -999999 -999999 -999999 
	2413   1925 -999999 -999999 -999999 -999999 -999999 -999999 -999999 -999999 -999999 -999999 -999999 1400    -999999 -999999 -999999 -999999 -999999 -999999 -999999 
	2413   1926 -999999 -999999 -999999 -999999 2600    -999999 -999999 -999999 -999999 2000    900     400     -999999 -999999 -999999 -999999 -999999 -999999 -999999 
	2413   1927 -999999 -999999 -999999 -999999 -999999 -999999 -999999 500     -999999 -999999 -999999 -999999 900     -999999 -999999 -999999 -999999 -999999 -999999 
	2413   1928 -999999 -999999 -999999 -999999 -999999 -999999 -999999 -999999 -999999 -999999 -999999 -999999 -999999 -999999 -999999 -999999 -999999 -999999 -999999 
	2413   1929 -999999 -999999 -999999 -999999 -999999 -999999 -999999 -999999 -999999 -999999 -999999 -999999 -999999 -999999 -999999 -999999 -999999 -999999 -999999 
	2413   1930 -999999 -999999 -999999 -999999 -999999 -999999 -999999 -999999 -999999 -999999 -999999 -999999 -999999 -999999 -999999 -999999 -999999 -999999 -999999 
	2413   1931 -999999 -999999 -999999 -999999 -999999 -999999 -999999 -999999 -999999 -999999 -999999 -999999 -999999 -999999 -999999 -999999 -999999 -999999 -999999 
	2413   1932 -999999 -999999 -999999 -999999 -999999 -999999 -999999 -999999 -999999 -999999 -999999 -999999 -999999 -999999 -999999 -999999 -999999 -999999 -999999 
	2413   1933 -999999 -999999 -999999 -999999 -999999 -999999 -999999 -999999 -999999 -999999 -999999 -999999 -999999 -999999 -999999 -999999 -999999 -999999 -999999 
	2413   1934 -999999 -999999 -999999 -999999 -999999 -999999 -999999 -999999 -999999 -999999 -999999 -999999 -999999 -999999 -999999 -999999 -999999 -999999 -999999 
	2413   1935 -999999 -999999 -999999 -999999 -999999 -999999 -999999 -999999 -999999 -999999 -999999 -999999 -999999 -999999 -999999 -999999 -999999 -999999 -999999 
	2413   1936 -999999 -999999 -999999 -999999 -999999 -999999 -999999 -999999 -999999 -999999 -999999 -999999 -999999 -999999 -999999 -999999 -999999 -999999 -999999 
	2413   1937 -999999 -999999 -999999 -999999 -999999 -999999 -999999 -999999 -999999 -999999 -999999 -999999 -999999 -999999 -999999 -999999 -999999 -999999 -999999 
	2413   1938 -999999 -999999 -999999 -999999 -999999 -999999 -999999 -999999 -999999 -999999 -999999 -999999 -999999 -999999 -999999 -999999 -999999 -999999 -999999 
	2413   1939 -999999 -999999 -999999 -999999 -999999 -999999 -999999 -999999 -999999 -999999 -999999 -999999 -999999 -999999 -999999 -999999 -999999 -999999 -999999 
	2413   1940 -999999 -999999 -999999 -999999 -999999 -999999 -999999 -999999 -999999 -999999 -999999 -999999 -999999 -999999 -999999 -999999 -999999 -999999 -999999 
	2413   1941 -999999 -999999 -999999 -999999 -999999 -999999 -999999 -999999 -999999 -999999 -999999 -999999 -999999 -999999 -999999 -999999 -999999 -999999 -999999 
	2413   1942 -999999 -999999 -999999 -999999 -999999 -999999 -999999 -999999 -999999 -999999 -999999 -999999 -999999 -999999 -999999 -999999 -999999 -999999 -999999 
	2413   1943 -999999 -999999 -999999 -999999 -999999 -999999 -999999 -999999 -999999 -999999 -999999 -999999 -999999 -999999 -999999 -999999 -999999 -999999 -999999 
	2413   1944 -999999 -999999 -999999 -999999 -999999 -999999 -999999 -999999 -999999 -999999 -999999 -999999 -999999 -999999 -999999 -999999 -999999 -999999 -999999 
	2413   1945 -999999 -999999 -999999 -999999 -999999 -999999 -999999 -999999 -999999 -999999 -999999 -999999 -999999 -999999 -999999 -999999 -999999 -999999 -999999 
	2413   1946 -999999 -999999 -999999 -999999 -999999 -999999 -999999 -999999 -999999 -999999 -999999 -999999 -999999 -999999 -999999 -999999 -999999 -999999 -999999 
	2413   1947 -999999 -999999 -999999 -999999 -999999 -999999 -999999 -999999 -999999 -999999 -999999 -999999 -999999 -999999 -999999 -999999 -999999 -999999 -999999 
	2413   1948 -999999 -999999 -999999 -999999 -999999 -999999 -999999 -999999 -999999 -999999 -999999 -999999 -999999 -999999 -999999 -999999 -999999 -999999 -999999 
	2413   1949 -999999 -999999 -999999 -999999 -999999 -999999 -999999 -999999 -999999 -999999 -999999 -999999 -999999 -999999 -999999 -999999 -999999 -999999 -999999 
	2413   1950 -999999 -999999 -999999 -999999 -999999 -999999 -999999 -999999 -999999 -999999 -999999 -999999 -999999 -999999 -999999 -999999 -999999 -999999 -999999 
	2413   1951 6300    -999999 6300    -999999 1000    5900    2200    1000    600     900     1000    600     2900    2900    700     600     1900    300     700     
	2413   1952 1400    1000    1400    600     1400    800     800     600     500     1000    1000    1400    600     700     600     700     800     500     600     
	2413   1953 2400    2000    1500    1700    1600    1500    1600    1400    1100    1600    1200    1300    1500    500     1000    700     900     1600    800     
	2413   1954 1800    1800    1300    1800    1600    800     600     1100    700     1600    1200    1300    400     300     800     300     300     600     700     
	2413   1955 1400    1100    1400    1100    1200    1400    800     1100    800     800     1200    400     800     1300    800     800     700     800     300     
	2413   1956 1600    1600    1300    1600    1500    700     1300    800     1100    1200    1000    800     700     400     400     1300    700     1000    600     
	2413   1957 1500    1100    1500    1100    1300    1500    1000    1100    200     600     1000    800     1500    300     800     400     1000    600     900     
	2413   1958 1600    1200    1100    600     1200    1100    1600    500     200     1200    700     500     1100    900     500     600     800     1600    700     
	2413   1959 3300    3300    2300    2900    2300    1700    2600    500     2800    700     900     2300    1100    1700    800     2000    1700    800     700     
	2413   1960 1900    1200    1900    600     1900    800     1000    300     600     1200    900     1200    800     400     500     900     300     400     400     
	2413   1961 1400    1000    1000    1000    1000    700     1400    700     1000    900     500     1000    700     500     700     700     1200    1400    800     
	2413   1962 2100    1600    900     1100    900     800     2100    500     1100    500     900     400     800     500     400     300     2100    1300    700     
	2413   1963 2400    2400    1300    1600    800     700     900     1200    1600    800     500     800     500     700     300     900     900     500     1700    
	2413   1964 2400    2400    1100    1600    1800    1000    1000    1600    600     1800    700     1100    500     1000    500     800     700     900     400     
	2413   1965 1300    900     1100    900     900     1100    1300    600     900     600     500     600     700     600     1100    900     1300    1300    300     
	2413   1966 1600    1200    1600    1200    700     1000    1500    1200    600     600     300     700     1000    400     700     1500    800     700     300     
	2413   1967 1800    800     1800    800     800     1800    900     800     800     700     700     300     1800    700     1300    800     300     900     500     
	2413   1968 1700    1300    1600    1300    1600    900     1500    500     1300    900     1600    600     800     700     900     800     1000    1500    1600    
	2413   1969 2100    1300    2100    1000    1300    2100    1700    1000    400     1300    900     700     1100    2100    600     1500    1700    500     600     
	2413   1970 2100    1200    2100    800     1300    2100    1200    800     500     600     300     1300    2100    300     900     1200    1100    800     900     
	2413   1971 2100    800     2100    700     1100    2100    1700    600     700     500     1100    900     900     2000    400     1200    1100    600     800     
	2413   1972 2200    1600    1300    1300    1600    1200    2200    1000    800     1600    700     700     700     1200    800     700     1800    300     1800    
	2413   1973 3700    2200    2400    2200    1000    2400    1400    1900    600     1000    900     900     2400    500     2100    1400    900     500     400     
	2413   1974 3300    1100    2200    1000    3300    900     800     400     1000    1100    2200    700     800     300     900     800     300     400     500     
	2413   1975 2100    1200    2100    1100    1400    2100    1400    600     1100    800     900     1400    1100    700     1400    900     1400    800     700     
	2413   1976 2200    1300    2200    1300    1100    2200    1100    500     1000    1100    1100    800     1700    1200    1300    1100    800     500     300     
	2413   1977 1700    900     1700    600     1500    1000    1700    500     600     900     400     1500    1000    700     700     1700    1100    500     700     
	2413   1978 1500    1100    1500    1100    1500    1100    1400    1100    500     500     1500    700     500     1100    600     500     1400    900     800     
	2413   1979 1000    800     1000    800     800     700     1000    800     600     300     800     500     600     700     500     1000    900     700     400     
	2413   1980 2900    1500    2900    1400    2900    1600    700     1400    1400    400     800     2800    500     1000    700     700     600     500     300     
	2413   1981 1400    1200    1400    1200    1100    900     1100    700     1200    500     1100    900     600     600     900     1100    300     300     600     
	2413   1982 2100    1600    2100    1600    1100    2100    1400    1300    1600    900     1000    1100    600     2100    700     1300    800     600     400     
	2413   1983 1700    1700    1700    1700    1300    1700    1700    400     1700    1300    400     300     1300    1600    1300    700     600     1300    700     
	2413   1984 2800    1200    2800    1100    2100    2600    1000    300     1100    1200    1900    500     700     700     2600    200     700     1000    500     
	2413   1985 2200    2200    1000    2200    800     600     2200    900     2200    400     800     700     600     500     400     800     2200    1000    500     
	2413   1986 3400    3400    1500    3100    1200    1300    2100    300     2800    1100    1200    1100    600     1300    1000    1500    1000    600     500     
	2413   1987 1900    1300    1100    1300    1200    1100    900     1300    1300    1200    900     700     500     800     400     500     600     900     1500    
	2413   1988 3100    800     3000    500     3100    1200    1400    500     300     200     3000    1900    1200    200     900     900     1400    700     500     
	2413   1989 2100    1000    2100    1000    1500    2100    1300    1000    600     700     400     1500    1800    2100    1000    900     400     1300    1100    
	2413   1990 1700    900     1700    900     1600    1700    900     900     700     800     500     1600    1100    1700    1000    600     900     500     700     
	2413   1991 2400    2100    2100    2100    1600    1700    1400    1100    1000    1200    800     1600    400     600     1700    1400    900     800     1600    
	2413   1992 1700    1300    1700    1300    1700    1500    1600    1200    700     400     1200    1700    1300    800     800     1200    400     300     1200    
	2413   1993 1900    1500    1300    900     1500    1300    1900    500     900     1500    800     1200    1300    400     400     500     1000    1600    200     
	2413   1994 1600    1300    1400    1300    1000    1400    1600    500     1300    400     900     600     900     1100    900     600     1600    600     400     
	2413   1995 2700    1600    2700    500     1700    2700    2000    500     300     500     1000    700     1300    1000    2300    1100    2000    700     1800    
	2413   1996 2300    2300    1300    1500    2300    1300    1200    1500    700     2300    1300    600     900     1300    500     900     1200    600     800     
	2413   1997 2100    1800    2000    1800    1900    2000    1600    1800    300     1400    1900    1000    600     800     2000    1600    1100    700     500     
	2413   1998 1800    1800    1700    1800    1700    1600    1300    1200    800     700     400     1700    400     600     1600    800     300     1300    300     
	2413   1999 1900    600     1900    600     1300    1400    1400    300     300     500     900     1300    900     900     500     1400    1000    400     300     
	2413   2000 1300    1300    1000    1300    1000    800     600     1300    300     600     1000    800     600     800     600     600     400     500     700     
	2413   2001 1400    1400    1300    1400    1300    800     600     1400    300     400     600     1300    700     700     700     200     600     400     1000    
	2413   2002 2400    1100    1600    1100    2400    800     1000    1000    500     1100    1300    1600    500     600     800     1000    700     900     1300    
	2413   2003 2300    2000    2300    2000    2300    1700    1500    500     2000    2000    2300    700     1000    1200    1600    1000    1500    1200    1000    
	2413   2004 1800    1500    1800    900     1800    1500    1200    400     700     1100    1800    1400    500     600     900     1200    1000    400     1400    
	2413   2005 1600    1000    1300    900     700     1100    1600    500     600     500     600     700     1100    900     600     900     1600    400     800     
	2413   2006 1700    1700    1500    1700    1500    1300    1200    1100    800     1400    1100    1500    1300    800     400     1200    1100    600     900     
	2413   2007 4600    1100    3500    800     4600    1300    1300    400     700     1100    3000    700     1300    300     800     500     1300    900     1500    
	2413   2008 1900    1400    1900    1400    1900    700     1500    300     1400    200     1900    1400    700     300     600     1500    600     600     1200    
	2413   2009 1700    1000    1700    1000    1700    1100    1400    800     600     900     1700    500     900     400     900     1400    500     200     500     
	2413   2010 2100    700     2100    700     2100    1400    700     500     700     500     2100    1000    1200    700     400     400     700     700     400     
	2413   2011 2700    1600    2700    700     2700    800     2000    700     700     1600    1900    800     300     800     200     1300    600     2000    500     
	2413   2012 2500    2200    1000    800     2500    800     1000    500     800     2200    400     700     400     700     800     1000    800     600     200     
	2413   2013 2200    1600    2000    900     2200    2000    1300    800     900     1400    800     700     1100    2000    1200    1100    400     500     400     
	2413   2014 2000    1400    2000    600     1400    1300    2000    500     600     1400    500     900     900     900     700     2000    700     600     600     
	2413   2015 1400    1000    1200    900     1200    800     1400    400     900     1000    1200    600     700     300     800     600     1000    400     400     
	2413   2016 1700    1200    1200    800     1200    1100    1100    500     800     1200    500     1100    1100    500     800     1000    1100    1000    1000    
	2413   2017 1300    1300    1300    1300    1100    1300    900     1300    800     1100    1000    900     1300    900     800     900     700     300     500     
	2413   2018 1900    1700    1700    1400    1100    1700    1900    900     1400    500     900     1100    800     1700    600     600     1900    700     500     
	2413   2019 1900    800     1900    700     1600    1900    700     400     700     600     1000    1600    1000    900     1100    600     500     700     700     
	2413   2020 2800    1700    2700    700     2800    1600    1300    700     600     1700    2700    2100    800     500     1200    1300    800     700     400     
	2413   2021 -999999 -999999 1600    -999999 1400    1200    1600    -999999 1000    700     1400    400     1200    800     500     1600    400     400     1000    
	2413   2022 3100    1800    3100    1000    3100    1600    700     1000    300     1500    2100    1000    500     900     1600    500     700     500     1000    
	2413   2023 3900    1100    3900    1100    2000    1900    1000    600     1100    500     500     2000    1900    400     1100    1000    700     300     500     
	2413   2024 1300    -999999 1300    -999999 1300    1300    1200    500     -999999 1300    400     1100    1100    600     700     1100    600     900     700     
	2413   2025 2400    1200    2400    1200    1900    2400    1200    700     1000    1000    1100    1900    1100    600     2400    1000    600     700     1200    
	2413   2026 -999999 -999999 -999999 1100    -999999 -999999 -999999 1100    400     -999999 -999999 -999999 -999999 -999999 -999999 -999999 -999999 -999999 -999999 
	