EUROPEAN CLIMATE ASSESSMENT & DATASET (ECA&D), file created on: 17-05-2026
THESE DATA CAN BE USED FOR NON-COMMERCIAL RESEARCH AND EDUCATION PROVIDED THAT THE FOLLOWING SOURCE IS ACKNOWLEDGED: 

Klein Tank, A.M.G. and Coauthors, 2002. Daily dataset of 20th-century surface
air temperature and precipitation series for the European Climate Assessment.
Int. J. of Climatol., 22, 1441-1453.
Data and metadata available at http://www.ecad.eu

FILE FORMAT (MISSING VALUE CODE = -999999):

THIS FILE HOLDS DATA FOR STATION NETHERLANDS                              NUMANSDORP                               (STAID:    542)
LATITUDE: dd:mm:ss +51:43:59
LONGITUDE: ddd:mm:ss +004:25:00
ELEVATION: m    0

DATA IS FOR INDEX Maximum no of consecutive dry days (RR < 1 mm) (CDD) with unit 0.01 No of days

01-06 SOUID: Source identifier
08-11 YEAR : YYYY
13-20 ANNUAL DATA VALUES
21-28 WINTER HALF YEAR DATA VALUES
29-36 SUMMER HALF YEAR DATA VALUES
37-44 WINTER (DJF) DATA VALUES
45-52 SPRING (MAM) DATA VALUES
53-60 SUMMER (JJA) DATA VALUES
61-68 AUTUMN (SON) DATA VALUES
69-76 JANUARY DATA VALUES
etc. 
157-164 DECEMBER DATA VALUES

542    1931 -999999 -999999 -999999 -999999 -999999 -999999 -999999 -999999 -999999 -999999 -999999 -999999 -999999 -999999 -999999 -999999 -999999 -999999 -999999 
	542    1932 1700    -999999 1700    -999999 1600    1700    900     1500    1400    1600    300     600     1700    900     700     400     400     900     1100    
	542    1933 3300    1100    1900    1100    1900    1300    1200    800     700     1000    1900    1000    800     700     1300    1200    600     700     2600    
	542    1934 2400    2400    2000    2400    1700    1500    2000    700     2400    1100    600     1500    1200    1200    1400    500     1200    2000    500     
	542    1935 1900    1600    1900    700     1900    1500    800     700     600     1600    600     1300    500     1200    1100    800     400     500     400     
	542    1936 1900    1900    1400    1000    1900    1200    1500    600     1000    1900    800     1000    700     400     1200    400     1500    1300    900     
	542    1937 1800    1000    1800    600     1200    1400    1100    600     200     400     500     1200    600     800     900     300     1100    900     400     
	542    1938 2000    2000    1800    1200    2000    1800    1200    500     1200    2000    1200    1500    1800    1000    900     1200    700     1000    1000    
	542    1939 2300    1100    2300    1100    1300    1000    1300    400     700     300     600     1300    1000    900     900     1000    300     200     1700    
	542    1940 2500    1000    2500    900     2500    1600    1300    700     400     800     600     2500    1100    400     1200    1000    1300    400     800     
	542    1941 1700    1300    1700    1300    1700    1700    1500    1200    400     1300    1000    1700    1500    800     200     1500    800     500     800     
	542    1942 3400    1800    3400    1500    3400    1200    1100    1400    1500    1100    2500    900     1200    400     700     1100    500     800     700     
	542    1943 3800    3800    1400    1300    2500    1400    1400    600     1300    2500    1000    1300    900     1100    500     500     1400    500     900     
	542    1944 2000    1900    2000    1900    1000    2000    900     600     1900    1000    800     600     800     700     1800    900     900     300     500     
	542    1945 1700    900     1400    900     1400    1200    1700    900     400     900     1100    1400    900     1200    400     1000    1700    1400    1000    
	542    1946 1900    1500    1900    1500    1900    1100    1500    1500    800     1300    1100    1200    400     1100    800     600     1500    700     1300    
	542    1947 3300    1300    3300    1300    1100    2600    900     1200    600     400     1100    800     1000    1100    2600    700     800     700     1300    
	542    1948 3000    3000    1500    1600    1400    1500    1900    300     1600    1400    800     1400    1000    1400    900     900     1000    900     1100    
	542    1949 3100    1400    3100    1400    1300    3100    1600    700     800     1200    800     400     1700    1400    1500    800     800     400     600     
	542    1950 1700    1400    1700    1400    1200    1300    1000    1400    400     800     800     1200    1300    800     800     400     1000    400     1400    
	542    1951 2400    1300    1500    600     1000    1100    2400    400     400     1000    1000    600     1100    700     600     700     2000    300     900     
	542    1952 1300    1100    1300    1100    1300    1100    700     800     1100    700     1300    800     800     1000    1100    700     600     700     800     
	542    1953 3700    3700    1400    1700    2700    1400    3600    1700    1000    2700    1100    1200    900     800     1400    700     2900    1100    900     
	542    1954 2600    1700    2600    1700    2600    700     700     1100    600     1700    2600    1500    600     700     500     400     700     600     600     
	542    1955 1900    1800    1900    1200    1900    1000    900     900     1200    700     1900    500     900     700     1000    900     700     600     500     
	542    1956 1400    1300    1400    1300    1300    800     1400    500     1300    1000    800     800     800     300     400     1400    900     1000    900     
	542    1957 2100    1300    1700    1300    2100    1100    800     1300    400     500     1700    800     700     500     700     300     600     800     600     
	542    1958 2200    1300    1100    600     1300    1000    2200    500     200     1300    500     400     1000    800     600     600     900     2200    500     
	542    1959 3900    2100    3900    2100    1800    1900    2500    600     2000    300     800     1800    1700    1800    1900    2000    1600    800     900     
	542    1960 1400    900     1400    900     1400    1400    800     300     900     900     600     1100    1400    500     600     800     300     400     400     
	542    1961 1700    1700    1400    1100    1700    900     1400    500     1100    1700    500     1100    700     900     700     1400    800     1200    700     
	542    1962 2100    2000    2100    1300    1900    1700    2100    700     1300    1300    1400    500     1700    500     400     1200    2100    600     700     
	542    1963 2200    2100    2000    1300    900     1200    1300    1100    1300    800     800     800     1200    600     300     1300    1000    500     1700    
	542    1964 1700    1700    1400    1300    1200    1400    1000    1300    500     1200    800     500     800     900     1100    800     700     900     600     
	542    1965 1500    1500    1300    800     1500    1200    1400    300     800     1300    900     1300    800     500     1200    900     1400    700     300     
	542    1966 1600    1100    1600    1100    1100    1000    1500    1100    600     600     400     1100    1000    400     800     1500    800     300     200     
	542    1967 1400    1100    1400    1100    900     1300    1400    1100    800     700     800     600     1300    700     1200    700     700     1400    400     
	542    1968 1600    1200    1600    800     1600    800     1600    500     800     500     1600    600     600     700     800     600     1000    1600    1500    
	542    1969 2100    1100    2100    900     1100    2100    1800    900     700     1100    900     300     800     2000    600     1600    1800    300     600     
	542    1970 3300    1300    3300    500     1000    2300    1400    500     400     500     300     1000    2300    600     800     1400    1200    900     1300    
	542    1971 2300    1000    2300    1000    2000    2200    2200    1000    500     500     1500    800     900     2100    400     2200    1100    400     900     
	542    1972 2200    1500    1700    1200    1500    1000    2200    900     800     1500    900     600     800     800     1000    700     1800    400     2100    
	542    1973 3400    2500    1700    1700    2500    1700    1500    1300    600     2500    400     600     1700    400     1200    1500    900     900     500     
	542    1974 2100    1100    1100    700     2100    800     800     500     600     1100    1100    900     800     700     700     800     200     400     700     
	542    1975 1800    1100    1600    1000    1500    1000    1800    600     1000    100     900     1500    1000    600     900     800     1800    700     1100    
	542    1976 2400    1300    2400    1300    1800    2400    700     500     1100    1100    1600    700     1700    1200    2400    500     700     500     400     
	542    1977 2200    700     2200    600     1100    2200    1400    400     300     300     700     1100    700     1600    900     1300    1400    500     600     
	542    1978 1600    900     1300    900     1200    1200    1600    500     900     500     900     1200    700     900     1200    1000    1100    1600    700     
	542    1979 1400    800     1400    800     600     1100    1400    600     800     500     600     500     700     600     600     1400    1100    400     400     
	542    1980 2000    1400    2000    1400    2000    1200    800     1400    800     1200    1000    2000    1200    800     800     800     400     500     600     
	542    1981 1700    1600    1700    1600    1100    1500    700     500     1600    400     1000    400     700     1300    1000    700     400     500     700     
	542    1982 1900    1400    1900    1400    1900    1200    1900    1400    1300    900     1900    1200    800     1200    300     1900    800     900     900     
	542    1983 2700    1700    1700    1700    1300    1700    2700    500     1700    1300    300     300     1400    1700    1300    600     1300    1400    800     
	542    1984 2200    1300    2200    1100    2100    2200    700     500     1100    1300    1900    400     700     1000    2200    200     700     700     600     
	542    1985 2000    2000    1700    2000    1100    1700    1900    400     2000    600     1100    900     400     1700    400     800     1900    600     300     
	542    1986 3500    3500    1500    3200    1100    1400    2100    400     2800    1100    600     500     1100    1400    1300    1500    1000    400     500     
	542    1987 1400    1400    1300    1400    1200    1300    1200    1400    700     1200    900     800     400     1300    400     400     500     900     900     
	542    1988 2500    1000    2500    1000    1000    2500    1000    1000    700     300     800     1000    2500    300     900     600     1000    800     500     
	542    1989 2000    1300    2000    1300    1700    2000    1200    1000    800     700     500     1700    1200    2000    1000    900     400     1200    800     
	542    1990 1900    900     1900    900     1900    1800    900     700     600     900     600     1900    900     1800    900     400     900     500     800     
	542    1991 2400    1600    2300    1600    1500    1800    1400    1000    1100    1100    700     1500    400     800     1000    1400    800     900     1500    
	542    1992 2100    1000    2100    1000    2100    800     1200    600     600     400     900     2100    800     700     500     800     400     400     1200    
	542    1993 1700    1700    1500    1700    1500    700     1600    600     1500    1000    800     800     700     300     500     300     1000    1500    300     
	542    1994 1600    1300    1400    1300    900     1400    1600    500     1300    400     900     600     900     1300    500     1000    1600    800     500     
	542    1995 2700    1500    2700    500     1600    2700    1500    300     500     600     800     1500    1300    1000    2300    400     1500    1100    1600    
	542    1996 3200    2300    3100    2300    3200    1200    1000    2100    500     1600    3000    1200    800     1200    700     1000    500     400     1400    
	542    1997 1900    1800    1900    1800    1900    1900    1700    1700    400     1300    1900    1100    600     1000    1900    1700    900     500     700     
	542    1998 1700    1400    1700    1300    1700    1600    700     1000    1300    1400    200     1700    600     600     1600    700     200     700     300     
	542    1999 1900    600     1900    600     1000    1200    1400    400     400     600     600     800     900     900     500     1400    1000    400     200     
	542    2000 1700    700     1700    700     1700    1700    700     700     400     600     900     900     800     700     1700    700     400     300     800     
	542    2001 1300    900     1300    900     1300    900     800     900     800     400     400     1300    800     500     600     300     800     700     1000    
	542    2002 2400    1100    1300    900     2400    700     1000    900     500     1100    1300    600     700     700     700     1000    500     300     900     
	542    2003 2900    2000    2900    2000    2000    2900    1500    600     2000    2000    1800    700     800     1200    2700    900     1500    800     1000    
	542    2004 2200    1100    2200    1000    2200    1100    900     300     700     1100    1000    2200    600     600     500     900     900     400     1500    
	542    2005 1500    900     1400    800     1200    1100    1500    600     800     500     500     1200    800     1100    600     800     1500    600     500     
	542    2006 1900    1700    1900    1700    1500    1900    1400    1100    900     1300    900     1500    1100    1900    400     1400    1000    600     900     
	542    2007 4600    1100    3500    800     4600    1000    1000    300     700     1100    3000    500     500     400     1000    600     1000    600     1400    
	542    2008 1800    1800    1400    1800    1400    900     1000    500     1800    300     800     1400    700     500     900     1000    700     800     1100    
	542    2009 2000    1000    2000    900     1100    2000    1800    800     400     1000    800     800     1500    700     800     1600    700     400     700     
	542    2010 2100    1100    2100    1100    2100    1300    900     1100    600     900     2100    1400    1100    800     400     500     900     800     500     
	542    2011 2800    900     1500    800     1500    600     2800    700     700     800     1500    1100    400     400     400     1200    600     2800    500     
	542    2012 2900    2400    1100    900     2900    700     1000    500     900     2400    600     1100    400     700     400     1000    500     600     400     
	542    2013 2300    1200    2300    800     2000    2300    1300    500     800     1200    900     700     1100    2300    700     1100    600     800     500     
	542    2014 1800    1500    1800    500     1500    1800    1400    500     500     1500    900     500     1800    500     200     1400    400     600     400     
	542    2015 2000    2000    1400    1400    2000    1400    1400    400     1400    2000    1200    700     1100    600     900     600     1000    400     800     
	542    2016 1900    1300    1300    500     1300    1300    1300    500     400     1300    600     600     900     1300    700     1300    1100    1000    1000    
	542    2017 1700    1000    1700    800     1300    1400    1000    700     800     1000    1300    1300    1400    300     900     800     1000    500     400     
	542    2018 2800    1500    2800    1400    2100    2800    1400    500     1400    400     900     2100    1500    1500    700     900     1400    1200    600     
	542    2019 1700    1700    1600    1700    1600    1600    1000    400     1700    1400    1000    1600    1100    500     1200    1000    500     400     500     
	542    2020 3500    1800    2100    800     3500    900     1800    800     400     1800    1700    2100    700     700     900     1800    800     700     400     
	542    2021 -999999 -999999 1800    -999999 1600    1300    1300    -999999 1000    900     1600    500     1200    1300    500     1300    300     600     1000    
	542    2022 3200    2800    3200    700     3200    1900    700     700     400     2800    2200    1000    900     1900    1400    400     700     500     900     
	542    2023 3900    1100    3900    1100    2000    1900    1000    600     1100    400     700     2000    1900    400     1200    1000    700     300     200     
	542    2024 1100    -999999 1100    -999999 600     900     1100    700     -999999 400     400     600     700     600     900     1100    600     800     600     
	542    2025 3100    2000    2900    1200    3100    2300    1200    1200    1000    2000    1100    2300    1300    700     2300    1000    900     800     1300    
	542    2026 -999999 -999999 -999999 600     -999999 -999999 -999999 600     300     -999999 -999999 -999999 -999999 -999999 -999999 -999999 -999999 -999999 -999999 
	