EUROPEAN CLIMATE ASSESSMENT & DATASET (ECA&D), file created on: 17-05-2026
THESE DATA CAN BE USED FOR NON-COMMERCIAL RESEARCH AND EDUCATION PROVIDED THAT THE FOLLOWING SOURCE IS ACKNOWLEDGED: 

Klein Tank, A.M.G. and Coauthors, 2002. Daily dataset of 20th-century surface
air temperature and precipitation series for the European Climate Assessment.
Int. J. of Climatol., 22, 1441-1453.
Data and metadata available at http://www.ecad.eu

FILE FORMAT (MISSING VALUE CODE = -999999):

THIS FILE HOLDS DATA FOR STATION NETHERLANDS                              WITMARSUM                                (STAID:  20644)
LATITUDE: dd:mm:ss +53:06:42
LONGITUDE: ddd:mm:ss +006:06:06
ELEVATION: m -100

DATA IS FOR INDEX Maximum no of consecutive dry days (RR < 1 mm) (CDD) with unit 0.01 No of days

01-06 SOUID: Source identifier
08-11 YEAR : YYYY
13-20 ANNUAL DATA VALUES
21-28 WINTER HALF YEAR DATA VALUES
29-36 SUMMER HALF YEAR DATA VALUES
37-44 WINTER (DJF) DATA VALUES
45-52 SPRING (MAM) DATA VALUES
53-60 SUMMER (JJA) DATA VALUES
61-68 AUTUMN (SON) DATA VALUES
69-76 JANUARY DATA VALUES
etc. 
157-164 DECEMBER DATA VALUES

20644  1917 -999999 -999999 -999999 -999999 -999999 1100    1300    -999999 -999999 -999999 -999999 -999999 800     1100    500     1100    600     400     700     
	20644  1918 1800    1700    1800    1000    1600    1800    1000    700     700     1600    800     700     800     900     1800    200     600     1000    300     
	20644  1919 2200    1200    2200    900     2200    1200    1800    700     900     1200    900     2200    700     700     1200    1800    800     400     700     
	20644  1920 4100    1500    1800    1500    1100    1800    4100    700     1500    1100    300     900     1800    500     700     1000    2800    1400    1300    
	20644  1921 3600    1700    1800    1300    1600    1700    3600    300     1000    500     1200    1600    800     1500    1700    1700    1900    2200    500     
	20644  1922 3500    1800    3500    1200    2600    900     1400    1100    1200    1800    800     2600    900     400     400     800     1400    400     800     
	20644  1923 1500    1500    1400    1200    1500    1400    900     500     1200    1500    1100    900     500     1400    1300    900     200     600     700     
	20644  1924 2300    2100    1200    2100    1700    1200    2300    800     2100    1500    1100    500     1000    700     900     400     1000    2300    1000    
	20644  1925 2100    1500    2100    800     1300    2000    1400    800     600     500     700     1300    2000    1900    1000    400     1000    1400    600     
	20644  1926 2600    2000    1200    900     2600    1200    1000    600     900     2000    1000    1000    800     1200    600     800     800     700     1200    
	20644  1927 3400    1400    1500    1400    1500    800     1200    600     1400    1200    600     1300    600     800     600     700     900     1200    2200    
	20644  1928 1700    1700    1700    1200    1600    1700    1100    300     1200    900     1300    900     600     1700    500     1100    600     700     600     
	20644  1929 2600    2600    2100    1900    2100    2100    900     1300    1600    2100    1000    1800    700     2100    700     900     600     600     1400    
	20644  1930 2100    2100    1300    1500    1400    1000    900     1500    1200    1000    1000    600     1000    500     800     500     900     700     1000    
	20644  1931 2000    900     1500    700     1900    1500    2000    400     400     800     1100    800     1000    500     800     600     2000    900     600     
	20644  1932 2100    1900    1900    1400    1900    1700    1100    1400    900     1900    900     400     1700    500     900     500     500     1100    2100    
	20644  1933 3100    2100    1600    2100    1600    1100    1400    2000    1500    1200    1600    1000    1000    800     700     1100    600     500     2600    
	20644  1934 2100    2100    2000    2100    1600    1500    1700    800     2100    1000    600     1500    700     1200    600     800     500     1700    700     
	20644  1935 1800    1700    1800    1000    1800    1500    600     1000    400     1700    600     1200    500     1500    1400    600     500     600     600     
	20644  1936 1600    1300    1600    1000    1300    1400    1200    600     1000    1300    1200    900     800     600     1400    1200    900     900     900     
	20644  1937 1600    700     1600    700     1300    1600    1100    600     200     500     800     800     600     700     1000    600     1100    700     800     
	20644  1938 2300    2300    2000    1400    2300    1300    1300    300     1400    2300    1300    1400    1300    800     900     600     800     1300    1000    
	20644  1939 2300    1500    2300    1500    1300    1800    900     700     800     600     700     1300    1000    800     1800    900     400     700     1500    
	20644  1940 1500    1400    1200    1400    1000    1100    1000    1400    900     800     700     1000    1100    600     600     1000    800     400     700     
	20644  1941 2000    1200    1700    1200    1400    1700    2000    1100    500     1100    1100    1400    1600    900     400     1200    800     500     500     
	20644  1942 3000    1500    3000    1500    3000    1200    800     1500    700     1300    2000    1000    1200    400     400     800     400     800     900     
	20644  1943 3000    3000    1800    1200    1800    1800    1800    700     1200    1800    1200    1100    1000    1800    600     1600    1600    600     1700    
	20644  1944 2000    1800    1900    1800    2000    1900    700     600     1800    1800    1400    800     1100    1300    1800    500     700     100     1200    
	20644  1945 2100    2100    1500    900     2100    800     1900    700     900     2100    1400    800     700     800     400     1300    1900    1400    500     
	20644  1946 1700    1600    1700    1600    1700    1000    900     1600    600     1000    1700    1500    400     1000    600     700     900     300     1400    
	20644  1947 3200    1800    3200    1800    2000    2500    1500    1600    700     400     1000    2000    800     1600    2500    1200    1500    500     300     
	20644  1948 3000    3000    1900    1500    1900    1800    1000    200     1500    1500    1900    1100    900     1800    700     900     700     1000    1100    
	20644  1949 2300    1300    2300    900     1300    2300    2300    900     800     1300    800     600     2000    1200    900     1300    1000    600     500     
	20644  1950 1600    1400    1600    1400    1200    1300    900     1400    300     700     1200    900     1300    700     600     100     900     200     1500    
	20644  1951 2300    1600    1700    800     1700    1100    2300    600     600     1000    1400    1100    1100    900     400     800     2000    500     1300    
	20644  1952 -999999 -999999 1500    -999999 1500    800     900     -999999 600     900     1200    1500    700     600     500     700     900     800     800     
	20644  1953 -999999 2000    -999999 1300    -999999 -999999 -999999 1400    1100    1500    1100    -999999 -999999 -999999 -999999 -999999 -999999 -999999 -999999 
	