EUROPEAN CLIMATE ASSESSMENT & DATASET (ECA&D), file created on: 17-05-2026
THESE DATA CAN BE USED FOR NON-COMMERCIAL RESEARCH AND EDUCATION PROVIDED THAT THE FOLLOWING SOURCE IS ACKNOWLEDGED: 

Klein Tank, A.M.G. and Coauthors, 2002. Daily dataset of 20th-century surface
air temperature and precipitation series for the European Climate Assessment.
Int. J. of Climatol., 22, 1441-1453.
Data and metadata available at http://www.ecad.eu

FILE FORMAT (MISSING VALUE CODE = -999999):

THIS FILE HOLDS DATA FOR STATION NETHERLANDS                              OLDEBROEK                                (STAID:   2489)
LATITUDE: dd:mm:ss +52:22:59
LONGITUDE: ddd:mm:ss +005:55:00
ELEVATION: m   60

DATA IS FOR INDEX Maximum no of consecutive dry days (RR < 1 mm) (CDD) with unit 0.01 No of days

01-06 SOUID: Source identifier
08-11 YEAR : YYYY
13-20 ANNUAL DATA VALUES
21-28 WINTER HALF YEAR DATA VALUES
29-36 SUMMER HALF YEAR DATA VALUES
37-44 WINTER (DJF) DATA VALUES
45-52 SPRING (MAM) DATA VALUES
53-60 SUMMER (JJA) DATA VALUES
61-68 AUTUMN (SON) DATA VALUES
69-76 JANUARY DATA VALUES
etc. 
157-164 DECEMBER DATA VALUES

2489   1950 -999999 -999999 -999999 -999999 -999999 -999999 -999999 -999999 -999999 -999999 -999999 -999999 -999999 -999999 -999999 -999999 -999999 -999999 -999999 
	2489   1951 2200    -999999 1300    -999999 1000    900     2200    900     500     900     1000    500     900     700     700     1300    1900    300     500     
	2489   1952 1800    1000    1800    500     1800    1000    800     500     400     1000    1100    1800    800     900     1000    700     800     300     800     
	2489   1953 1700    1700    1200    800     1600    1000    1400    800     700     1600    1200    900     700     600     1000    700     1400    900     900     
	2489   1954 2500    1800    2500    1800    2500    700     600     1100    700     1700    2400    1300    500     400     700     300     500     600     300     
	2489   1955 1700    1700    1400    1100    1200    1300    1000    900     1100    700     1200    800     1300    800     1100    1000    800     1000    500     
	2489   1956 1400    1200    1300    800     1400    700     1300    500     800     1200    600     800     700     300     400     1300    900     1000    600     
	2489   1957 1500    1200    1500    1200    1500    1100    1300    1200    400     600     1200    800     1100    500     700     400     1300    600     600     
	2489   1958 2300    1300    1100    600     1300    1100    1600    600     200     1300    600     500     1000    1100    600     500     800     1600    700     
	2489   1959 3500    2500    3500    2500    900     1600    2700    600     1900    400     900     700     1500    1600    1500    2000    1800    800     800     
	2489   1960 2100    2100    1300    500     2100    700     900     400     500     2100    700     1100    700     500     500     900     400     400     500     
	2489   1961 1500    1000    1000    1000    900     700     1300    600     1000    900     800     800     700     400     700     600     1200    1300    1500    
	2489   1962 2100    1200    1000    1100    1100    900     2100    400     1100    1100    1000    400     900     700     600     300     2100    600     700     
	2489   1963 2300    2300    1300    1500    900     900     900     1100    1500    800     600     900     400     700     300     800     900     500     1600    
	2489   1964 2400    2400    800     1800    1800    800     1000    1800    600     1800    400     600     700     800     400     700     700     900     500     
	2489   1965 1500    1500    900     1000    1300    800     1300    600     1000    1300    500     600     700     300     700     900     1300    700     300     
	2489   1966 1500    1200    1500    1200    600     900     1500    1200    500     400     300     600     900     300     800     1500    800     400     300     
	2489   1967 1400    900     1100    900     800     1100    1400    900     700     500     800     500     900     800     1100    900     500     1400    400     
	2489   1968 2200    1300    1700    1300    1700    700     1000    500     1300    700     1700    500     600     500     700     600     1000    1000    1500    
	2489   1969 2200    1300    2200    800     1300    1300    2000    800     400     1300    900     700     1000    1300    600     2000    2000    300     600     
	2489   1970 2100    1200    2100    700     1300    2000    1200    700     300     800     300     1300    2000    300     900     1200    1100    600     900     
	2489   1971 1900    700     1600    700     1900    1600    1500    600     400     400     1500    800     700     1500    400     1200    1100    700     800     
	2489   1972 2200    1500    2000    1300    1500    1200    2200    1000    800     1500    700     600     400     1200    1200    800     1800    500     1800    
	2489   1973 2500    1100    2200    1100    900     2200    1400    1000    600     900     700     400     2200    1000    2100    1400    900     600     400     
	2489   1974 3700    1100    2600    1000    3700    900     800     400     1000    1100    2600    700     800     400     900     800     300     400     500     
	2489   1975 2200    1100    2200    1100    1300    2200    1900    700     1100    300     900     1300    1000    700     1500    1000    1400    800     1100    
	2489   1976 2500    1300    2500    1300    2500    2100    1200    500     1000    1100    2300    800     1700    1100    900     700     1200    500     500     
	2489   1977 1900    900     1900    600     1800    1500    1500    400     300     800     700     1800    900     1500    400     1500    1200    400     600     
	2489   1978 1500    1100    1200    1100    1300    1100    1500    1100    700     400     1200    800     1100    1000    1100    400     1500    900     800     
	2489   1979 1500    900     1500    900     1000    1100    1500    900     700     400     1000    500     500     600     1100    1500    1000    700     400     
	2489   1980 2400    2400    1600    2200    1600    800     800     1400    2200    1300    900     1600    600     800     700     800     600     500     500     
	2489   1981 2300    1300    1800    1300    2300    1500    1100    1200    1300    500     1800    600     600     700     1500    1100    300     500     700     
	2489   1982 1700    1400    1700    1400    1100    1000    1700    1400    1400    1100    1000    1000    500     1000    300     1700    800     600     400     
	2489   1983 2200    1600    2200    1600    1300    2200    1700    500     1600    1300    400     200     700     2200    1000    800     600     1300    600     
	2489   1984 3100    1600    3100    1100    1300    2900    1700    400     1100    1300    1300    1000    700     700     2900    200     700     1400    500     
	2489   1985 2200    2200    900     2200    900     600     1200    900     2200    500     800     900     300     600     400     800     1200    600     500     
	2489   1986 3500    3500    1700    3200    1100    1700    2100    400     2800    1100    700     500     1300    1600    600     1500    600     600     700     
	2489   1987 1300    1300    1000    1300    1200    1000    800     1300    700     1200    900     700     500     700     400     300     600     800     900     
	2489   1988 2000    900     2000    900     1400    2000    1000    900     600     200     1400    1300    2000    300     700     500     1000    900     500     
	2489   1989 1700    800     1700    800     1600    1700    1200    600     800     700     500     1600    1700    800     900     800     400     1200    1100    
	2489   1990 1700    1100    1700    1100    1600    1700    900     900     600     900     600     1600    800     1700    900     600     900     500     600     
	2489   1991 2700    2100    2600    2100    1500    1200    1400    1100    1000    1200    1000    1500    200     900     1200    1400    900     1100    1600    
	2489   1992 2000    1300    2000    1300    1900    2000    1000    1200    700     500     700     1900    2000    1100    800     1000    500     300     1100    
	2489   1993 1700    900     1100    900     1000    1100    1700    400     900     800     1000    700     1100    500     400     500     1100    1600    200     
	2489   1994 1600    1200    1300    1200    900     1300    1600    600     1200    400     900     500     600     1300    800     600     1600    600     400     
	2489   1995 2600    1600    2600    300     1300    2600    2100    300     300     500     800     700     1300    1000    2200    500     2100    700     1700    
	2489   1996 2300    2300    1300    2300    1500    1300    800     2200    700     1500    1300    600     1000    1300    800     800     800     500     1400    
	2489   1997 2000    1900    2000    1900    1900    2000    1600    1800    300     900     1900    900     600     600     2000    1600    700     600     600     
	2489   1998 1600    800     1600    800     1400    1600    1100    800     800     600     300     1400    200     500     1600    1100    200     800     300     
	2489   1999 1300    700     1300    700     1300    1200    1100    400     300     700     900     700     900     900     500     800     1100    400     200     
	2489   2000 1400    600     1300    500     1400    1100    500     500     300     500     1000    1300    600     500     1100    500     500     300     700     
	2489   2001 1300    1000    1300    1000    1300    1000    1100    1000    300     500     400     1300    700     600     1000    300     1100    800     1000    
	2489   2002 1300    1100    1300    1100    1300    800     1000    1000    500     900     1300    700     500     500     800     1000    700     900     1200    
	2489   2003 2200    2200    1900    2200    2000    1500    1200    400     2200    2000    1900    600     700     1200    1300    900     900     1200    1000    
	2489   2004 1500    1000    1500    900     1400    1500    1000    400     500     1000    1100    1400    600     600     900     900     1000    300     1400    
	2489   2005 1800    1000    1400    600     1000    1100    1800    500     600     1000    600     700     1100    1000    900     1100    1800    700     500     
	2489   2006 1300    1300    1300    1000    1300    1200    1100    1000    900     1300    1100    1300    1200    1100    400     1100    800     600     1200    
	2489   2007 3600    1000    3500    800     3600    1300    1300    400     600     1000    3000    500     1300    300     1000    600     1300    1000    1500    
	2489   2008 1500    1500    1300    1500    1300    900     1000    300     1500    300     700     1300    600     400     900     1000    500     600     1200    
	2489   2009 1500    1000    1300    1000    1300    800     1300    800     200     800     1300    600     800     300     700     1300    500     200     500     
	2489   2010 2100    900     2100    900     2100    900     1200    600     900     900     2100    1700    900     900     300     500     1200    800     300     
	2489   2011 2000    1300    1600    800     1600    400     2000    700     700     1200    1600    800     400     400     300     700     1200    2000    500     
	2489   2012 1800    1300    1500    800     1800    800     1000    500     800     1300    600     1500    500     800     800     1000    1000    600     200     
	2489   2013 2200    1400    2100    800     2200    2100    1300    600     800     1400    900     600     1100    2100    700     1100    500     700     500     
	2489   2014 2000    1800    2000    500     1700    800     1900    500     500     1700    500     500     800     600     500     1900    700     600     600     
	2489   2015 1600    1600    1300    1600    1500    800     1100    400     1600    1500    1300    1100    700     400     800     600     800     400     400     
	2489   2016 1500    1500    1300    600     1500    800     1300    500     600     1500    700     1100    700     500     800     1300    1100    1000    700     
	2489   2017 1400    1300    1400    1300    1100    1400    900     1300    400     1100    1000    900     1400    500     900     400     900     500     500     
	2489   2018 2000    1700    1700    1400    900     1700    2000    500     1400    400     900     800     900     1700    600     800     2000    700     600     
	2489   2019 1600    900     1600    900     1000    1600    700     400     900     600     1000    900     1100    1000    1000    600     500     700     700     
	2489   2020 2500    1700    2500    700     2500    900     1700    700     300     1700    2500    2000    700     500     900     1700    800     700     400     
	2489   2021 -999999 -999999 -999999 -999999 1500    -999999 900     -999999 1000    800     1500    600     1200    -999999 500     900     500     700     400     
	2489   2022 3100    2200    3100    700     3100    1500    700     700     400     1900    2100    1000    1000    800     1500    500     700     500     1000    
	2489   2023 2900    1100    2900    1100    1000    1900    900     600     1100    400     500     1000    1900    500     1200    900     700     300     500     
	2489   2024 1200    -999999 1200    -999999 1100    900     1200    600     -999999 500     600     1100    800     400     700     1200    500     900     900     
	2489   2025 1800    1200    1800    1200    1800    1600    1200    1200    1000    1000    1100    1800    1100    500     1600    1000    1100    700     1200    
	2489   2026 -999999 -999999 -999999 1300    -999999 -999999 -999999 1300    500     -999999 -999999 -999999 -999999 -999999 -999999 -999999 -999999 -999999 -999999 
	