EUROPEAN CLIMATE ASSESSMENT & DATASET (ECA&D), file created on: 17-05-2026
THESE DATA CAN BE USED FOR NON-COMMERCIAL RESEARCH AND EDUCATION PROVIDED THAT THE FOLLOWING SOURCE IS ACKNOWLEDGED: 

Klein Tank, A.M.G. and Coauthors, 2002. Daily dataset of 20th-century surface
air temperature and precipitation series for the European Climate Assessment.
Int. J. of Climatol., 22, 1441-1453.
Data and metadata available at http://www.ecad.eu

FILE FORMAT (MISSING VALUE CODE = -999999):

THIS FILE HOLDS DATA FOR STATION NETHERLANDS                              NIEUWVEEN ZH                             (STAID:  20567)
LATITUDE: dd:mm:ss +52:12:11
LONGITUDE: ddd:mm:ss +004:45:47
ELEVATION: m -100

DATA IS FOR INDEX Maximum no of consecutive dry days (RR < 1 mm) (CDD) with unit 0.01 No of days

01-06 SOUID: Source identifier
08-11 YEAR : YYYY
13-20 ANNUAL DATA VALUES
21-28 WINTER HALF YEAR DATA VALUES
29-36 SUMMER HALF YEAR DATA VALUES
37-44 WINTER (DJF) DATA VALUES
45-52 SPRING (MAM) DATA VALUES
53-60 SUMMER (JJA) DATA VALUES
61-68 AUTUMN (SON) DATA VALUES
69-76 JANUARY DATA VALUES
etc. 
157-164 DECEMBER DATA VALUES

20567  1902 -999999 -999999 -999999 -999999 -999999 -999999 -999999 -999999 -999999 -999999 -999999 -999999 -999999 -999999 -999999 -999999 400     1000    1100    
	20567  1903 2500    2500    2300    2500    1400    1500    1000    1000    2000    900     300     1400    1100    1000    500     1000    400     700     2200    
	20567  1904 2800    1200    2300    900     1500    2300    1900    900     700     700     1500    1000    800     1800    700     1500    1300    1100    700     
	20567  1905 1900    1800    1900    1800    1500    1700    1900    1800    700     500     1500    900     800     800     1700    1900    600     800     1100    
	20567  1906 3400    1400    2000    1000    3400    1900    1700    400     1000    1400    2000    1400    1900    1400    1000    1300    1700    1300    1200    
	20567  1907 2000    1400    2000    1300    1600    2000    2000    1300    1200    1400    1100    1600    500     2000    500     2000    1300    1000    800     
	20567  1908 2500    1300    1800    1300    1200    1800    2500    500     1100    1100    700     1200    1300    1400    600     900     1400    1100    1300    
	20567  1909 2000    2000    1500    1300    1200    1500    1200    1300    1300    700     1000    1200    600     1000    1500    1200    600     700     900     
	20567  1910 2000    1200    1400    900     2000    1200    1400    900     400     1200    800     900     1200    1000    900     1400    1400    400     600     
	20567  1911 3800    2300    3800    2300    3100    3800    1300    1000    1500    900     2500    1700    800     2600    1400    1300    700     1000    800     
	20567  1912 2300    1200    2300    1200    2300    1100    1700    1200    700     600     1900    900     300     1100    200     1700    1300    500     700     
	20567  1913 1700    1700    1700    1700    700     1700    1100    1300    1700    600     600     700     800     900     1700    1000    600     500     700     
	20567  1914 1800    1600    1800    1600    1300    1800    1200    1600    1000    200     900     1100    800     700     1800    900     1000    1000    200     
	20567  1915 1700    1000    1700    800     1700    1300    1400    800     600     600     1300    1100    1300    600     1300    900     1400    600     300     
	20567  1916 2500    1400    2500    1400    1200    2500    1600    1100    500     1200    1000    500     800     1500    1000    1100    500     1600    300     
	20567  1917 3300    3300    2300    3300    2300    1200    1300    1400    1900    600     1100    1300    700     1000    700     1100    300     1000    700     
	20567  1918 1800    1800    1500    1400    1800    1200    700     900     700     1800    500     900     800     700     1000    100     700     700     300     
	20567  1919 2200    2000    2200    2000    2200    2000    1800    700     1500    800     900     2200    800     600     1600    1800    900     800     800     
	20567  1920 2500    1100    1100    1100    1100    1100    2500    400     1100    1100    400     400     1100    400     700     900     1600    1400    1100    
	20567  1921 3100    1500    2000    1500    1600    2000    2300    300     1300    1400    700     1600    1000    2000    700     1700    1700    2300    800     
	20567  1922 2500    2300    1600    1500    2500    1100    1400    1400    1200    2300    900     1400    1100    500     300     400     1400    700     600     
	20567  1923 2000    1100    1900    800     2000    1900    900     800     700     1100    1200    500     500     1400    1300    900     100     500     500     
	20567  1924 1700    1700    1200    700     1700    1200    1400    700     700     1700    800     400     1000    1100    1000    800     1000    1400    1200    
	20567  1925 -999999 900     -999999 700     1600    -999999 -999999 700     300     800     700     1600    1100    -999999 -999999 -999999 -999999 1400    500     
	20567  1926 -999999 -999999 -999999 -999999 -999999 -999999 -999999 -999999 -999999 -999999 -999999 -999999 -999999 -999999 -999999 -999999 -999999 -999999 -999999 
	20567  1927 -999999 -999999 -999999 -999999 -999999 -999999 -999999 -999999 1400    -999999 -999999 -999999 -999999 1300    600     800     1000    -999999 -999999 
	20567  1928 -999999 -999999 -999999 -999999 -999999 1900    1300    -999999 -999999 -999999 -999999 900     600     1900    400     1300    200     500     -999999 
	20567  1929 -999999 -999999 -999999 -999999 -999999 -999999 1000    -999999 -999999 1900    -999999 -999999 -999999 -999999 -999999 1100    500     400     700     
	20567  1930 2200    2200    1200    1300    2100    1100    1300    1200    1300    1000    1000    800     1000    600     700     500     1300    400     600     
	20567  1931 -999999 1200    -999999 900     1200    -999999 1200    600     800     1000    400     700     1100    -999999 -999999 600     1200    1100    1400    
	20567  1932 2100    1900    2100    1900    1900    2100    1000    1300    1900    1900    600     700     2100    500     800     800     200     1000    1100    
	20567  1933 3300    1700    1600    1700    1100    1100    1200    1700    700     1100    900     900     1000    700     1100    1100    800     800     2600    
	20567  1934 2300    2300    1800    2300    1500    1600    1100    700     2300    1000    700     1400    1400    1300    700     600     300     1100    500     
	20567  1935 1800    1600    1800    600     1800    1200    700     600     500     1600    600     1200    500     1200    800     700     500     400     600     
	20567  1936 1900    1900    1500    900     1900    1300    1300    300     900     1900    800     1000    800     500     1300    500     1000    1100    900     
	20567  1937 1800    800     1800    600     1100    1800    1100    600     200     400     400     1100    800     800     1200    500     1100    1000    400     
	20567  1938 2300    2300    1800    1300    2300    1800    900     300     1300    2300    1400    1400    1800    1000    600     900     600     900     1000    
	20567  1939 -999999 -999999 -999999 1100    -999999 -999999 -999999 500     600     -999999 -999999 -999999 -999999 -999999 -999999 -999999 -999999 -999999 -999999 
	