EUROPEAN CLIMATE ASSESSMENT & DATASET (ECA&D), file created on: 17-05-2026
THESE DATA CAN BE USED FOR NON-COMMERCIAL RESEARCH AND EDUCATION PROVIDED THAT THE FOLLOWING SOURCE IS ACKNOWLEDGED: 

Klein Tank, A.M.G. and Coauthors, 2002. Daily dataset of 20th-century surface
air temperature and precipitation series for the European Climate Assessment.
Int. J. of Climatol., 22, 1441-1453.
Data and metadata available at http://www.ecad.eu

FILE FORMAT (MISSING VALUE CODE = -999999):

THIS FILE HOLDS DATA FOR STATION NETHERLANDS                              GELDERMALSEN                             (STAID:   2414)
LATITUDE: dd:mm:ss +51:52:00
LONGITUDE: ddd:mm:ss +005:16:00
ELEVATION: m    4

DATA IS FOR INDEX Maximum no of consecutive dry days (RR < 1 mm) (CDD) with unit 0.01 No of days

01-06 SOUID: Source identifier
08-11 YEAR : YYYY
13-20 ANNUAL DATA VALUES
21-28 WINTER HALF YEAR DATA VALUES
29-36 SUMMER HALF YEAR DATA VALUES
37-44 WINTER (DJF) DATA VALUES
45-52 SPRING (MAM) DATA VALUES
53-60 SUMMER (JJA) DATA VALUES
61-68 AUTUMN (SON) DATA VALUES
69-76 JANUARY DATA VALUES
etc. 
157-164 DECEMBER DATA VALUES

2414   1897 -999999 -999999 -999999 -999999 -999999 -999999 2500    -999999 -999999 -999999 -999999 -999999 -999999 1200    400     1000    1200    1300    1200    
	2414   1898 1400    1200    1300    1200    1200    1300    1400    1200    400     500     1200    800     700     800     1300    1100    1100    700     700     
	2414   1899 2200    1600    2200    1500    1400    1700    1300    1100    1300    1400    300     1000    1700    700     1300    400     1300    700     1700    
	2414   1900 1700    1600    1700    1100    1700    1000    600     400     1000    1400    1700    900     600     1000    700     600     500     600     500     
	2414   1901 1900    1000    1900    1000    1900    1100    1500    1000    900     1000    900     1900    1100    1100    1000    1200    800     800     400     
	2414   1902 1300    1300    1100    1300    800     800     1100    500     1300    700     600     800     800     700     300     1100    900     1000    1200    
	2414   1903 1500    1200    1500    1200    1000    1500    800     1200    700     900     300     1000    1100    800     600     800     500     700     2200    
	2414   1904 2800    1300    2100    1300    1500    2100    1600    1300    700     1200    1500    1000    900     2100    500     1600    800     700     1100    
	2414   1905 1800    900     1800    900     1200    700     1700    600     700     400     1100    1200    700     700     600     1700    400     1000    1800    
	2414   1906 3000    1300    1700    1000    3000    1200    1200    400     700     1300    1700    500     1200    600     600     1100    900     500     900     
	2414   1907 1700    1700    1700    1700    1400    1500    1700    1700    1000    900     500     500     200     1500    200     1700    700     1100    1700    
	2414   1908 3200    1700    1900    1700    1500    1900    3200    900     1100    1500    700     700     1200    700     600     1500    2100    1100    1200    
	2414   1909 2200    2200    1300    2200    1300    900     1200    1500    2200    1100    1100    1300    900     600     600     1100    600     900     900     
	2414   1910 2500    1300    1200    900     2500    1000    1800    800     700     1300    1200    900     1000    1000    600     800     1700    500     400     
	2414   1911 3400    3400    1500    3400    1500    1500    1200    1900    1500    500     1500    1200    400     1300    1500    1200    500     400     300     
	2414   1912 2300    900     2300    900     2300    1900    1300    900     500     300     1900    1100    500     1900    400     1200    1300    600     700     
	2414   1913 2100    2100    1700    1900    1200    1700    1200    900     1900    300     900     1000    500     900     1700    800     900     500     600     
	2414   1914 1600    1600    1500    1600    1300    1100    1100    1600    1200    400     1300    900     700     700     1100    1000    1100    900     500     
	2414   1915 1300    1100    1300    700     1300    1200    1300    700     400     1000    1300    1000    1200    700     700     1000    1300    600     300     
	2414   1916 2800    1000    2800    600     1300    2800    1500    300     400     1000    1000    800     800     1500    1300    1200    500     1500    400     
	2414   1917 2300    2000    2300    2000    2300    1100    1200    1200    1900    1300    1100    1200    900     1000    400     1100    500     1000    900     
	2414   1918 2200    2200    1800    1300    1800    1200    800     800     600     1800    1000    1800    500     700     900     200     700     800     700     
	2414   1919 3200    1900    3200    1900    2900    1700    1800    800     1500    900     1000    2900    1500    400     1700    1800    800     400     900     
	2414   1920 2800    1200    2100    1200    1200    1900    2800    700     1200    1200    400     400     1900    500     800     900     1600    1400    1600    
	2414   1921 3700    1700    3700    1700    2300    3700    2300    500     1300    1400    1600    1500    900     2800    700     1700    800     2300    700     
	2414   1922 2100    1500    1400    1100    1500    1200    2100    900     1100    1500    600     1200    1200    500     700     300     2100    1000    800     
	2414   1923 1900    1400    1900    500     1900    1900    800     500     500     1400    1100    500     500     1400    1300    600     300     800     400     
	2414   1924 1700    1700    1200    800     1700    1200    1500    800     700     1700    1000    300     1000    1000    700     600     900     1500    1200    
	2414   1925 1600    1400    1600    1400    1600    1100    1500    1400    400     600     600     1600    1100    600     600     600     1200    1000    700     
	2414   1926 1500    1500    1500    1100    1500    1500    800     1100    700     1500    600     400     1300    800     1000    800     600     600     900     
	2414   1927 1900    1300    1500    1100    1500    600     1600    700     1100    1300    700     1100    300     300     600     900     1500    600     1300    
	2414   1928 1900    1900    1900    1300    1300    1900    1400    300     1300    1300    1000    700     600     1900    400     1400    500     600     600     
	2414   1929 3500    3500    2000    1400    2100    2000    800     1200    1400    2100    1000    1400    500     2000    1300    800     700     500     400     
	2414   1930 2100    2100    2000    1400    1400    2000    500     1100    1200    1200    800     600     2000    600     800     500     500     300     600     
	2414   1931 3400    3100    1800    600     3400    1600    1900    500     600     3100    900     700     1100    500     700     1800    1200    1200    800     
	2414   1932 3500    3500    2000    3500    1900    2000    1000    1500    2000    1900    800     500     2000    500     800     500     300     1000    2200    
	2414   1933 2200    1800    2200    1800    2200    1400    1200    1800    700     1200    2200    900     800     800     1400    1200    600     1000    1000    
	2414   1934 2600    2400    2600    2400    1500    2600    1300    700     2400    800     700     900     1100    2300    800     800     400     1300    300     
	2414   1935 1900    1600    1900    600     1900    1200    500     600     300     1600    600     1300    400     1100    800     500     500     500     600     
	2414   1936 1900    1900    1400    1000    1900    1200    1500    300     1000    1900    800     900     600     500     1200    400     1500    1100    900     
	2414   1937 1900    800     1900    500     1300    1200    1400    500     400     400     400     1300    600     500     900     500     1400    900     400     
	2414   1938 1600    1400    1600    1400    1600    1500    1400    400     1400    1300    1400    1600    1500    1400    600     1400    700     1300    1000    
	2414   1939 2300    1300    2300    1300    1300    1600    800     500     800     500     600     1300    1000    800     1600    700     400     500     1900    
	2414   1940 2100    1500    2100    1500    2100    1100    1300    700     1500    1100    700     2100    1100    400     700     700     1300    500     900     
	2414   1941 1600    1300    1600    1300    1600    1000    1400    1200    700     1300    900     1600    900     1000    300     1400    800     500     500     
	2414   1942 3000    2100    3000    1800    3000    1100    800     1500    1800    1100    2100    900     1100    400     700     600     600     800     800     
	2414   1943 3100    3100    1800    1200    1900    1800    1800    800     1200    1900    1000    1300    600     1800    600     1600    1600    700     1000    
	2414   1944 1900    1900    1900    1900    1300    1900    800     500     1900    1100    900     700     800     700     1800    600     800     300     800     
	2414   1945 1800    1800    1400    600     1800    1300    1400    600     300     1800    800     1400    900     1300    700     900     800     1400    500     
	2414   1946 2100    1500    1400    1500    1500    1200    2100    1500    400     1500    1100    1200    700     900     900     600     2100    700     1900    
	2414   1947 3100    1900    3100    1900    2000    2600    1200    1700    1100    300     2000    700     600     2000    2600    700     900     600     1000    
	2414   1948 -999999 -999999 -999999 1400    -999999 -999999 900     200     1400    -999999 900     2100    900     -999999 -999999 900     900     900     1100    
	2414   1949 2300    2200    2300    2200    1100    2300    900     1600    800     1000    800     600     1700    1200    2300    600     800     500     700     
	2414   1950 1700    1400    1700    1400    900     1300    1000    1400    400     800     800     900     1300    700     500     300     1000    500     1500    
	2414   1951 2200    1300    1500    1200    1100    900     2200    900     300     1000    1000    1100    900     700     700     800     2000    300     700     
	2414   1952 1900    1700    1900    1700    1900    1100    1100    500     1700    1000    1900    1200    800     1000    1100    600     1100    1000    1000    
	2414   1953 2000    1600    1100    1000    1600    1000    1700    900     600     1600    1100    1000    500     500     1000    700     700     1700    500     
	2414   1954 1800    1800    1400    1800    1700    800     700     1100    700     1700    1100    1400    500     500     500     400     700     600     600     
	2414   1955 1600    1600    1200    1200    1200    1200    900     900     1200    700     1200    700     900     600     1200    900     700     800     500     
	2414   1956 2000    1300    2000    1300    2000    800     1300    500     1300    1200    1200    800     800     400     400     1300    1000    900     600     
	2414   1957 1400    1200    1100    1200    900     800     800     1200    400     600     500     800     700     300     600     200     800     800     600     
	2414   1958 2900    1400    1200    800     1300    1200    2200    600     300     1300    600     500     1200    700     600     1100    800     2200    700     
	2414   1959 4000    2800    4000    2800    2800    2000    2000    800     2000    400     900     2800    1600    1800    2000    2000    900     800     800     
	2414   1960 1300    900     1300    800     1200    1100    800     800     400     900     600     1200    1100    400     700     800     300     400     400     
	2414   1961 1700    1700    1300    1100    1700    800     1400    500     1100    1700    700     1000    700     700     800     1300    1400    900     1500    
	2414   1962 2100    1900    1700    1200    1400    1400    2100    400     1200    1200    900     500     1400    500     700     700     2100    600     700     
	2414   1963 3000    2100    1700    1300    900     1700    1400    1100    1300    800     600     900     600     1700    300     1400    1000    500     2500    
	2414   1964 1800    1800    1600    1300    1200    1200    1000    1300    600     1200    800     500     800     800     1200    800     600     900     800     
	2414   1965 1500    1500    1100    1000    1300    1100    1400    400     1000    1300    500     800     800     300     700     1100    1400    1400    400     
	2414   1966 1600    1100    1600    1100    1100    900     1600    1100    600     500     400     1100    900     400     800     1600    1100    400     200     
	2414   1967 1600    1600    1200    1600    1000    1200    1100    1100    1600    700     900     300     800     800     1200    600     600     1100    500     
	2414   1968 1700    1100    1700    700     1700    1000    1600    400     700     800     1700    500     600     800     700     600     1000    1600    1500    
	2414   1969 2100    1200    2100    1200    1200    2100    2000    1200    400     1200    1000    500     900     2000    900     1600    2000    500     600     
	2414   1970 2500    1300    2500    600     1200    2300    1300    600     400     800     200     1200    2300    500     900     1300    1200    900     1000    
	2414   1971 2200    900     2200    900     1200    2100    2200    700     800     500     1000    800     500     2000    400     2200    1200    600     800     
	2414   1972 3200    1900    1800    1700    1500    1300    3200    1000    1700    1500    700     400     500     1300    1100    1400    1800    500     2100    
	2414   1973 4000    2300    2500    2300    1800    2500    1500    1900    600     1800    600     400     2500    400     1200    1500    900     800     600     
	2414   1974 2900    1000    2200    1000    2900    1300    500     500     1000    700     2200    900     800     600     1300    300     300     300     300     
	2414   1975 1900    1100    1900    1100    1800    1000    1400    600     1100    200     900     1800    700     600     1000    400     1400    700     1100    
	2414   1976 2100    1500    2100    1500    1900    2100    900     500     1500    1100    1700    800     1700    1100    1400    600     800     400     600     
	2414   1977 2000    800     2000    600     1100    1700    2000    400     600     800     600     1100    800     1600    500     2000    1100    500     500     
	2414   1978 2100    900     2100    900     1600    1300    1100    900     700     500     1300    1600    800     1100    1200    1000    1100    900     800     
	2414   1979 1400    800     1400    800     700     1400    1400    700     800     400     700     500     800     800     400     1400    1100    600     400     
	2414   1980 1400    1200    1400    1200    1200    1300    1400    1200    700     1200    1000    1200    1300    700     600     1400    600     500     500     
	2414   1981 3200    1700    2700    1700    3200    1500    1000    600     1700    600     2700    300     600     600     1000    900     300     500     600     
	2414   1982 1800    1500    1800    1500    1200    1100    1800    1400    1500    900     1200    1200    800     1100    400     1800    800     600     900     
	2414   1983 2300    1600    1700    1600    1300    1700    2300    400     1600    1300    300     200     1400    1700    1100    600     600     1900    700     
	2414   1984 2800    1300    2800    1100    1800    2600    700     400     1100    1300    1800    500     700     1600    2600    200     700     700     500     
	2414   1985 2000    2000    1000    2000    1000    1000    1800    600     2000    500     1000    700     300     800     400     900     1800    500     500     
	2414   1986 3500    3500    1500    3200    1100    1500    2100    400     2800    1100    700     400     700     1500    700     1500    700     600     300     
	2414   1987 1700    1400    1700    1400    1200    1700    1300    1400    700     1200    1000    700     300     1400    600     500     600     1000    1000    
	2414   1988 1500    1000    1500    1000    1100    1500    1100    1000    600     200     1100    900     1500    300     700     600     1100    800     800     
	2414   1989 2200    2200    2000    2200    1800    1800    1000    1900    800     700     500     1800    1800    1200    1400    900     500     1000    600     
	2414   1990 1800    900     1800    600     1600    1800    1100    500     600     900     600     1600    800     1800    1100    600     1100    600     500     
	2414   1991 2400    1900    2400    1900    1500    1100    1500    1200    700     1200    800     1500    300     500     1000    1500    1200    1100    1200    
	2414   1992 1600    1400    1600    1400    1200    1300    1600    1200    600     500     900     1200    900     700     600     1600    600     200     1100    
	2414   1993 1600    1000    1600    1000    1600    900     1600    500     900     1000    1000    800     700     400     800     800     1000    1500    300     
	2414   1994 1700    1000    1700    1000    900     1700    1700    500     1000    600     900     500     500     1700    800     600     1700    1000    600     
	2414   1995 3000    1200    3000    400     1900    3000    1100    300     300     400     800     1500    1300    1000    2600    800     900     1100    1600    
	2414   1996 3200    3200    1300    3200    1600    1300    1000    2200    1000    1600    1300    1200    1300    1300    800     1000    800     400     1400    
	2414   1997 2300    1500    2300    1500    1900    2000    2300    1200    400     900     1900    900     600     400     2000    2300    1100    700     700     
	2414   1998 1600    1300    1600    1300    1600    1600    900     800     1300    800     300     1600    400     600     1600    900     400     700     300     
	2414   1999 1500    700     1500    600     1300    1500    1100    300     300     700     900     900     600     1500    600     700     1100    400     300     
	2414   2000 900     600     900     600     900     800     800     600     300     500     900     700     700     800     800     800     400     300     600     
	2414   2001 1200    1100    1100    1100    1100    1100    800     1100    400     400     500     1100    1100    700     1000    300     500     800     1200    
	2414   2002 2400    1100    1300    1000    2400    1000    1100    1000    700     1100    1300    600     500     800     1000    1100    500     300     700     
	2414   2003 2800    2000    2800    1900    2000    2800    1100    600     1900    2000    1100    700     1000    1300    2700    1100    1000    800     1000    
	2414   2004 1700    1000    1300    1000    1300    1100    1300    300     700     600     1200    1300    700     600     500     1000    1300    400     1500    
	2414   2005 1800    1300    1400    1100    600     1100    1800    600     600     500     600     500     1100    900     700     1100    1800    700     1000    
	2414   2006 1700    1500    1700    1500    1500    1700    1600    1100    500     1300    900     1500    1100    1700    200     1600    800     600     900     
	2414   2007 4500    1000    3500    900     4500    800     1000    300     700     1000    3000    500     700     500     700     500     1000    400     1800    
	2414   2008 1700    1700    1300    1700    1300    900     900     500     1700    300     700     1300    600     500     900     900     700     600     1200    
	2414   2009 1900    1000    1900    1000    1000    1900    1500    800     500     800     900     800     1400    500     700     1500    600     400     500     
	2414   2010 2300    1300    2300    1300    2100    2300    1200    1300    1100    900     2100    1400    2100    800     400     500     1200    400     600     
	2414   2011 2500    1300    1700    800     1700    900     2500    600     800     1200    1700    900     300     700     400     1300    600     2500    500     
	2414   2012 2300    2100    1600    900     2300    1600    1000    500     900     2100    300     700     500     700     1600    900     1000    600     400     
	2414   2013 2100    1900    2100    1300    2000    2100    1300    700     1300    1200    800     700     1100    2100    1200    1100    500     800     600     
	2414   2014 1700    1700    1700    700     1700    800     1700    700     400     1700    800     500     800     700     300     1700    700     600     600     
	2414   2015 1600    1600    1200    1600    1600    1100    1400    400     1600    1600    1200    1100    1100    500     900     600     1000    400     800     
	2414   2016 1800    1700    1500    600     1700    1000    1300    500     600     1700    500     1500    900     600     1000    1000    1300    900     1000    
	2414   2017 1400    1300    1400    1300    1200    1400    800     1300    700     700     1200    900     1400    500     900     800     700     400     300     
	2414   2018 3400    1700    3400    1400    900     3400    1700    400     1400    500     900     800     1100    2400    600     800     1700    1500    600     
	2414   2019 2100    1000    2100    1000    2100    1600    700     600     1000    700     2100    1500    1100    600     900     600     500     700     500     
	2414   2020 4500    1800    2700    400     4500    1000    1800    400     400     1800    2700    1300    800     800     1000    1800    800     700     400     
	2414   2021 1800    1700    1800    1000    1600    1200    1600    400     1000    900     1600    500     1200    1000    900     1600    600     600     1100    
	2414   2022 3200    3200    2200    700     2900    1900    800     700     400     2900    1500    1700    900     1900    1600    400     800     800     1000    
	2414   2023 3900    1100    3900    1100    2000    1900    900     400     1100    500     700     2000    1900    400     1100    900     700     300     500     
	2414   2024 1200    900     1100    800     900     1100    1200    800     200     900     600     900     700     600     900     1000    600     1000    600     
	2414   2025 4300    3200    2900    1200    4200    1600    1200    1200    900     3100    1100    2300    1400    700     1600    1000    900     800     1300    
	2414   2026 -999999 1100    -999999 1100    -999999 -999999 -999999 1100    400     900     1200    -999999 -999999 -999999 -999999 -999999 -999999 -999999 -999999 
	