EUROPEAN CLIMATE ASSESSMENT & DATASET (ECA&D), file created on: 17-05-2026
THESE DATA CAN BE USED FOR NON-COMMERCIAL RESEARCH AND EDUCATION PROVIDED THAT THE FOLLOWING SOURCE IS ACKNOWLEDGED: 

Klein Tank, A.M.G. and Coauthors, 2002. Daily dataset of 20th-century surface
air temperature and precipitation series for the European Climate Assessment.
Int. J. of Climatol., 22, 1441-1453.
Data and metadata available at http://www.ecad.eu

FILE FORMAT (MISSING VALUE CODE = -999999):

THIS FILE HOLDS DATA FOR STATION NETHERLANDS                              VELP                                     (STAID:  19207)
LATITUDE: dd:mm:ss +51:58:59
LONGITUDE: ddd:mm:ss +005:58:59
ELEVATION: m   13

DATA IS FOR INDEX Maximum no of consecutive dry days (RR < 1 mm) (CDD) with unit 0.01 No of days

01-06 SOUID: Source identifier
08-11 YEAR : YYYY
13-20 ANNUAL DATA VALUES
21-28 WINTER HALF YEAR DATA VALUES
29-36 SUMMER HALF YEAR DATA VALUES
37-44 WINTER (DJF) DATA VALUES
45-52 SPRING (MAM) DATA VALUES
53-60 SUMMER (JJA) DATA VALUES
61-68 AUTUMN (SON) DATA VALUES
69-76 JANUARY DATA VALUES
etc. 
157-164 DECEMBER DATA VALUES

19207  1867 -999999 -999999 1400    -999999 1000    1400    800     -999999 -999999 800     300     1000    1300    400     1000    400     800     500     400     
	19207  1868 1600    500     1600    300     1500    1600    1600    300     300     500     600     1200    1600    1100    500     1600    500     500     300     
	19207  1869 2500    1300    2500    1300    900     2500    700     1300    800     900     600     400     800     1700    1400    600     400     500     1100    
	19207  1870 2600    1900    2600    1900    1500    1100    1900    600     1900    500     900     1500    1100    900     300     1300    600     800     1100    
	19207  1871 1500    1000    1400    900     1000    1400    1200    700     600     1000    500     700     1400    600     1200    800     1100    700     800     
	19207  1872 1100    900     1100    900     800     1100    600     500     700     800     700     600     900     500     1100    600     600     300     700     
	19207  1873 1200    900     1000    900     1000    600     1200    800     900     900     1000    600     500     500     400     1000    500     1200    800     
	19207  1874 1600    900     1100    900     1100    1100    1600    400     900     800     1100    800     800     900     900     400     800     800     800     
	19207  1875 1800    1600    1800    1200    1300    900     1800    600     1200    1100    1300    800     700     800     700     1800    1100    400     900     
	19207  1876 1700    1200    1700    1200    1100    1700    1500    1200    200     600     800     1100    1400    1600    1700    400     1500    400     400     
	19207  1877 1100    700     1100    300     1100    1000    600     300     100     700     1100    700     1000    600     400     600     400     400     500     
	19207  1878 1000    700     1000    700     1000    1000    1000    300     700     300     1000    600     1000    800     600     1000    900     500     900     
	19207  1879 2000    900     800     900     700     600     1200    700     500     400     400     700     400     500     600     800     1200    800     2000    
	19207  1880 -999999 1800    -999999 1700    -999999 -999999 -999999 1700    700     1800    -999999 -999999 -999999 -999999 -999999 -999999 -999999 -999999 -999999 
	19207  1881 -999999 -999999 -999999 -999999 -999999 -999999 -999999 -999999 -999999 -999999 -999999 -999999 -999999 -999999 -999999 -999999 -999999 -999999 -999999 
	19207  1882 -999999 -999999 -999999 -999999 -999999 -999999 -999999 -999999 -999999 -999999 -999999 -999999 -999999 -999999 -999999 -999999 -999999 -999999 -999999 
	19207  1883 -999999 -999999 -999999 -999999 -999999 -999999 -999999 -999999 -999999 -999999 -999999 -999999 -999999 -999999 -999999 -999999 -999999 -999999 -999999 
	19207  1884 -999999 -999999 -999999 -999999 -999999 -999999 -999999 -999999 -999999 -999999 -999999 -999999 -999999 -999999 -999999 -999999 -999999 -999999 -999999 
	19207  1885 -999999 -999999 -999999 -999999 -999999 -999999 -999999 -999999 -999999 -999999 -999999 -999999 -999999 -999999 -999999 -999999 -999999 -999999 -999999 
	19207  1886 -999999 -999999 -999999 -999999 -999999 -999999 -999999 -999999 -999999 -999999 -999999 -999999 -999999 -999999 -999999 -999999 -999999 -999999 -999999 
	19207  1887 -999999 -999999 -999999 -999999 -999999 -999999 -999999 -999999 -999999 -999999 -999999 -999999 -999999 -999999 -999999 -999999 -999999 -999999 -999999 
	19207  1888 -999999 -999999 -999999 -999999 -999999 -999999 -999999 -999999 -999999 -999999 -999999 -999999 -999999 -999999 -999999 -999999 -999999 -999999 -999999 
	19207  1889 -999999 -999999 -999999 -999999 -999999 -999999 -999999 -999999 -999999 -999999 -999999 -999999 -999999 -999999 -999999 -999999 -999999 -999999 -999999 
	19207  1890 -999999 -999999 -999999 -999999 -999999 -999999 -999999 -999999 -999999 -999999 -999999 -999999 -999999 -999999 -999999 -999999 -999999 -999999 -999999 
	19207  1891 -999999 -999999 -999999 -999999 -999999 -999999 -999999 -999999 -999999 -999999 -999999 -999999 -999999 -999999 -999999 -999999 -999999 -999999 -999999 
	19207  1892 -999999 -999999 -999999 -999999 -999999 -999999 -999999 -999999 -999999 -999999 -999999 -999999 -999999 -999999 -999999 -999999 -999999 -999999 -999999 
	19207  1893 -999999 -999999 -999999 -999999 -999999 -999999 -999999 -999999 -999999 -999999 -999999 -999999 -999999 -999999 -999999 -999999 -999999 -999999 -999999 
	19207  1894 -999999 -999999 -999999 -999999 -999999 -999999 -999999 -999999 -999999 -999999 -999999 -999999 -999999 -999999 -999999 -999999 -999999 -999999 -999999 
	19207  1895 -999999 -999999 -999999 -999999 -999999 -999999 -999999 -999999 -999999 -999999 -999999 -999999 -999999 -999999 -999999 -999999 -999999 -999999 -999999 
	19207  1896 -999999 -999999 -999999 -999999 -999999 -999999 -999999 -999999 -999999 -999999 -999999 -999999 -999999 -999999 -999999 -999999 -999999 -999999 -999999 
	19207  1897 -999999 -999999 -999999 -999999 -999999 -999999 -999999 -999999 -999999 -999999 -999999 -999999 -999999 -999999 -999999 -999999 -999999 -999999 -999999 
	19207  1898 -999999 -999999 -999999 -999999 -999999 -999999 -999999 -999999 -999999 -999999 -999999 -999999 -999999 -999999 -999999 -999999 -999999 -999999 -999999 
	19207  1899 -999999 -999999 -999999 -999999 -999999 -999999 -999999 -999999 -999999 -999999 -999999 -999999 -999999 -999999 -999999 -999999 -999999 -999999 -999999 
	19207  1900 -999999 -999999 -999999 -999999 -999999 -999999 -999999 -999999 -999999 -999999 -999999 -999999 -999999 -999999 -999999 -999999 -999999 -999999 -999999 
	19207  1901 -999999 -999999 -999999 -999999 -999999 -999999 -999999 -999999 -999999 -999999 -999999 -999999 -999999 -999999 -999999 -999999 -999999 -999999 -999999 
	19207  1902 -999999 -999999 -999999 -999999 -999999 -999999 -999999 -999999 -999999 -999999 -999999 -999999 -999999 -999999 -999999 -999999 -999999 -999999 -999999 
	19207  1903 -999999 -999999 -999999 -999999 -999999 -999999 -999999 -999999 -999999 -999999 -999999 -999999 -999999 -999999 -999999 -999999 -999999 -999999 -999999 
	19207  1904 -999999 -999999 -999999 -999999 -999999 -999999 -999999 -999999 -999999 -999999 -999999 -999999 -999999 -999999 -999999 -999999 -999999 -999999 -999999 
	19207  1905 -999999 -999999 -999999 -999999 -999999 -999999 -999999 -999999 -999999 -999999 -999999 -999999 -999999 -999999 -999999 -999999 -999999 -999999 -999999 
	19207  1906 -999999 -999999 -999999 -999999 -999999 -999999 -999999 -999999 -999999 -999999 -999999 -999999 -999999 -999999 -999999 -999999 -999999 -999999 -999999 
	19207  1907 -999999 -999999 -999999 -999999 -999999 -999999 -999999 -999999 -999999 -999999 -999999 -999999 -999999 -999999 -999999 -999999 -999999 -999999 -999999 
	19207  1908 -999999 -999999 -999999 -999999 -999999 -999999 -999999 -999999 -999999 -999999 -999999 -999999 -999999 -999999 -999999 -999999 -999999 -999999 -999999 
	19207  1909 -999999 -999999 -999999 -999999 -999999 -999999 -999999 -999999 -999999 -999999 -999999 -999999 -999999 -999999 -999999 -999999 -999999 -999999 -999999 
	19207  1910 -999999 -999999 -999999 -999999 -999999 -999999 -999999 -999999 -999999 -999999 -999999 -999999 -999999 -999999 -999999 -999999 -999999 -999999 -999999 
	19207  1911 -999999 -999999 -999999 -999999 -999999 -999999 -999999 -999999 -999999 -999999 -999999 -999999 -999999 -999999 -999999 -999999 -999999 -999999 -999999 
	19207  1912 -999999 -999999 -999999 -999999 -999999 -999999 -999999 -999999 -999999 -999999 -999999 -999999 -999999 -999999 -999999 -999999 -999999 -999999 -999999 
	19207  1913 -999999 -999999 -999999 -999999 -999999 -999999 -999999 -999999 -999999 -999999 -999999 -999999 -999999 -999999 -999999 -999999 -999999 -999999 -999999 
	19207  1914 -999999 -999999 -999999 -999999 -999999 -999999 -999999 -999999 -999999 -999999 -999999 -999999 -999999 -999999 -999999 -999999 -999999 -999999 -999999 
	19207  1915 -999999 -999999 -999999 -999999 -999999 -999999 -999999 -999999 -999999 -999999 -999999 -999999 -999999 -999999 -999999 -999999 -999999 -999999 -999999 
	19207  1916 -999999 -999999 -999999 -999999 -999999 -999999 -999999 -999999 -999999 -999999 -999999 -999999 -999999 -999999 -999999 -999999 -999999 -999999 -999999 
	19207  1917 -999999 -999999 -999999 -999999 -999999 -999999 -999999 -999999 -999999 -999999 -999999 -999999 -999999 -999999 -999999 -999999 -999999 -999999 -999999 
	19207  1918 -999999 -999999 -999999 -999999 -999999 -999999 -999999 -999999 -999999 -999999 -999999 -999999 -999999 -999999 -999999 -999999 -999999 -999999 -999999 
	19207  1919 -999999 -999999 -999999 -999999 -999999 -999999 -999999 -999999 -999999 -999999 -999999 -999999 -999999 -999999 -999999 -999999 -999999 -999999 -999999 
	19207  1920 -999999 -999999 -999999 -999999 -999999 -999999 -999999 -999999 -999999 -999999 -999999 -999999 -999999 -999999 -999999 -999999 -999999 -999999 -999999 
	19207  1921 -999999 -999999 -999999 -999999 -999999 -999999 -999999 -999999 -999999 -999999 -999999 -999999 -999999 -999999 -999999 -999999 -999999 -999999 -999999 
	19207  1922 -999999 -999999 -999999 -999999 -999999 -999999 -999999 -999999 -999999 -999999 -999999 -999999 -999999 -999999 -999999 -999999 -999999 -999999 -999999 
	19207  1923 -999999 -999999 -999999 -999999 -999999 -999999 -999999 -999999 -999999 -999999 -999999 -999999 -999999 -999999 -999999 -999999 -999999 -999999 -999999 
	19207  1924 -999999 -999999 -999999 -999999 -999999 -999999 -999999 -999999 -999999 -999999 -999999 -999999 -999999 -999999 -999999 -999999 -999999 -999999 -999999 
	19207  1925 -999999 -999999 -999999 -999999 -999999 -999999 -999999 -999999 -999999 -999999 -999999 -999999 -999999 -999999 -999999 -999999 -999999 -999999 -999999 
	19207  1926 -999999 -999999 -999999 -999999 -999999 -999999 -999999 -999999 -999999 -999999 -999999 -999999 -999999 -999999 -999999 -999999 -999999 -999999 -999999 
	19207  1927 -999999 -999999 -999999 -999999 -999999 -999999 -999999 -999999 -999999 -999999 -999999 -999999 -999999 -999999 -999999 -999999 -999999 -999999 -999999 
	19207  1928 -999999 -999999 -999999 -999999 -999999 -999999 -999999 -999999 -999999 -999999 -999999 -999999 -999999 -999999 -999999 -999999 -999999 -999999 -999999 
	19207  1929 -999999 -999999 -999999 -999999 -999999 -999999 -999999 -999999 -999999 -999999 -999999 -999999 -999999 -999999 -999999 -999999 -999999 -999999 -999999 
	19207  1930 -999999 -999999 -999999 -999999 -999999 -999999 -999999 -999999 -999999 -999999 -999999 -999999 -999999 -999999 -999999 -999999 -999999 -999999 -999999 
	19207  1931 -999999 -999999 -999999 -999999 -999999 -999999 -999999 -999999 -999999 -999999 -999999 -999999 -999999 -999999 -999999 -999999 -999999 -999999 -999999 
	19207  1932 -999999 -999999 -999999 -999999 -999999 -999999 -999999 -999999 -999999 -999999 -999999 -999999 -999999 -999999 -999999 -999999 -999999 -999999 -999999 
	19207  1933 -999999 -999999 -999999 -999999 -999999 -999999 -999999 -999999 -999999 -999999 -999999 -999999 -999999 -999999 -999999 -999999 -999999 -999999 -999999 
	19207  1934 -999999 -999999 -999999 -999999 -999999 -999999 -999999 -999999 -999999 -999999 -999999 -999999 -999999 -999999 -999999 -999999 -999999 -999999 -999999 
	19207  1935 -999999 -999999 -999999 -999999 -999999 -999999 -999999 -999999 -999999 -999999 -999999 -999999 -999999 -999999 -999999 -999999 -999999 -999999 -999999 
	19207  1936 -999999 -999999 -999999 -999999 -999999 -999999 -999999 -999999 -999999 -999999 -999999 -999999 -999999 -999999 -999999 -999999 -999999 -999999 -999999 
	19207  1937 -999999 -999999 -999999 -999999 -999999 -999999 -999999 -999999 -999999 -999999 -999999 -999999 -999999 -999999 -999999 -999999 -999999 -999999 -999999 
	19207  1938 -999999 -999999 -999999 -999999 -999999 -999999 -999999 -999999 -999999 -999999 -999999 -999999 -999999 -999999 -999999 -999999 -999999 -999999 -999999 
	19207  1939 -999999 -999999 -999999 -999999 -999999 -999999 -999999 -999999 -999999 -999999 -999999 -999999 -999999 -999999 -999999 -999999 -999999 -999999 -999999 
	19207  1940 -999999 -999999 -999999 -999999 -999999 -999999 -999999 -999999 -999999 -999999 -999999 -999999 -999999 -999999 -999999 -999999 -999999 -999999 -999999 
	19207  1941 -999999 -999999 -999999 -999999 -999999 -999999 -999999 -999999 -999999 -999999 -999999 -999999 -999999 -999999 -999999 -999999 -999999 -999999 -999999 
	19207  1942 -999999 -999999 -999999 -999999 -999999 -999999 -999999 -999999 -999999 -999999 -999999 -999999 -999999 -999999 -999999 -999999 -999999 -999999 -999999 
	19207  1943 -999999 -999999 -999999 -999999 -999999 -999999 -999999 -999999 -999999 -999999 -999999 -999999 -999999 -999999 -999999 -999999 -999999 -999999 -999999 
	19207  1944 -999999 -999999 -999999 -999999 -999999 -999999 -999999 -999999 -999999 -999999 -999999 -999999 -999999 -999999 -999999 -999999 -999999 -999999 -999999 
	19207  1945 -999999 -999999 -999999 -999999 -999999 -999999 -999999 -999999 -999999 -999999 -999999 -999999 -999999 -999999 -999999 -999999 -999999 -999999 -999999 
	19207  1946 -999999 -999999 -999999 -999999 -999999 -999999 -999999 -999999 -999999 -999999 -999999 -999999 -999999 -999999 -999999 -999999 -999999 -999999 -999999 
	19207  1947 -999999 -999999 -999999 -999999 -999999 -999999 -999999 -999999 -999999 -999999 -999999 -999999 -999999 -999999 -999999 -999999 -999999 -999999 -999999 
	19207  1948 -999999 -999999 -999999 -999999 -999999 -999999 -999999 -999999 -999999 -999999 -999999 -999999 -999999 -999999 -999999 -999999 -999999 -999999 -999999 
	19207  1949 -999999 -999999 -999999 -999999 -999999 -999999 -999999 -999999 -999999 -999999 -999999 -999999 -999999 -999999 -999999 -999999 -999999 -999999 -999999 
	19207  1950 -999999 -999999 -999999 -999999 -999999 -999999 -999999 -999999 -999999 -999999 -999999 -999999 -999999 -999999 -999999 -999999 -999999 -999999 -999999 
	19207  1951 2200    -999999 1400    -999999 1000    1000    2200    900     300     900     1000    500     1000    700     700     800     1900    300     600     
	19207  1952 1300    900     1300    800     1300    900     1100    500     800     900     1200    1300    500     900     600     1100    800     400     500     
	19207  1953 3600    2100    1400    1100    1600    1400    3600    800     1100    1600    1400    1200    1000    300     1400    700     3000    1100    900     
	19207  1954 1700    1700    1300    1700    1700    700     700     1000    700     1700    1100    1300    700     400     500     500     700     600     600     
	19207  1955 1600    1600    1600    1200    1200    1200    800     900     1200    1000    1200    600     900     900     1200    800     700     800     700     
	19207  1956 1500    1300    1300    1300    1500    700     1300    600     1300    1200    600     800     700     300     300     1300    900     800     600     
	19207  1957 1300    800     1200    600     1300    1200    1000    600     400     600     900     800     1200    600     700     300     1000    900     600     
	19207  1958 1400    1400    1400    600     1400    1400    1300    600     300     1400    600     500     1400    900     700     500     800     1300    700     
	19207  1959 2700    2100    2200    2100    1500    1900    2700    600     2000    400     1000    1500    1900    1900    1400    2000    1800    800     800     
	19207  1960 1800    1200    1800    900     1800    900     900     400     900     1200    700     1200    700     900     600     900     400     300     600     
	19207  1961 1700    1700    1200    1100    1700    1200    1200    500     1100    1700    700     900     1200    700     700     600     1200    900     1500    
	19207  1962 2800    1700    1900    1000    1300    1700    2800    400     1000    1300    800     500     1700    500     700     500     2400    600     700     
	19207  1963 2900    2100    1300    1200    900     1200    1200    800     1200    900     600     900     500     1200    300     1200    900     500     2400    
	19207  1964 2400    2400    1500    1300    1200    1200    1000    1300    1200    1200    800     700     500     800     1200    800     700     900     700     
	19207  1965 1500    1500    1100    1100    1300    1000    1400    400     1100    1300    400     800     800     300     600     1100    1400    700     500     
	19207  1966 2100    1000    2100    1000    600     1600    1500    1000    600     400     300     600     1600    300     800     1500    800     400     200     
	19207  1967 1200    900     1200    900     1000    1200    1100    900     900     700     800     300     1100    900     1200    700     300     1100    400     
	19207  1968 2300    1200    1900    800     1900    600     1200    400     800     700     1900    500     600     500     400     600     1000    1200    1600    
	19207  1969 2200    1700    2200    1200    900     1200    2000    1200    800     900     800     500     1000    1200    900     2000    2000    300     700     
	19207  1970 1300    1300    1300    600     1200    1000    1300    500     400     800     300     1200    1000    300     900     1300    1200    900     1000    
	19207  1971 2100    1200    2100    1200    2000    2000    2100    1200    800     500     1500    1200    600     1900    500     2100    1200    600     900     
	19207  1972 3100    1500    1700    1300    1500    1200    3100    1000    900     1500    600     500     500     1200    1200    1200    1900    600     1800    
	19207  1973 3700    2300    2600    2300    1600    2600    1200    1900    500     1600    600     400     2600    600     2100    1200    900     700     600     
	19207  1974 2400    900     2200    900     2400    900     400     500     900     800     2200    700     900     600     900     300     400     400     500     
	19207  1975 1900    1100    1900    1100    1800    1000    1400    600     1100    300     700     1800    700     600     1000    600     1400    800     1100    
	19207  1976 2500    1500    2500    1500    2500    2300    900     500     1500    1100    2300    600     1700    800     2300    600     800     500     500     
	19207  1977 2300    800     1700    600     1100    1700    2300    400     500     700     500     1100    1100    1600    600     1600    2300    300     1100    
	19207  1978 1400    1100    1300    1100    1200    1000    1400    1100    700     500     900     1200    800     1000    1000    700     1400    1000    800     
	19207  1979 1400    800     1100    800     600     800     1400    800     700     300     600     500     500     800     600     1100    1100    400     300     
	19207  1980 2000    1600    2000    1400    2000    700     1100    1400    1400    700     900     1900    500     700     700     700     700     500     500     
	19207  1981 1800    1600    1800    1600    1100    1800    700     1200    1600    600     600     600     400     600     1800    700     300     400     600     
	19207  1982 2000    1600    2000    1600    1600    2000    1400    1600    1400    900     1600    900     800     1700    400     1400    800     600     400     
	19207  1983 3200    1700    2200    1700    1300    2200    3200    200     1700    1300    800     300     700     2200    1100    1100    1300    1900    800     
	19207  1984 2100    2100    2100    1100    1300    1800    2000    100     1100    1300    1300    500     1400    700     1800    300     700     1400    700     
	19207  1985 2200    2000    1200    2000    800     1200    2200    500     2000    500     800     700     300     1200    400     900     2200    600     500     
	19207  1986 3500    3500    1500    3200    1400    1100    2100    400     2800    1400    1100    500     700     900     700     1500    1000    900     500     
	19207  1987 1800    1600    1800    1600    1200    1800    1200    1600    700     1200    1000    700     300     1500    400     500     600     900     900     
	19207  1988 2000    1100    2000    1100    1300    2000    1200    1100    400     400     1100    1300    2000    300     700     600     1100    700     500     
	19207  1989 2000    1000    2000    1000    1800    1700    1200    1000    600     700     400     1800    1700    700     900     800     600     1200    800     
	19207  1990 1700    800     1700    800     1600    1700    1700    800     600     800     500     1600    1000    1700    800     400     1700    500     800     
	19207  1991 2600    2100    2600    2100    1600    1200    1400    1100    1000    1100    900     900     200     1100    1200    1400    1100    1000    1500    
	19207  1992 1900    1300    1900    1300    1800    1900    1000    1200    600     500     1100    1800    1100    1100    800     1000    700     200     900     
	19207  1993 1700    1000    1600    900     1600    900     1700    400     900     1000    800     800     900     400     600     500     1100    1600    200     
	19207  1994 1800    1200    1400    1200    1400    1300    1800    400     1200    400     1400    500     1100    1300    900     500     1800    500     400     
	19207  1995 2600    1200    2600    600     1100    2600    1100    600     500     600     800     700     1300    1000    2200    1000    1100    700     1700    
	19207  1996 3400    3400    2000    3400    2000    1300    900     2400    1000    1600    2000    1200    1300    1100    800     900     800     600     1200    
	19207  1997 2000    1800    2000    1800    1900    2000    1800    1800    500     1200    1900    1000    600     700     2000    1600    1500    600     600     
	19207  1998 1800    1300    1800    1300    1600    1800    800     1000    1300    800     300     1600    400     600     1700    800     400     700     300     
	19207  1999 2500    700     2500    600     1200    1200    1400    600     300     700     800     900     1000    900     1100    1400    1100    600     200     
	19207  2000 1400    1200    1400    1200    800     1400    800     1200    300     800     600     700     800     600     1400    800     400     300     700     
	19207  2001 1300    1100    1200    1100    1000    1200    1100    1100    400     400     400     1000    1200    700     800     300     1100    700     1300    
	19207  2002 2300    1100    1300    1100    2300    900     1000    1000    600     1000    1300    600     500     500     900     1000    800     900     1200    
	19207  2003 2300    2200    2300    2200    2300    2100    1200    900     2200    2000    2300    700     1200    1200    1600    1100    900     1200    1000    
	19207  2004 1300    800     1300    700     1300    1200    1300    400     700     800     1300    1100    500     600     600     1200    1300    300     1100    
	19207  2005 1800    1300    1400    800     800     1100    1800    600     800     500     600     800     1100    1100    900     800     1800    600     700     
	19207  2006 2700    1500    2700    1500    1500    2600    2700    1100    500     1300    900     1500    2400    2100    600     2700    700     500     1000    
	19207  2007 3700    1000    3500    1000    3700    900     1300    400     700     1000    3000    500     700     500     900     600     1300    1000    1500    
	19207  2008 1800    1800    1500    1800    1500    900     1000    500     1800    700     900     1300    700     500     900     1000    700     600     1200    
	19207  2009 1500    1000    1500    1000    1000    900     1500    800     500     1000    900     800     900     500     700     1500    800     400     700     
	19207  2010 2000    900     2000    900     2000    1300    1400    900     600     700     2000    1400    1100    1000    400     500     1200    1400    500     
	19207  2011 2300    1300    1500    700     1500    600     2300    600     700     1200    1500    800     400     500     400     1300    1200    2300    300     
	19207  2012 2900    2400    1000    900     2900    800     1100    500     900     2400    500     600     300     700     800     1000    1100    700     100     
	19207  2013 2000    1100    2000    800     1900    2000    1400    600     800     1100    800     600     1100    2000    700     1200    500     800     500     
	19207  2014 1700    1700    1700    600     1700    800     1700    500     600     1700    600     900     800     500     300     1700    500     600     600     
	19207  2015 1500    1500    1200    900     1500    800     1300    400     900     1500    1200    1000    700     300     800     600     900     400     500     
	19207  2016 1800    1300    1300    500     1100    1100    1300    500     400     1100    600     1100    1100    700     1000    1300    1100    900     900     
	19207  2017 1400    1400    1400    1400    1000    1400    700     1400    500     800     1000    700     1400    400     900     400     700     400     300     
	19207  2018 2400    1700    1700    1400    900     1700    2400    400     1400    500     900     800     800     1600    600     700     2400    1500    500     
	19207  2019 1800    1800    1600    1700    1000    1600    600     400     1700    700     1000    900     1100    1100    900     600     500     400     700     
	19207  2020 2000    1800    1800    400     2000    1200    1800    300     400     1800    1400    1000    700     700     1200    1800    600     800     400     
	19207  2021 -999999 -999999 1300    -999999 1000    -999999 1100    -999999 600     900     1000    500     1300    -999999 500     1100    600     600     800     
	19207  2022 3300    3300    1900    700     2900    1400    1100    700     400     2900    1400    1000    900     800     1400    500     1100    700     1000    
	19207  2023 2800    1000    2800    1000    900     1900    900     500     1000    500     700     900     1900    300     1200    900     700     300     400     
	19207  2024 1100    -999999 1000    -999999 1000    800     1100    700     -999999 400     500     1000    800     600     400     1000    500     900     700     
	19207  2025 2200    2200    1900    1200    2100    1600    1500    1200    900     2100    1100    1900    1100    800     1600    1300    500     700     1300    
	19207  2026 -999999 -999999 -999999 1300    -999999 -999999 -999999 1300    500     -999999 -999999 -999999 -999999 -999999 -999999 -999999 -999999 -999999 -999999 
	