EUROPEAN CLIMATE ASSESSMENT & DATASET (ECA&D), file created on: 17-05-2026
THESE DATA CAN BE USED FOR NON-COMMERCIAL RESEARCH AND EDUCATION PROVIDED THAT THE FOLLOWING SOURCE IS ACKNOWLEDGED: 

Klein Tank, A.M.G. and Coauthors, 2002. Daily dataset of 20th-century surface
air temperature and precipitation series for the European Climate Assessment.
Int. J. of Climatol., 22, 1441-1453.
Data and metadata available at http://www.ecad.eu

FILE FORMAT (MISSING VALUE CODE = -999999):

THIS FILE HOLDS DATA FOR STATION NETHERLANDS                              SITTARD                                  (STAID:  20604)
LATITUDE: dd:mm:ss +51:00:00
LONGITUDE: ddd:mm:ss +005:50:47
ELEVATION: m -100

DATA IS FOR INDEX Maximum no of consecutive dry days (RR < 1 mm) (CDD) with unit 0.01 No of days

01-06 SOUID: Source identifier
08-11 YEAR : YYYY
13-20 ANNUAL DATA VALUES
21-28 WINTER HALF YEAR DATA VALUES
29-36 SUMMER HALF YEAR DATA VALUES
37-44 WINTER (DJF) DATA VALUES
45-52 SPRING (MAM) DATA VALUES
53-60 SUMMER (JJA) DATA VALUES
61-68 AUTUMN (SON) DATA VALUES
69-76 JANUARY DATA VALUES
etc. 
157-164 DECEMBER DATA VALUES

20604  1897 -999999 -999999 -999999 -999999 -999999 -999999 -999999 -999999 -999999 -999999 -999999 -999999 -999999 -999999 -999999 -999999 1200    1100    1700    
	20604  1898 1500    1000    1500    900     800     1100    1300    900     400     800     500     600     1100    900     900     1000    1100    1200    800     
	20604  1899 2400    1400    2400    1200    1200    2400    1700    800     1200    1200    400     400     2000    1700    1700    300     1700    1000    1200    
	20604  1900 -999999 900     -999999 600     1100    -999999 -999999 400     500     900     900     1100    600     600     -999999 -999999 600     500     500     
	20604  1901 -999999 2200    -999999 2200    1700    2000    -999999 2300    500     600     1000    1700    1100    2000    1000    -999999 -999999 -999999 -999999 
	20604  1902 -999999 -999999 -999999 -999999 600     -999999 -999999 -999999 1800    600     600     500     -999999 -999999 -999999 -999999 -999999 -999999 -999999 
	20604  1903 2600    -999999 2600    -999999 1400    1100    1000    1200    1000    700     400     1400    1100    800     500     600     700     700     2200    
	20604  1904 2800    1700    1900    1700    1500    1900    1300    1300    500     1000    1400    900     600     1900    700     1300    800     900     1600    
	20604  1905 1200    1200    1200    1200    1000    1200    700     700     800     600     700     1000    800     400     1200    700     400     400     1100    
	20604  1906 2300    800     1700    800     2300    700     1500    300     700     600     1700    800     500     500     700     1400    800     600     900     
	20604  1907 1600    1200    1600    1200    1600    1000    1600    800     1000    1100    600     1400    700     400     900     1600    500     900     800     
	20604  1908 3200    1700    1500    1700    1300    1500    3200    1700    600     1300    600     500     1200    700     600     700     2100    1100    1200    
	20604  1909 1800    1300    1200    1000    1100    1200    1200    900     1000    400     1100    900     700     600     1200    400     900     900     900     
	20604  1910 1900    1300    1000    1000    1900    1000    1400    900     400     1300    600     700     1000    700     500     700     1400    500     1000    
	20604  1911 2500    2300    2500    2300    1600    2100    1900    1900    700     700     1600    800     1300    2100    1700    1900    700     700     500     
	20604  1912 2500    900     2500    900     2500    1700    1300    900     600     400     2000    900     1100    1700    200     1300    1200    700     700     
	20604  1913 1900    1900    1500    1900    1100    1500    900     900     1900    500     1100    800     600     800     1500    800     800     800     600     
	20604  1914 1500    1500    1300    1500    1300    800     1200    1400    1000    400     1300    900     500     800     700     800     400     1100    600     
	20604  1915 2100    1000    2100    900     1400    1100    1900    900     600     1000    1000    1400    1100    500     600     1900    1000    600     700     
	20604  1916 2200    1000    2200    900     1000    2200    1000    500     600     1000    800     600     500     1300    900     800     600     1000    500     
	20604  1917 3000    3000    1100    3000    900     800     1300    1400    1600    600     500     800     800     600     600     1100    500     600     900     
	20604  1918 1900    1900    1400    1900    1400    1100    1500    1400    600     1400    700     600     1000    700     1100    500     600     1500    400     
	20604  1919 2200    1000    2200    900     2000    1700    1300    700     900     1000    800     2000    700     400     1700    1300    900     200     700     
	20604  1920 2800    1100    900     1100    800     800     2800    700     1100    800     500     400     800     500     700     900     1600    1400    800     
	20604  1921 3000    1400    2100    900     1100    2100    2300    500     900     800     900     700     900     2100    900     1200    900     2300    700     
	20604  1922 1900    1900    1600    800     1900    1600    1300    600     800     1900    300     1100    1600    400     600     700     1300    700     500     
	20604  1923 2900    1700    1700    500     2900    1700    800     500     500     1700    1200    600     500     1400    1400    700     400     800     500     
	20604  1924 2000    1700    1100    1100    1700    1100    1700    800     1100    1700    900     600     1000    1100    300     600     1300    1700    2000    
	20604  1925 1900    1100    1500    1100    900     1500    1900    1100    600     500     800     900     1100    1500    700     300     1200    1900    1500    
	20604  1926 1600    1100    1600    1100    1000    1500    800     1100    700     900     800     800     1200    400     1000    800     600     500     1000    
	20604  1927 2600    1300    1200    1300    900     700     1300    1300    1000    800     900     900     200     700     600     600     1200    600     2000    
	20604  1928 2400    1900    2400    1300    1100    900     2200    400     1300    1100    700     900     600     900     800     2200    500     800     500     
	20604  1929 2800    2800    2700    1500    2800    1000    1900    1400    1200    2800    1000    1300    800     1000    800     1900    600     700     600     
	20604  1930 1900    1900    1400    1300    1400    1100    600     400     1300    1100    1000    400     1100    400     700     400     600     300     600     
	20604  1931 2300    900     2300    600     1000    2300    1200    600     500     900     500     700     2100    300     600     1000    1200    1200    400     
	20604  1932 2100    1800    900     1800    1500    900     1200    1800    1000    1500    400     600     800     400     900     300     400     1200    2100    
	20604  1933 2200    1800    1700    1800    1700    1300    1000    1800    700     1100    1700    900     900     1300    1000    1000    700     500     1900    
	20604  1934 1700    1600    1700    1600    1700    1500    700     700     1600    900     800     1700    1200    1300    1400    500     400     700     500     
	20604  1935 2200    2200    1400    600     2100    1400    900     600     400     2100    400     1300    500     1400    1100    700     800     900     500     
	20604  1936 2200    2200    1300    1100    2200    1200    1500    500     1100    2200    800     900     600     300     1200    500     1200    1100    900     
	20604  1937 1900    1000    1500    700     600     1500    1900    600     300     400     400     600     700     600     1200    1000    1200    800     700     
	20604  1938 2300    2300    1700    900     2300    1700    1300    400     900     2300    1500    1200    1700    1000    600     800     800     1300    1200    
	20604  1939 2300    1200    2300    1200    1300    1000    800     600     800     700     600     1300    1000    800     1000    800     300     400     1500    
	20604  1940 -999999 700     -999999 700     -999999 -999999 1300    700     400     500     -999999 -999999 -999999 -999999 -999999 800     1300    600     600     
	20604  1941 2100    1700    2100    1700    1200    2100    1100    1700    800     1100    900     1200    1400    1700    300     1100    700     600     500     
	20604  1942 2200    1300    2200    1300    2200    1100    900     1300    900     1100    2200    600     1100    500     700     500     600     900     900     
	20604  1943 1700    1700    1200    1200    1700    1200    1400    600     1200    1700    1000    1000    600     1000    700     600     1400    800     1400    
	20604  1944 -999999 1100    2400    1100    1300    2400    600     500     1100    1100    800     900     700     800     2400    600     500     300     -999999 
	20604  1945 -999999 -999999 1500    -999999 1800    1000    1300    -999999 -999999 1800    1500    1100    800     1000    800     800     1300    1300    800     
	20604  1946 1700    1700    1700    1700    1700    800     1400    1700    400     1300    1100    1100    400     600     600     600     1400    1100    1300    
	20604  1947 3100    1500    3100    1500    1000    2600    1600    1400    500     700     1000    700     700     600     2600    800     1500    400     500     
	20604  1948 -999999 2400    -999999 1000    2200    900     -999999 500     1000    1400    900     2200    900     700     900     -999999 -999999 -999999 -999999 
	