EUROPEAN CLIMATE ASSESSMENT & DATASET (ECA&D), file created on: 17-05-2026
THESE DATA CAN BE USED FOR NON-COMMERCIAL RESEARCH AND EDUCATION PROVIDED THAT THE FOLLOWING SOURCE IS ACKNOWLEDGED: 

Klein Tank, A.M.G. and Coauthors, 2002. Daily dataset of 20th-century surface
air temperature and precipitation series for the European Climate Assessment.
Int. J. of Climatol., 22, 1441-1453.
Data and metadata available at http://www.ecad.eu

FILE FORMAT (MISSING VALUE CODE = -999999):

THIS FILE HOLDS DATA FOR STATION NETHERLANDS                              IJZENDIJKE                               (STAID:  20543)
LATITUDE: dd:mm:ss +51:19:54
LONGITUDE: ddd:mm:ss +003:36:55
ELEVATION: m -100

DATA IS FOR INDEX Maximum no of consecutive dry days (RR < 1 mm) (CDD) with unit 0.01 No of days

01-06 SOUID: Source identifier
08-11 YEAR : YYYY
13-20 ANNUAL DATA VALUES
21-28 WINTER HALF YEAR DATA VALUES
29-36 SUMMER HALF YEAR DATA VALUES
37-44 WINTER (DJF) DATA VALUES
45-52 SPRING (MAM) DATA VALUES
53-60 SUMMER (JJA) DATA VALUES
61-68 AUTUMN (SON) DATA VALUES
69-76 JANUARY DATA VALUES
etc. 
157-164 DECEMBER DATA VALUES

20543  1879 -999999 -999999 -999999 -999999 -999999 -999999 1100    -999999 -999999 -999999 -999999 -999999 -999999 -999999 -999999 800     1100    700     2300    
	20543  1880 3800    2800    3800    1600    3700    1500    900     1200    500     2800    900     3000    600     800     1500    800     500     600     700     
	20543  1881 1300    1000    1200    1000    1300    1200    900     1000    900     1000    1000    1100    900     900     700     500     400     900     1000    
	20543  1882 1900    1900    1300    1900    1500    700     1100    1900    1300    1500    1200    1300    400     400     700     1100    300     200     600     
	20543  1883 1900    700     1800    700     1900    900     1100    500     700     700     1800    1100    600     200     900     800     800     400     1200    
	20543  1884 1600    1300    1600    1300    1400    1400    1100    1300    600     1000    1000    1100    1100    600     1100    1100    1000    900     600     
	20543  1885 1900    1500    1900    1500    1400    1900    900     1500    600     1000    1400    400     700     1900    1100    400     400     900     1500    
	20543  1886 2400    2400    2000    2400    1600    1800    2000    400     2400    1600    1100    1000    800     1000    1200    2000    1000    600     400     
	20543  1887 3400    1800    3400    1500    1600    3400    700     1200    1500    1100    1600    800     2700    1500    1300    700     600     500     300     
	20543  1888 1900    1900    1900    1200    1500    900     1300    800     1200    700     600     1500    400     200     900     800     1300    500     1500    
	20543  1889 2100    1800    2100    1800    1000    2100    2000    1700    400     600     1000    500     2000    400     500     1500    500     2000    700     
	20543  1890 2700    2700    1400    2700    1200    900     1400    400     2600    800     600     1100    800     900     500     1400    700     600     1500    
	20543  1891 2200    2200    2000    1400    2000    1200    1500    600     1400    800     2000    500     1200    800     500     1000    600     800     1000    
	20543  1892 1700    1000    1400    1000    1700    1000    800     1000    600     500     1400    1300    600     1000    1000    500     800     700     1700    
	20543  1893 3000    1400    3000    1000    3000    2300    1000    500     400     1400    1500    1600    2300    700     800     600     1000    700     900     
	20543  1894 2600    1500    1500    1300    2600    1500    1400    1300    800     1500    1100    700     1000    500     400     1400    400     1000    600     
	20543  1895 2900    2900    2800    2900    2800    900     1900    600     2300    900     1300    1500    900     600     700     1800    500     900     500     
	20543  1896 1700    1600    1700    1600    1700    1100    1100    700     1600    700     600     1700    1000    1100    500     300     300     1100    900     
	20543  1897 2600    1900    1200    1900    1200    1200    2600    1900    700     800     600     1200    600     1200    600     700     2000    1100    1300    
	20543  1898 2400    2400    1900    1000    2400    1300    1700    1000    600     2400    1300    400     1300    1100    1000    1700    900     800     600     
	20543  1899 2300    2100    2300    1300    900     2000    1200    800     1300    900     300     600     1700    900     2000    300     1200    1000    1900    
	20543  1900 2200    2200    1500    1500    1800    1000    1500    600     1200    1800    1200    1300    600     1000    800     1500    400     500     600     
	20543  1901 2100    1300    2100    1300    2100    1200    1700    1300    900     1100    1100    2100    1200    1200    900     700     1200    1000    600     
	20543  1902 1400    1200    1000    900     700     1000    1400    700     900     700     700     600     900     1000    500     600     900     1400    1400    
	20543  1903 2400    1100    2400    1100    1500    1500    1100    1100    1100    900     300     1500    1100    700     600     1100    800     600     2200    
	20543  1904 2900    1500    2800    1500    1900    2800    2600    1300    800     1100    800     1900    900     2300    900     900     1900    1000    1400    
	20543  1905 1400    1100    1400    1100    1400    1000    900     800     800     900     1000    1400    600     800     600     900     300     900     1000    
	20543  1906 2500    700     2500    700     1900    2500    1200    500     500     600     1700    500     2500    1100    800     1200    1100    500     800     
	20543  1907 2600    1700    2600    1700    1800    1200    2600    1700    1100    1200    700     1800    500     1200    900     2600    600     1100    800     
	20543  1908 3200    1600    2000    1600    3200    2000    1700    1600    1100    1400    1800    700     1300    1400    1000    800     900     1000    1800    
	20543  1909 2700    2700    1300    1600    1400    1300    1000    1300    1600    1100    1300    1200    500     600     1300    400     500     1000    800     
	20543  1910 1600    1300    900     900     1600    900     1000    800     400     1300    400     900     900     800     700     700     1000    400     400     
	20543  1911 3100    3100    3000    3100    3100    3000    1200    2100    1000    600     2500    1500    900     2900    1400    1200    700     500     600     
	20543  1912 2200    2200    2000    2200    1200    2000    1900    1900    700     700     1000    700     500     2000    300     1900    1000    600     700     
	20543  1913 2600    1900    2600    1900    1000    1800    1400    1300    1900    300     500     1000    600     900     1800    1000    900     900     1000    
	20543  1914 1500    1500    1500    1500    1400    1500    1000    1500    1000    500     1400    1100    800     500     1500    1000    500     600     400     
	20543  1915 2000    1100    2000    900     1800    1400    2000    900     400     1100    700     1300    1400    500     700     2000    1200    600     200     
	20543  1916 2900    700     2900    600     900     2900    1200    400     300     500     800     600     800     1400    1500    1000    700     900     300     
	20543  1917 3200    3200    1800    3200    1800    1000    1200    1300    1900    500     1100    1000    600     1000    800     1100    500     900     900     
	20543  1918 2200    2200    1600    1200    1800    1200    800     700     600     1800    700     800     800     700     1100    300     800     600     700     
	20543  1919 2300    900     2300    900     2000    1700    1800    600     800     800     1000    2000    1500    700     1700    1800    900     500     400     
	20543  1920 2500    1700    900     1000    1700    800     2500    700     1000    1700    400     400     800     500     800     900     1600    1400    1000    
	20543  1921 3800    3500    3800    3300    1600    3800    2200    500     2800    900     1200    1600    1600    2800    700     1200    1600    2200    700     
	20543  1922 2200    1400    1400    1100    1400    800     2200    400     1100    1400    500     1300    800     300     800     500     2200    700     600     
	20543  1923 1900    1500    1900    900     1500    1900    1200    900     400     1500    900     600     600     1400    1300    1200    300     600     400     
	20543  1924 1700    1700    1100    700     1700    1100    1500    700     700     1700    1000    400     1000    1100    400     700     1000    1500    800     
	20543  1925 2100    1000    2100    1000    1100    2000    1400    1000    600     1000    600     700     2000    800     800     300     1100    1300    900     
	20543  1926 2200    2200    1600    800     2200    1600    1600    800     800     2200    900     700     1300    1200    600     1600    700     400     900     
	20543  1927 -999999 1100    2500    1100    2500    700     1300    600     1100    1100    900     2000    600     600     700     400     1300    500     -999999 
	20543  1928 -999999 -999999 -999999 -999999 1700    -999999 -999999 -999999 1400    1700    600     700     500     2200    -999999 -999999 500     700     600     
	20543  1929 -999999 -999999 -999999 1600    -999999 -999999 -999999 1300    1600    -999999 -999999 -999999 -999999 -999999 -999999 -999999 -999999 -999999 -999999 
	