EUROPEAN CLIMATE ASSESSMENT & DATASET (ECA&D), file created on: 17-05-2026
THESE DATA CAN BE USED FOR NON-COMMERCIAL RESEARCH AND EDUCATION PROVIDED THAT THE FOLLOWING SOURCE IS ACKNOWLEDGED: 

Klein Tank, A.M.G. and Coauthors, 2002. Daily dataset of 20th-century surface
air temperature and precipitation series for the European Climate Assessment.
Int. J. of Climatol., 22, 1441-1453.
Data and metadata available at http://www.ecad.eu

FILE FORMAT (MISSING VALUE CODE = -999999):

THIS FILE HOLDS DATA FOR STATION NETHERLANDS                              SCHIPHOL                                 (STAID:    593)
LATITUDE: dd:mm:ss +52:18:56
LONGITUDE: ddd:mm:ss +004:47:25
ELEVATION: m   -3

DATA IS FOR INDEX Maximum no of consecutive dry days (RR < 1 mm) (CDD) with unit 0.01 No of days

01-06 SOUID: Source identifier
08-11 YEAR : YYYY
13-20 ANNUAL DATA VALUES
21-28 WINTER HALF YEAR DATA VALUES
29-36 SUMMER HALF YEAR DATA VALUES
37-44 WINTER (DJF) DATA VALUES
45-52 SPRING (MAM) DATA VALUES
53-60 SUMMER (JJA) DATA VALUES
61-68 AUTUMN (SON) DATA VALUES
69-76 JANUARY DATA VALUES
etc. 
157-164 DECEMBER DATA VALUES

593    1866 -999999 -999999 -999999 -999999 -999999 -999999 -999999 -999999 -999999 -999999 -999999 -999999 -999999 -999999 -999999 -999999 -999999 -999999 -999999 
	593    1867 1200    -999999 900     -999999 900     900     1100    500     800     800     500     900     800     800     900     500     1000    1100    900     
	593    1868 1900    600     1900    500     1300    1900    1700    400     500     400     900     900     1600    1900    600     1700    500     500     400     
	593    1869 2000    1300    2000    1000    1300    2000    600     1000    500     1300    600     700     800     1200    1400    600     400     400     900     
	593    1870 3400    1800    3400    1800    1800    1600    1900    900     1800    600     1000    1800    1600    1500    400     1300    600     600     1100    
	593    1871 1900    1900    1700    1900    1400    1700    1600    800     1900    1400    700     900     700     800     1600    800     1100    1100    500     
	593    1872 1200    1200    1100    1200    900     1100    800     700     700     900     800     800     800     900     1100    800     500     800     800     
	593    1873 1900    1100    1300    1000    1600    1100    1900    900     1000    1100    1100    500     1100    500     300     1300    400     1900    1300    
	593    1874 1900    800     1900    800     1100    1100    1700    800     800     700     1100    800     1100    1000    900     700     1300    800     1200    
	593    1875 1700    1700    1300    1200    1300    1100    1200    900     1200    1000    1300    900     900     1100    800     900     900     500     700     
	593    1876 2800    1400    2800    1400    1100    2800    1600    1400    500     700     800     1100    1200    2500    1700    300     1600    400     600     
	593    1877 1300    400     900     400     800     900     1300    400     200     300     700     800     900     500     700     700     600     600     500     
	593    1878 1900    600     1900    600     1400    1900    1000    400     600     300     1000    600     1100    900     500     600     1000    600     700     
	593    1879 2200    2200    1000    2200    1600    800     1100    1700    800     1600    500     700     400     800     500     700     1100    1000    1700    
	593    1880 2800    1700    2800    1500    2400    2300    900     1300    600     1700    700     1800    500     800     2300    800     600     500     300     
	593    1881 1600    1200    1000    1200    1600    800     900     1200    1000    900     1000    1000    500     800     700     400     500     900     600     
	593    1882 2000    2000    1200    2000    1500    600     900     2000    1300    1500    1200    700     500     500     500     600     900     200     600     
	593    1883 2600    1200    2100    1200    2600    1300    1200    1200    900     700     2100    1000    700     300     1300    1200    700     400     1100    
	593    1884 2600    900     2600    900     1300    2600    1300    700     700     900     1100    1200    1300    300     2400    1300    500     800     700     
	593    1885 2000    1200    2000    1200    1300    2000    900     1200    600     1000    1300    500     1000    1100    800     300     200     900     1700    
	593    1886 2400    2400    1400    2400    1700    1400    1400    500     2400    1700    1200    1000    900     600     700     1400    900     700     300     
	593    1887 3300    1500    3300    1500    1000    3300    1100    1200    1500    1000    700     600     2800    1500    900     800     300     1100    300     
	593    1888 1500    1500    1300    1500    1300    1000    1300    1500    600     500     300     1300    700     300     1000    1300    1300    900     1300    
	593    1889 2000    1800    2000    1800    700     2000    1300    1700    600     600     700     500     2000    600     400     1000    400     1300    900     
	593    1890 2900    2800    1600    2800    1600    900     1400    400     2700    900     800     1600    700     900     600     1400    700     600     2300    
	593    1891 3100    3100    1100    2500    1100    600     1300    1100    2500    700     1100    600     600     500     200     700     600     800     1000    
	593    1892 1800    1100    1500    1100    1800    1100    1000    700     1100    1000    1500    1000    400     1100    900     1000    500     600     1700    
	593    1893 4400    1300    3100    600     4400    1600    800     500     400     1300    3000    1400    1600    700     800     600     600     800     600     
	593    1894 3200    1800    1400    1400    3200    1100    1200    1400    600     1800    1400    700     1000    400     800     1200    400     1000    1300    
	593    1895 1900    1500    1800    1500    1400    1000    1900    1400    1500    800     1400    1300    1000    800     700     1800    400     600     1400    
	593    1896 2000    1700    2000    1700    2000    1300    1000    800     1700    800     1000    1700    700     1300    400     300     200     1000    600     
	593    1897 2500    1100    1200    1100    900     1200    2500    1100    600     700     600     900     600     1200    600     1000    1200    1300    1300    
	593    1898 1500    1100    1500    1100    1200    1500    1300    1100    400     1100    1000    800     800     1500    1300    1100    1000    500     600     
	593    1899 2200    2100    2200    1300    900     1900    1300    1100    1300    900     500     700     1700    900     1900    300     1300    1100    1700    
	593    1900 1900    1000    1900    900     1200    1900    600     500     600     700     700     1200    400     1900    800     600     400     500     600     
	593    1901 1900    1900    1900    1900    1900    1000    1500    1800    800     900     1000    1900    1000    1000    1000    1000    700     800     300     
	593    1902 1400    1400    800     1400    800     800     1000    500     1400    700     700     800     800     600     400     700     300     1000    1200    
	593    1903 1500    1200    1500    1200    1000    1500    1000    1000    1200    900     200     1000    1100    400     500     1000    300     500     2200    
	593    1904 2800    1200    1900    1200    1000    1900    1600    800     700     700     800     1000    900     1900    600     1600    1000    1100    1100    
	593    1905 1200    1200    1200    1200    1200    1200    1000    1200    600     600     1200    700     800     600     1200    500     300     1000    1200    
	593    1906 2300    600     1900    500     2300    1400    1200    300     400     600     1700    600     1400    1000    600     1200    600     500     800     
	593    1907 2400    1000    2400    1000    1300    1800    2400    1000    600     800     700     1000    200     1800    600     2400    600     1100    800     
	593    1908 3100    1300    2000    1300    1200    2000    3100    900     1100    1200    1000    600     1300    1400    500     900     2100    1000    1200    
	593    1909 2200    2200    1200    2200    1200    1200    1000    1300    2200    500     1200    1200    600     1000    1200    1000    700     700     900     
	593    1910 2100    1300    1300    1100    2100    1300    900     1000    400     1300    800     900     900     1000    1300    800     900     400     500     
	593    1911 3400    3400    2400    3400    2100    1900    1200    1900    1500    600     2100    1700    700     1500    1900    1200    600     400     400     
	593    1912 2000    1300    2000    1300    2000    1100    1600    1300    700     500     1900    900     500     1100    300     1600    1000    400     400     
	593    1913 1700    1600    1700    1600    1000    1700    1200    900     1600    600     800     1000    800     900     1700    1200    600     800     600     
	593    1914 1600    1600    1400    1600    1200    1100    900     1600    1000    200     900     1000    900     600     1100    900     700     400     300     
	593    1915 1600    700     1600    700     1600    1100    1300    700     400     700     700     1100    1100    400     700     800     1300    600     300     
	593    1916 2800    1400    2800    1400    1200    2800    1100    1100    400     800     1000    800     800     1500    1300    1100    500     900     300     
	593    1917 2400    2400    2300    2400    2300    1200    1300    1400    1000    600     1100    1200    1000    1000    400     1100    400     1000    600     
	593    1918 1500    1500    1500    1500    1500    1100    800     1000    600     1100    1100    900     800     700     900     200     600     800     600     
	593    1919 3100    1000    3100    1000    2900    2200    1800    700     900     600     900     2900    700     600     1800    1800    800     500     700     
	593    1920 2900    1200    1300    1200    1100    1200    2900    500     1200    1100    400     900     1200    400     700     1300    1600    1400    900     
	593    1921 2700    1500    2000    1500    1700    2000    2200    500     1000    1100    1200    1700    900     2000    800     1700    1500    2200    500     
	593    1922 2200    1500    1300    1100    1200    600     2200    1000    1100    1200    500     1200    600     400     400     500     2200    600     800     
	593    1923 1900    1100    1900    700     1700    1900    600     600     700     1100    1100    700     500     1400    1400    600     100     500     300     
	593    1924 1600    1600    1200    700     1600    1200    1400    700     700     1600    900     300     1000    1100    600     500     900     1400    1000    
	593    1925 1500    800     1500    800     1300    1100    1500    800     400     400     700     1300    1100    1000    1000    400     1200    900     500     
	593    1926 2900    2300    1200    900     2900    1200    900     900     900     2300    1000    1000    500     1200    600     800     800     700     900     
	593    1927 1400    1300    1400    1100    1400    800     1100    600     1100    1300    700     1000    500     800     600     400     1100    600     800     
	593    1928 1800    1800    1700    1300    1000    1700    1100    200     1300    1000    800     900     600     1700    400     1100    300     400     1000    
	593    1929 3200    3200    2000    3000    1800    2000    1100    700     2800    1600    1000    1800    1400    2000    800     1100    700     800     500     
	593    1930 2100    2100    1300    1200    2000    1000    900     1200    1200    1000    1000    800     1000    500     800     500     900     400     700     
	593    1931 1400    1100    1400    1000    1100    1400    1200    400     800     1100    400     800     1000    400     900     600     1200    1100    900     
	593    1932 2400    2400    2100    2100    2000    2100    800     900     2100    2000    800     600     2100    600     1000    700     100     800     1000    
	593    1933 3300    1700    1600    1700    1200    1000    1200    1700    500     1200    900     900     1000    800     1000    1100    700     800     2600    
	593    1934 2100    2100    2000    2100    1600    1500    1800    1000    2100    1000    700     1500    1400    1200    1400    600     400     1800    600     
	593    1935 1800    1600    1800    700     1800    1300    700     700     400     1600    600     1200    500     1100    1100    700     400     500     600     
	593    1936 1900    1900    1500    900     1900    1200    1100    300     900     1900    1500    1000    800     600     1200    400     1000    1100    800     
	593    1937 2000    800     2000    500     1300    1200    1000    500     300     400     400     1300    900     800     1000    500     1000    1000    500     
	593    1938 2100    2100    1800    1300    2100    1800    900     400     1300    2100    400     1400    1800    800     900     500     600     900     1000    
	593    1939 2500    1300    2500    1300    1500    1000    800     500     800     400     800     1500    1000    500     900     600     300     800     1500    
	593    1940 1900    1000    1900    800     1900    1100    1300    700     800     800     700     1900    1100    400     800     900     1300    400     600     
	593    1941 1800    1300    1800    1300    1300    1800    1500    1200    600     1300    700     1300    1000    1300    400     1500    800     700     400     
	593    1942 3300    2100    3300    1400    3300    1100    900     1400    800     1300    2300    1000    1100    500     700     900     400     800     500     
	593    1943 3300    3300    1900    1400    1900    1900    2000    400     1400    1900    1400    1300    1000    1900    900     700     1800    500     1500    
	593    1944 1900    1800    1900    1800    1300    1900    800     500     1800    1100    900     700     1000    1200    1800    500     800     200     1200    
	593    1945 2000    2000    1400    900     2000    1300    1400    900     500     2000    800     1400    900     1300    600     700     800     1400    300     
	593    1946 1800    1800    1100    1500    1800    1000    1400    1500    800     1800    1100    1100    600     1000    400     700     1400    500     1300    
	593    1947 3200    1900    3200    1900    1100    2500    1300    1200    1900    400     1100    700     1000    1400    2500    900     1300    600     1300    
	593    1948 3000    3000    1500    1500    1500    1500    1600    400     1500    1500    1300    1300    1100    1400    600     700     1400    900     1100    
	593    1949 3000    1500    3000    1500    1200    3000    1400    900     600     1100    800     700     2700    1000    700     600     800     500     600     
	593    1950 1500    1300    1500    1300    900     1100    1000    1300    400     800     800     900     1100    400     600     300     1000    300     1300    
	593    1951 2400    1300    1600    1200    1100    1100    2400    1000    600     700     1100    700     1100    700     400     700     2000    300     800     
	593    1952 1900    1000    1900    1000    1900    1100    600     500     1000    1000    1100    1900    800     900     1100    500     600     200     600     
	593    1953 2000    2000    1600    1600    2000    1000    1600    800     1600    2000    1200    1400    700     500     1000    600     1600    1000    800     
	593    1954 1800    1800    1700    1800    1700    800     600     1100    700     1600    1600    1500    500     500     800     300     400     600     700     
	593    1955 1500    1500    1300    1100    1200    1300    800     900     1100    700     1200    1000    900     1300    1100    800     700     600     400     
	593    1956 1500    1300    1500    1300    1400    900     1500    500     1300    1200    1300    1200    900     400     300     1500    800     800     600     
	593    1957 1400    1100    1100    1100    1300    900     1200    1100    300     600     900     800     700     300     700     300     1200    1000    600     
	593    1958 1400    1300    1200    600     1300    1000    1400    500     200     1300    500     600     1000    800     600     500     800     1400    400     
	593    1959 2200    2100    2200    2100    1500    1700    2000    500     2000    400     800     1500    1700    1400    1600    2000    1100    700     500     
	593    1960 1600    1000    1600    400     1600    1400    900     200     400     1000    800     1100    1400    400     700     900     300     300     400     
	593    1961 1700    1700    1300    1200    1700    700     1300    600     1200    1700    500     900     700     600     700     1300    700     900     1500    
	593    1962 2100    1300    1200    1200    900     900     2100    800     1200    800     900     400     900     400     400     900     2100    700     700     
	593    1963 2500    2400    1800    1600    900     900     1800    1100    1600    800     800     900     600     700     300     1800    900     900     1600    
	593    1964 3200    2700    1000    2700    1200    1000    1000    2700    600     1200    800     1000    800     900     400     700     600     900     600     
	593    1965 1400    800     1000    800     1000    900     1400    600     800     700     400     700     700     300     700     1000    1400    600     300     
	593    1966 1600    1100    1600    1100    1100    1000    1500    1100    500     500     300     1100    1000    200     800     1500    900     300     200     
	593    1967 1800    1300    1800    800     1800    1200    800     700     800     1300    1800    500     900     900     1100    800     500     800     400     
	593    1968 1400    1200    1200    800     1200    800     1300    400     800     700     1200    600     600     800     600     700     1000    1300    1400    
	593    1969 2100    1600    2100    900     1200    2100    1700    900     700     1200    1000    700     1000    2100    1000    1600    1700    300     600     
	593    1970 3600    1400    3600    600     1600    2600    1400    500     400     800     300     1600    2600    500     1300    1400    1300    800     700     
	593    1971 2100    900     2000    800     2100    2000    1700    700     800     900     1500    800     700     2000    500     1300    1200    500     900     
	593    1972 3000    1400    2000    1300    1400    1200    3000    1000    800     1400    700     700     500     1000    1200    1200    1800    300     1800    
	593    1973 3700    2600    2400    2600    2200    2400    1500    1900    700     2200    600     500     2400    500     2100    1500    800     900     700     
	593    1974 3500    1100    2400    700     3500    900     700     600     600     1100    2400    700     800     600     900     700     200     400     500     
	593    1975 2100    1100    2100    1100    900     2100    1800    800     1100    300     900     900     1000    600     1500    600     1800    800     1000    
	593    1976 2400    1400    2400    1400    1800    2400    700     500     1100    1200    1600    800     1700    1300    2400    700     700     500     500     
	593    1977 1900    700     1900    600     1400    1500    1900    600     600     400     500     1400    800     1500    500     1900    1100    500     600     
	593    1978 1200    1200    1200    1200    1200    1200    1000    1000    1200    400     1000    1000    700     1000    1200    500     800     1000    800     
	593    1979 1300    600     1300    600     500     1300    1200    600     600     400     500     500     800     800     700     1000    1200    300     400     
	593    1980 3200    1400    3200    1400    3200    800     800     1400    700     1100    900     2800    700     400     700     600     600     600     500     
	593    1981 2200    1700    2100    1700    2200    1300    1000    500     1700    400     2100    300     800     1300    1100    1000    300     500     900     
	593    1982 2000    1600    2000    1600    1600    2000    1300    1600    1300    600     1600    1300    800     1600    400     1300    800     500     800     
	593    1983 1800    1500    1800    1500    1300    1800    1700    400     1500    1300    400     300     1100    1800    1500    900     900     1400    700     
	593    1984 3200    1200    3200    1200    2100    2900    800     400     1200    1200    1900    600     700     1000    2900    300     700     800     800     
	593    1985 2200    2200    1500    2200    1000    1300    1800    500     2200    500     800     1000    500     1300    500     800     1800    700     400     
	593    1986 2400    2400    1500    2400    1400    1200    2100    300     2100    1400    1300    800     1100    1200    600     1500    600     400     400     
	593    1987 2800    2800    1700    2800    1400    1700    900     2300    1300    1400    900     700     500     1400    400     500     500     900     900     
	593    1988 2100    800     2100    800     1300    2100    800     800     400     200     800     1300    2100    500     900     600     800     600     400     
	593    1989 1800    1400    1800    1400    1600    1800    1200    1000    600     700     800     1600    1800    1300    1000    900     500     1200    1100    
	593    1990 2700    1600    2700    1600    1900    2700    900     1400    600     800     600     1900    1200    2100    800     600     900     500     600     
	593    1991 2400    1800    2100    1800    1500    1000    1400    1100    700     1100    900     1500    200     500     1000    1400    800     800     1600    
	593    1992 1900    1400    1900    1400    1900    1800    1200    1200    600     600     1200    1900    1000    1000    800     700     500     500     1100    
	593    1993 1900    1800    1600    1800    1600    800     1900    500     1500    1100    800     800     600     400     600     400     1000    1400    300     
	593    1994 1600    1300    1200    1300    1000    1200    1600    500     1300    900     800     600     900     1000    600     1000    1600    1000    400     
	593    1995 2800    1500    2800    400     1500    2800    1500    300     400     600     900     700     1300    800     2400    700     1500    1100    1700    
	593    1996 3300    3300    2400    3300    2100    2000    900     2400    900     1600    1900    600     2000    1200    700     900     500     400     1500    
	593    1997 2000    1800    2000    1800    1200    2000    1600    1800    400     1100    1200    1000    700     800     2000    1600    900     600     400     
	593    1998 1700    1400    1700    1300    1700    1600    700     900     1300    1400    300     1700    400     600     1600    700     300     700     300     
	593    1999 1900    700     1900    700     1200    1300    1400    300     500     700     800     900     800     900     500     1400    1000    700     200     
	593    2000 1600    1100    1600    1100    1600    1000    700     1100    500     500     700     1500    700     600     1000    700     400     200     600     
	593    2001 1400    900     1400    900     1400    1200    800     900     800     500     300     1400    1200    600     600     200     400     800     1300    
	593    2002 2400    1100    1300    1000    2400    900     1000    1000    600     1100    1300    800     700     600     900     1000    600     300     1200    
	593    2003 2300    2300    1800    2200    2300    1600    1500    900     2200    2300    1800    600     1200    700     1600    1000    1500    1200    900     
	593    2004 1900    1300    1500    1300    1500    900     1100    400     1300    800     800     1500    700     500     400     1100    800     600     1500    
	593    2005 1700    900     1400    700     900     1000    1700    600     600     900     500     700     900     1000    500     900     1700    600     600     
	593    2006 1800    1800    1500    1800    1500    1500    1500    1100    900     1300    700     1500    1200    1000    400     1500    500     500     1300    
	593    2007 4600    1000    3600    900     4600    1100    1100    400     600     1000    3000    600     700     400     1100    600     900     1100    1300    
	593    2008 1800    1800    1600    1800    1600    800     1500    800     1800    300     700     1500    800     400     700     1500    900     500     1200    
	593    2009 2500    1200    2500    1000    1200    1500    2500    800     900     1200    900     700     900     500     1500    2500    500     300     500     
	593    2010 2000    900     2000    700     2000    1300    1200    600     700     900     2000    1600    1100    1100    400     400     1200    800     800     
	593    2011 2900    1800    1500    800     1700    700     2900    600     800     1700    1500    900     400     500     300     1200    600     2900    400     
	593    2012 1800    1300    1100    800     1800    1100    1000    800     800     1300    600     1000    600     700     800     1000    700     600     200     
	593    2013 2300    1300    2300    700     2300    2300    1300    700     700     1300    1100    600     1100    2300    700     1100    500     300     500     
	593    2014 2400    1700    2400    500     1700    1300    2300    400     500     1700    800     800     1300    900     200     2300    700     600     500     
	593    2015 2000    2000    1700    1700    2000    1400    1300    500     1700    2000    1700    1100    1400    400     800     600     900     400     500     
	593    2016 1600    1600    1300    500     1600    1300    1300    500     300     1600    700     1100    1100    1300    600     1200    1200    900     900     
	593    2017 2500    1500    1400    1500    2500    1200    1000    1500    800     1100    1400    900     1200    400     1000    1000    700     300     300     
	593    2018 3900    1600    3900    1300    1300    3900    2300    900     1300    600     1300    900     1200    2700    1000    800     2300    1500    800     
	593    2019 2000    1300    2000    1300    2000    1800    600     700     700     700     2000    1600    1100    700     1100    500     500     600     600     
	593    2020 2400    1600    2400    700     2400    1100    1300    700     400     1600    2400    2100    700     500     1100    1300    700     800     300     
	593    2021 1700    1700    1600    1000    1600    1300    1500    300     1000    900     1600    400     1300    1200    500     1500    400     700     800     
	593    2022 1900    1500    1900    900     1500    1900    600     900     300     1500    1500    1000    1000    1900    1400    400     600     500     600     
	593    2023 3700    1000    3700    1000    1900    1800    900     400     1000    400     600     1900    1800    600     1300    900     700     300     500     
	593    2024 1800    900     1800    700     900     1800    1200    700     400     900     500     800     800     500     1300    1100    600     1000    700     
	593    2025 3100    1900    2800    1100    3100    1600    1300    1100    900     1900    1200    2200    1100    500     1600    1000    1300    700     1200    
	593    2026 -999999 900     -999999 500     -999999 -999999 -999999 500     400     900     1000    -999999 -999999 -999999 -999999 -999999 -999999 -999999 -999999 
	