EUROPEAN CLIMATE ASSESSMENT & DATASET (ECA&D), file created on: 17-05-2026
THESE DATA CAN BE USED FOR NON-COMMERCIAL RESEARCH AND EDUCATION PROVIDED THAT THE FOLLOWING SOURCE IS ACKNOWLEDGED: 

Klein Tank, A.M.G. and Coauthors, 2002. Daily dataset of 20th-century surface
air temperature and precipitation series for the European Climate Assessment.
Int. J. of Climatol., 22, 1441-1453.
Data and metadata available at http://www.ecad.eu

FILE FORMAT (MISSING VALUE CODE = -999999):

THIS FILE HOLDS DATA FOR STATION NETHERLANDS                              STEIN (L)                                (STAID:   2524)
LATITUDE: dd:mm:ss +50:58:00
LONGITUDE: ddd:mm:ss +005:45:00
ELEVATION: m   22

DATA IS FOR INDEX Maximum no of consecutive dry days (RR < 1 mm) (CDD) with unit 0.01 No of days

01-06 SOUID: Source identifier
08-11 YEAR : YYYY
13-20 ANNUAL DATA VALUES
21-28 WINTER HALF YEAR DATA VALUES
29-36 SUMMER HALF YEAR DATA VALUES
37-44 WINTER (DJF) DATA VALUES
45-52 SPRING (MAM) DATA VALUES
53-60 SUMMER (JJA) DATA VALUES
61-68 AUTUMN (SON) DATA VALUES
69-76 JANUARY DATA VALUES
etc. 
157-164 DECEMBER DATA VALUES

2524   1950 -999999 -999999 -999999 -999999 -999999 -999999 -999999 -999999 -999999 -999999 -999999 -999999 -999999 -999999 -999999 -999999 -999999 -999999 -999999 
	2524   1951 2200    -999999 1200    -999999 1200    1000    2200    900     700     900     1200    500     900     700     700     700     1900    300     1300    
	2524   1952 1700    1700    1400    1700    1400    900     700     400     1700    1000    1300    1400    800     900     900     600     400     700     800     
	2524   1953 2700    1700    1400    800     1400    800     2500    700     700     1400    1400    1100    600     300     800     700     600     2500    900     
	2524   1954 1700    1700    1500    1700    1500    600     800     1000    700     1400    1100    1500    500     600     400     500     700     800     600     
	2524   1955 1900    800     1900    800     1900    1000    800     800     400     800     1900    500     900     900     1000    800     700     800     500     
	2524   1956 1300    1200    1300    800     1300    500     1200    500     800     1200    1300    1200    400     300     500     1200    900     900     500     
	2524   1957 1400    1200    1000    1200    1400    900     1100    1200    300     700     1000    800     900     600     700     300     1000    800     600     
	2524   1958 2400    1400    1200    800     1300    900     1700    500     300     1300    600     400     900     700     600     1200    800     1700    700     
	2524   1959 3700    2800    3700    2800    1400    1700    2000    800     2000    500     900     1400    1500    1600    1700    2000    900     800     800     
	2524   1960 1300    1000    1300    1000    1300    1300    800     200     1000    900     600     1100    1300    300     300     800     200     300     900     
	2524   1961 1600    1600    1100    1100    1600    700     1100    500     1100    1600    400     900     700     700     700     1100    800     900     1500    
	2524   1962 2100    1400    2100    1100    1100    1800    2100    500     1100    1100    600     400     1800    500     700     600     2100    300     700     
	2524   1963 2000    2000    1100    1200    800     1100    1000    1000    1200    800     600     600     600     1100    500     1000    800     500     1300    
	2524   1964 2400    2400    1500    1300    1400    1200    1000    1300    1200    1200    800     1400    600     1200    1200    800     800     900     600     
	2524   1965 1400    1100    1100    900     1100    1100    1400    400     900     1100    400     600     800     300     700     1100    1400    600     200     
	2524   1966 1600    900     1600    900     800     1100    1500    900     600     400     400     800     1100    400     800     1500    600     500     400     
	2524   1967 1200    1100    1200    1100    800     1200    900     1100    900     700     800     600     700     800     1200    700     700     900     400     
	2524   1968 2400    1100    2400    700     2400    700     1100    400     700     600     2400    500     600     700     600     600     1100    1100    1300    
	2524   1969 2300    1100    1000    900     1000    1000    2300    900     400     900     1000    700     1000    700     900     800     2200    300     800     
	2524   1970 2900    2900    1200    2900    1200    1100    1200    500     2800    600     400     1200    1100    400     400     1200    1200    600     1100    
	2524   1971 2300    1800    2300    1800    2100    2300    2200    1800    1000    500     1600    1200    500     2200    600     2200    1100    600     900     
	2524   1972 2300    1900    1500    1700    1500    1200    2300    600     1700    1500    1200    500     400     1200    900     800     1900    900     2100    
	2524   1973 3400    1800    2500    1700    1800    2500    1100    1300    600     1800    500     500     2500    1000    2000    900     1000    1000    500     
	2524   1974 3300    1100    2200    1000    3300    1300    500     500     1000    1100    2200    900     700     700     1300    500     200     400     400     
	2524   1975 1800    1100    1800    1100    1800    1000    1400    900     1100    400     900     1800    1000    800     1000    1100    1400    700     1100    
	2524   1976 2300    1400    2300    1400    1100    2300    800     500     900     1100    900     800     1000    1100    2300    500     800     800     600     
	2524   1977 2100    1300    2100    500     1100    1300    2100    500     300     1000    400     1100    500     1100    600     2100    1300    500     900     
	2524   1978 2100    2100    1800    1400    1200    1800    1100    1000    1400    700     900     1200    500     1800    1000    1000    1100    900     700     
	2524   1979 1800    700     1800    700     600     1300    1800    700     500     200     600     500     600     700     400     1800    1300    400     400     
	2524   1980 2000    1500    2000    1500    2000    1000    700     1500    600     700     800     2000    1000    400     700     600     400     600     600     
	2524   1981 1800    700     1800    700     1100    1100    1000    600     700     400     1100    300     400     600     1100    700     200     900     600     
	2524   1982 1600    1100    1600    1100    1600    1000    1500    900     1100    900     1600    800     500     1000    400     1200    800     700     500     
	2524   1983 1700    1400    1300    1400    1300    1300    1700    400     1400    1300    400     200     800     1000    1300    600     800     1400    600     
	2524   1984 1700    1700    1400    1300    1400    1100    1700    400     1300    1400    1400    700     700     1000    1100    500     600     1400    1200    
	2524   1985 2300    1900    1200    1900    1100    1200    2300    500     1900    500     1100    900     500     1200    500     800     2200    600     400     
	2524   1986 3000    2200    1300    1900    1400    1100    3000    700     1900    1400    600     500     1100    1100    600     1300    1700    600     500     
	2524   1987 1700    1200    800     1100    1200    700     1000    700     500     1200    700     700     300     700     700     800     400     1000    1400    
	2524   1988 2000    900     2000    900     1100    2000    800     900     500     300     1100    600     2000    500     700     500     700     700     400     
	2524   1989 2100    1700    2100    1700    1900    2000    1000    1400    700     700     400     1900    1100    2000    700     900     800     1000    800     
	2524   1990 2000    900     2000    600     2000    2000    1500    600     600     900     600     2000    700     2000    800     600     1500    800     800     
	2524   1991 2800    1700    2800    1700    1500    1400    1400    1100    1200    1300    900     1500    400     500     1400    1400    1200    1000    1500    
	2524   1992 1600    1400    1600    1400    1300    1000    1600    1200    600     500     900     1300    1000    600     500     1600    400     400     900     
	2524   1993 1900    1900    1800    900     1900    1800    1600    400     900     1900    1200    600     1400    500     700     400     1000    1000    200     
	2524   1994 1800    1800    1700    1800    1300    1700    1600    500     1800    400     1300    500     1400    1200    300     600     1600    600     400     
	2524   1995 1600    1500    1600    400     1600    1600    1400    400     300     500     800     1500    1300    800     1200    500     1400    700     1000    
	2524   1996 2000    1500    2000    1500    2000    1200    1200    1500    800     1400    2000    800     1100    1200    900     1000    1200    500     900     
	2524   1997 3500    1700    2900    1700    1900    2000    3500    1700    300     1400    1900    1000    600     900     2000    2900    1700    600     800     
	2524   1998 1800    1700    1800    1700    1800    1700    700     1100    800     800     300     1800    300     1100    1700    600     200     700     500     
	2524   1999 2000    900     2000    700     1100    1200    1400    700     400     900     800     1000    800     900     600     1400    1000    400     400     
	2524   2000 900     900     900     900     900     900     800     900     300     900     600     500     900     700     700     800     600     400     600     
	2524   2001 1500    600     1500    600     1500    1200    1100    600     500     300     400     1500    1200    600     700     400     1100    800     1400    
	2524   2002 2400    1100    1300    1100    2400    800     1100    1000    400     1100    1300    700     800     500     800     1100    600     600     1200    
	2524   2003 2200    2000    2200    2000    2200    1900    1400    600     2000    1900    2200    500     700     1900    1200    900     1400    1300    1000    
	2524   2004 1400    900     1200    900     1200    1000    900     300     700     600     700     1200    500     500     500     900     900     400     1400    
	2524   2005 1600    1100    1500    1100    900     1500    1600    600     700     900     500     900     1500    1000    600     1100    1600    800     1000    
	2524   2006 1600    1300    1600    1000    1300    1600    1300    1000    500     1300    700     1100    1300    1600    200     1300    1200    600     900     
	2524   2007 3800    800     3500    800     3800    700     700     700     600     700     3000    600     700     500     700     600     700     400     1500    
	2524   2008 1700    1700    1300    1700    1300    600     1000    500     1700    500     700     1300    400     500     600     1000    700     800     1000    
	2524   2009 1300    1000    1100    1000    1000    1000    900     800     600     1000    700     800     600     500     1000    900     700     500     800     
	2524   2010 2900    900     2900    600     1600    2900    1300    600     600     900     1600    1000    2000    900     400     600     1300    900     600     
	2524   2011 2900    1100    1300    700     1100    1300    2900    600     700     1100    900     800     300     1100    300     1200    600     2900    400     
	2524   2012 2900    2400    1000    1300    2900    900     900     500     1200    2400    500     1000    400     600     900     900     700     700     400     
	2524   2013 1800    900     1800    600     1600    1800    1400    600     600     800     1300    400     700     1800    1000    1200    400     400     700     
	2524   2014 1800    1300    1800    500     1400    1600    1700    500     400     1300    1200    600     1600    500     200     1700    300     600     400     
	2524   2015 1800    1800    1200    1800    1700    1100    1100    700     1800    1700    1200    700     800     400     500     700     500     400     400     
	2524   2016 1700    1700    1300    700     1700    800     1300    300     700     1700    400     800     400     700     800     1300    700     900     700     
	2524   2017 1700    1300    1700    800     1400    1700    900     800     800     1300    1400    1200    1700    500     900     700     900     500     300     
	2524   2018 5500    1400    5500    1300    900     5500    1900    400     1300    400     900     800     1800    3100    600     1300    1900    1200    500     
	2524   2019 2200    1700    2200    1700    2100    2200    600     400     1700    700     2100    800     1100    1100    900     500     500     600     500     
	2524   2020 3800    1100    3100    800     3800    1400    1800    800     400     1100    2700    2800    400     800     800     1800    700     700     400     
	2524   2021 -999999 -999999 2200    -999999 2200    -999999 1200    -999999 700     800     2000    500     1400    -999999 500     1200    700     500     1000    
	2524   2022 2300    1700    2300    1000    2300    2000    900     1000    400     1500    1700    700     900     2000    1100    500     700     800     1200    
	2524   2023 3400    1300    3400    1300    1600    1800    900     500     1300    500     700     1600    1800    500     600     900     800     200     500     
	2524   2024 1100    -999999 1000    -999999 900     700     1100    800     -999999 900     500     700     700     500     700     1000    700     900     700     
	2524   2025 2300    2200    2300    1200    2100    2300    1400    1200    1000    2100    1200    2000    1000    600     2300    1000    1400    700     2300    
	2524   2026 -999999 -999999 -999999 1000    -999999 -999999 -999999 1000    300     -999999 -999999 -999999 -999999 -999999 -999999 -999999 -999999 -999999 -999999 
	