EUROPEAN CLIMATE ASSESSMENT & DATASET (ECA&D), file created on: 17-05-2026
THESE DATA CAN BE USED FOR NON-COMMERCIAL RESEARCH AND EDUCATION PROVIDED THAT THE FOLLOWING SOURCE IS ACKNOWLEDGED: 

Klein Tank, A.M.G. and Coauthors, 2002. Daily dataset of 20th-century surface
air temperature and precipitation series for the European Climate Assessment.
Int. J. of Climatol., 22, 1441-1453.
Data and metadata available at http://www.ecad.eu

FILE FORMAT (MISSING VALUE CODE = -999999):

THIS FILE HOLDS DATA FOR STATION NETHERLANDS                              OVERVEEN                                 (STAID:   2497)
LATITUDE: dd:mm:ss +52:24:00
LONGITUDE: ddd:mm:ss +004:36:00
ELEVATION: m    7

DATA IS FOR INDEX Maximum no of consecutive dry days (RR < 1 mm) (CDD) with unit 0.01 No of days

01-06 SOUID: Source identifier
08-11 YEAR : YYYY
13-20 ANNUAL DATA VALUES
21-28 WINTER HALF YEAR DATA VALUES
29-36 SUMMER HALF YEAR DATA VALUES
37-44 WINTER (DJF) DATA VALUES
45-52 SPRING (MAM) DATA VALUES
53-60 SUMMER (JJA) DATA VALUES
61-68 AUTUMN (SON) DATA VALUES
69-76 JANUARY DATA VALUES
etc. 
157-164 DECEMBER DATA VALUES

2497   1866 -999999 -999999 -999999 -999999 -999999 -999999 -999999 -999999 -999999 -999999 -999999 -999999 -999999 -999999 -999999 -999999 -999999 -999999 -999999 
	2497   1867 1200    -999999 900     -999999 900     900     1100    500     800     800     500     900     800     800     900     500     1000    1100    900     
	2497   1868 1900    600     1900    500     1300    1900    1700    400     500     400     900     900     1600    1900    600     1700    500     500     400     
	2497   1869 2000    1300    2000    1000    1300    2000    600     1000    500     1300    600     700     800     1200    1400    600     400     400     900     
	2497   1870 3400    1800    3400    1800    1800    1600    1900    900     1800    600     1000    1800    1600    1500    400     1300    600     600     1100    
	2497   1871 1900    1900    1700    1900    1400    1700    1600    800     1900    1400    700     900     700     800     1600    800     1100    1100    500     
	2497   1872 1200    1200    1100    1200    900     1100    800     700     700     900     800     800     800     900     1100    800     500     800     800     
	2497   1873 1900    1100    1300    1000    1600    1100    1900    900     1000    1100    1100    500     1100    500     300     1300    400     1900    1300    
	2497   1874 1900    800     1900    800     1100    1100    1700    800     800     700     1100    800     1100    1000    900     700     1300    800     1200    
	2497   1875 1700    1700    1300    1200    1300    1100    1200    900     1200    1000    1300    900     900     1100    800     900     900     500     700     
	2497   1876 2800    1400    2800    1400    1100    2800    1600    1400    500     700     800     1100    1200    2500    1700    300     1600    400     600     
	2497   1877 1300    400     900     400     800     900     1300    400     200     300     700     800     900     500     700     700     600     600     500     
	2497   1878 1900    600     1900    600     1400    1900    1000    400     600     300     1000    600     1100    900     500     600     1000    600     700     
	2497   1879 2200    2200    1000    2200    1600    800     1100    1700    800     1600    500     700     400     800     500     700     1100    1000    1700    
	2497   1880 2800    1700    2800    1500    2400    2300    900     1300    600     1700    700     1800    500     800     2300    800     600     500     400     
	2497   1881 3500    3500    1000    3500    1600    900     900     3000    1800    1100    1000    600     500     900     700     300     600     800     600     
	2497   1882 3600    3600    1200    3600    2100    600     1000    2300    1300    2100    1200    700     500     600     500     500     1000    600     600     
	2497   1883 6700    3100    3600    3000    6700    600     1200    2900    1700    3100    3000    1000    600     600     600     1200    600     400     800     
	2497   1884 2000    2000    1500    2000    1500    1500    1300    900     2000    1000    1400    1100    600     500     1300    1300    700     700     600     
	2497   1885 4800    2800    4800    2800    1500    4800    900     2700    300     1000    1500    200     1200    3100    900     300     200     900     1600    
	2497   1886 1700    1700    1500    1700    1500    1300    1500    500     1700    1500    700     1000    900     600     1000    1500    900     400     300     
	2497   1887 4100    4100    3000    2600    1500    3000    800     1700    2600    1500    900     800     2700    1800    1100    800     100     600     400     
	2497   1888 1700    1700    1300    1700    1300    600     1200    1700    800     400     1100    1300    600     300     400     700     1200    900     1000    
	2497   1889 2200    1100    2200    1100    700     2200    1500    900     300     600     700     600     2100    400     500     1500    400     700     700     
	2497   1890 2200    2200    1900    2200    1500    800     1900    500     2200    600     900     1500    700     800     700     1900    700     1400    1800    
	2497   1891 2700    2100    1100    2100    1100    800     1300    2100    1300    600     1100    900     800     800     400     1000    600     800     1200    
	2497   1892 1800    1200    1500    1100    1800    1100    700     900     1100    1000    1500    1300    900     1000    1100    600     100     700     1200    
	2497   1893 4400    1300    3100    1200    4400    1600    800     1200    400     1300    3000    1400    1600    700     800     600     600     800     600     
	2497   1894 3200    1800    1400    1400    3200    1100    1200    1400    600     1800    1400    700     1000    400     800     1200    400     1000    1300    
	2497   1895 1900    1500    1800    1500    1400    1000    1900    1400    1500    800     1400    1300    1000    800     700     1800    400     600     1400    
	2497   1896 2000    1700    2000    1700    2000    1300    1000    800     1700    800     1000    1700    700     1300    400     300     200     1000    600     
	2497   1897 2500    1100    1200    1100    900     1200    2500    1100    600     700     600     900     600     1200    600     1000    1200    1300    1300    
	2497   1898 1500    1100    1500    1100    1200    1500    1300    1100    400     1100    1000    800     800     1500    1300    1100    1000    500     600     
	2497   1899 2200    2100    2200    1300    900     1900    1300    1100    1300    900     500     700     1700    900     1900    300     1300    1100    1700    
	2497   1900 1900    1000    1900    900     1200    1900    600     500     600     700     700     1200    400     1900    800     600     400     500     600     
	2497   1901 1900    1900    1900    1900    1900    1000    1500    1800    800     900     1000    1900    1000    1000    1000    1000    700     800     300     
	2497   1902 1400    1400    800     1400    800     800     1000    500     1400    700     700     800     800     600     400     700     300     1000    1200    
	2497   1903 1500    1200    1500    1200    1000    1500    1000    1000    1200    900     200     1000    1100    400     500     1000    300     500     2200    
	2497   1904 2800    1200    1900    1200    1000    1900    1600    800     700     700     800     1000    900     1900    600     1600    1000    1100    1100    
	2497   1905 1200    1200    1200    1200    1200    1200    1000    1200    600     600     1200    700     800     600     1200    500     300     1000    1200    
	2497   1906 2300    600     1900    500     2300    1400    1200    300     400     600     1700    600     1400    1000    600     1200    600     500     800     
	2497   1907 2400    1000    2400    1000    1300    1800    2400    1000    600     800     700     1000    200     1800    600     2400    600     1100    800     
	2497   1908 3100    1300    2000    1300    1200    2000    3100    900     1100    1200    1000    600     1300    1400    500     900     2100    1000    1200    
	2497   1909 2200    2200    1200    2200    1200    1200    1000    1300    2200    500     1200    1200    600     1000    1200    1000    700     700     900     
	2497   1910 2100    1300    1300    1100    2100    1300    900     1000    400     1300    800     900     900     1000    1300    800     900     400     500     
	2497   1911 3400    3400    2400    3400    2100    1900    1200    1900    1500    600     2100    1700    700     1500    1900    1200    600     400     400     
	2497   1912 2000    1300    2000    1300    2000    1100    1600    1300    700     500     1900    900     500     1100    300     1600    1000    400     400     
	2497   1913 1700    1600    1700    1600    1000    1700    1200    900     1600    600     800     1000    800     900     1700    1200    600     800     600     
	2497   1914 1600    1600    1400    1600    1200    1100    900     1600    1000    200     900     1000    900     600     1100    900     700     400     300     
	2497   1915 1600    700     1600    700     1600    1100    1300    700     400     700     700     1100    1100    400     700     800     1300    600     300     
	2497   1916 2800    1400    2800    1400    1200    2800    1100    1100    400     800     1000    800     800     1500    1300    1100    500     900     300     
	2497   1917 2400    2400    2300    2400    2300    1200    1300    1400    1000    600     1100    1200    1000    1000    400     1100    400     1000    600     
	2497   1918 1600    1300    1600    1300    900     1300    1000    800     600     700     500     900     800     700     1100    200     900     600     400     
	2497   1919 2400    2000    2400    2000    2200    2400    1800    600     1500    500     900     2200    700     1000    1800    1800    900     500     200     
	2497   1920 2900    1400    1500    1400    1100    1500    2900    600     1400    1100    400     900     1500    500     700     700     1600    1300    900     
	2497   1921 2700    1500    2200    1500    1700    2200    2200    500     1000    700     1200    1700    900     2200    800     1700    1500    2200    500     
	2497   1922 2000    1500    2000    1000    1200    800     1500    500     1000    1100    600     1200    800     500     800     300     1500    700     500     
	2497   1923 1900    1100    1900    700     1900    1900    600     600     700     1100    1100    700     500     1400    1300    600     100     500     500     
	2497   1924 1400    1300    1200    700     1300    1200    1400    700     600     1300    700     300     1000    1100    600     400     800     1400    1000    
	2497   1925 1300    800     1300    800     700     1100    1300    800     500     500     700     600     1100    1000    1000    800     1000    600     500     
	2497   1926 2700    2100    1200    900     2700    1200    800     500     900     2100    700     500     600     1200    600     800     600     500     600     
	2497   1927 1800    1100    1500    1000    1500    1000    1100    600     1000    1100    700     1100    500     1000    600     700     1100    600     1200    
	2497   1928 1900    1900    1800    1400    1500    1800    1000    100     1400    1000    800     900     600     1800    500     1000    700     400     400     
	2497   1929 2500    1600    2500    1400    2400    1500    800     800     1300    1600    1000    2400    1400    1400    800     800     700     400     700     
	2497   1930 2100    2100    1400    1200    1500    1000    900     1200    1200    1000    900     500     1000    600     800     500     900     300     900     
	2497   1931 1500    1100    1500    600     1100    1500    1200    300     500     1100    400     700     1100    400     1000    700     1200    1100    600     
	2497   1932 2100    1900    2100    1900    1900    2100    900     1800    1200    1900    700     600     2100    600     800     700     200     900     1700    
	2497   1933 3200    1700    1600    1700    1200    1000    1100    1700    500     1100    1200    900     1000    800     1000    1100    700     700     2500    
	2497   1934 2100    2100    1900    2100    1500    1400    700     800     2100    1000    800     1500    1300    1100    700     600     400     700     600     
	2497   1935 1800    1600    1800    600     1800    1200    700     600     400     1600    600     1200    500     1100    1100    700     300     300     600     
	2497   1936 1900    1900    1500    900     1900    1200    1000    300     900     1900    700     900     800     400     1200    500     1000    1000    900     
	2497   1937 1900    800     1900    500     1200    1200    1200    400     200     500     400     1200    700     800     1100    800     1200    900     400     
	2497   1938 2300    2300    1800    1300    2300    1800    900     400     1300    2300    1300    1400    1800    1000    900     500     600     900     1000    
	2497   1939 2500    1100    2500    1100    1500    1200    600     500     600     400     600     1500    1000    600     1200    600     300     200     1500    
	2497   1940 2100    1000    2100    1000    2100    1100    900     600     1000    800     500     2100    1100    400     900     900     800     400     600     
	2497   1941 2800    1300    2800    1300    2800    1900    1500    1200    600     1200    1100    1700    1000    1400    500     1500    800     700     500     
	2497   1942 3100    1600    3100    1600    3100    1100    1000    1600    800     1300    2100    1000    1100    500     700     1000    300     800     500     
	2497   1943 3200    3200    1900    1300    1900    1900    1600    400     1300    1900    1400    1300    900     1900    600     700     1600    500     1000    
	2497   1944 2000    2000    1900    1800    1200    1900    800     500     1800    1000    900     1200    900     1400    1800    400     800     200     1300    
	2497   1945 1400    1100    1400    500     1400    1200    1200    500     400     1100    800     1400    900     1200    400     700     1000    800     300     
	2497   1946 1900    1400    1900    900     1700    1900    1300    900     700     1400    1100    1500    600     1300    400     600     1300    500     1900    
	2497   1947 3200    1600    3200    1600    1100    2500    1000    1200    1600    500     1100    700     1000    1300    2500    900     900     500     1300    
	2497   1948 3000    3000    1400    1500    1500    1400    1400    400     1500    1500    1300    1400    600     1300    600     700     1100    1400    1100    
	2497   1949 2000    1800    2000    1800    1200    2000    1400    1000    800     1100    800     600     1700    1300    700     600     800     400     600     
	2497   1950 1500    1300    1500    1300    900     1100    1000    1300    400     800     800     900     1100    400     500     400     1000    300     1400    
	2497   1951 2500    1600    1600    800     1100    1100    2500    500     600     1000    1100    500     1100    900     900     700     2000    300     1300    
	2497   1952 1900    1000    1900    900     1900    1100    1000    500     900     1000    1100    1900    800     800     1100    1000    600     200     800     
	2497   1953 4200    4200    1400    1500    2700    1400    1600    800     1500    2700    1200    700     700     500     1400    500     1600    1100    800     
	2497   1954 1700    1700    1700    1700    1700    800     500     1100    600     1600    1600    1500    500     700     700     300     300     500     600     
	2497   1955 1500    1400    1400    1000    1200    1400    1200    900     1000    1000    1200    1000    600     1300    1200    800     700     1200    400     
	2497   1956 1700    1300    1700    1300    1400    700     1700    500     1300    1100    900     1200    700     500     400     1700    800     800     600     
	2497   1957 1500    1200    1100    1200    1500    1100    1000    1200    300     600     1100    800     1100    300     700     500     900     1000    900     
	2497   1958 1900    1300    1000    600     1300    1000    1900    500     300     1300    600     600     1000    800     400     500     800     1900    400     
	2497   1959 2700    2700    2200    2700    1500    1700    2000    700     2000    400     800     1500    1700    1600    1400    2000    1600    800     500     
	2497   1960 1700    1300    1700    600     1700    1400    800     200     600     1300    600     1200    1400    300     700     700     500     400     400     
	2497   1961 1900    1900    1300    1200    1900    700     1300    600     1200    1900    500     900     700     600     700     1300    700     1200    700     
	2497   1962 2100    1300    1700    1200    1700    1600    2100    600     1200    700     1200    500     1600    500     500     400     2100    700     700     
	2497   1963 2400    2400    1500    1600    900     900     1500    1100    1600    800     800     800     600     700     400     1500    900     900     1500    
	2497   1964 1700    1700    1100    1400    1200    1000    1000    1400    500     1200    800     1100    800     900     700     700     600     900     900     
	2497   1965 1400    1300    1200    800     1200    1200    1400    600     700     1200    400     800     800     300     1200    700     1400    600     300     
	2497   1966 1600    1200    1600    1200    1400    1000    1500    1200    500     500     300     1400    1000    300     800     1500    800     400     200     
	2497   1967 1100    1000    1100    1000    800     1100    800     1000    600     700     800     400     900     900     1100    700     500     800     400     
	2497   1968 1400    1200    1400    800     1400    800     1100    400     800     500     1400    700     800     700     600     600     1100    900     1400    
	2497   1969 1900    1700    1700    900     1100    1300    1900    900     800     1100    1000    700     1300    1200    900     1600    1900    300     600     
	2497   1970 3500    1400    3500    600     1600    2300    1400    600     400     800     400     1600    2300    500     1200    1400    1300    500     1300    
	2497   1971 2300    1000    2300    1000    2200    2300    1700    700     600     700     1500    800     900     2100    600     1200    1200    500     900     
	2497   1972 3200    1900    2100    1900    1400    1300    3200    1000    800     1400    900     500     500     1200    1300    1400    1800    400     2100    
	2497   1973 3500    2100    2300    1500    2100    2300    1500    1400    600     2100    400     600     2300    500     2100    1500    900     900     800     
	2497   1974 2100    1100    1500    600     2100    1500    800     400     600     1100    1100    700     1500    700     1000    800     300     400     500     
	2497   1975 2100    1100    2100    1100    900     2100    1800    700     1100    300     900     700     1000    700     1400    800     1800    700     500     
	2497   1976 2400    1600    2400    1600    1200    2400    800     500     1600    1100    800     900     1400    1200    2400    500     700     400     300     
	2497   1977 1700    700     1700    600     1500    1700    1300    400     300     400     500     1500    1000    1300    600     1300    1100    400     600     
	2497   1978 2100    700     2100    500     1700    1400    1000    400     500     600     900     1700    700     1200    900     1000    800     900     800     
	2497   1979 1100    700     1000    700     600     800     1100    700     600     400     600     500     600     700     700     1000    1100    300     400     
	2497   1980 2200    1400    2200    1400    2200    1400    700     1400    700     1100    1700    2200    400     1100    400     700     500     500     500     
	2497   1981 2300    1700    2100    1700    2300    1700    1000    500     1700    400     2100    700     500     600     1700    1000    300     300     600     
	2497   1982 1700    1400    1700    1400    1700    1200    1300    1300    1400    600     1700    1100    500     1200    300     1300    800     400     800     
	2497   1983 1900    1400    1900    1300    1300    1900    1700    600     1300    1300    500     300     900     1900    1000    900     600     1400    600     
	2497   1984 3000    1300    3000    1200    2600    2800    700     400     1200    1300    1900    700     800     1000    2800    300     700     700     600     
	2497   1985 2200    2200    1200    2200    900     1200    1800    400     2200    500     900     800     300     1200    500     900     1800    600     300     
	2497   1986 2500    2500    1500    2500    1400    1500    2100    400     2100    1400    1200    800     1500    1400    700     1500    600     400     400     
	2497   1987 1400    1400    1200    1400    1300    1200    900     1400    1300    1300    800     800     500     900     500     400     400     900     600     
	2497   1988 2000    800     2000    600     1200    2000    800     500     600     300     900     1200    2000    600     900     500     800     700     500     
	2497   1989 1800    1700    1800    1700    1800    1800    1100    1400    600     700     500     1800    1800    1200    1000    800     400     1100    800     
	2497   1990 2600    900     2600    700     1600    2600    900     500     700     900     600     1600    700     2100    800     600     900     500     700     
	2497   1991 2400    1800    2200    1800    1500    1000    1300    1100    700     1100    900     1500    200     600     1000    1300    1000    800     1600    
	2497   1992 1800    1300    1800    1300    1800    1700    1200    1200    700     500     1000    1800    1000    1100    600     700     500     600     1200    
	2497   1993 1800    1800    1600    1800    1600    700     1600    500     1500    1000    800     800     700     400     500     300     1000    800     500     
	2497   1994 1700    1300    1700    1300    1000    1700    1600    400     1300    800     900     1000    1400    1300    800     600     1600    800     400     
	2497   1995 2700    1600    2700    500     1500    2700    2100    500     300     500     900     600     1400    700     2300    300     2100    1100    1600    
	2497   1996 2300    2300    1600    2300    1600    1300    800     2100    500     1600    1600    600     1000    1300    700     800     400     300     900     
	2497   1997 2000    1900    1900    1900    1500    1900    1600    1800    400     1200    1500    900     600     700     1900    1600    900     600     500     
	2497   1998 1700    1300    1700    1300    1700    1600    1000    1200    1300    1200    300     1700    300     800     1600    700     500     1000    400     
	2497   1999 2500    700     2500    700     1100    1200    1400    400     400     700     600     1100    900     900     1100    1400    1100    500     200     
	2497   2000 2200    1400    2200    1400    2200    1000    700     1400    300     900     700     1500    800     800     600     700     400     300     600     
	2497   2001 1200    900     1200    900     1200    1100    700     900     800     500     300     1200    1100    600     700     200     500     700     1200    
	2497   2002 2400    1100    1300    1000    2400    1100    1100    900     300     1100    1300    700     600     700     1100    1100    500     600     1200    
	2497   2003 2300    2300    2300    2200    2300    2300    1400    600     2200    2300    1000    600     1200    700     2100    1100    1400    800     1000    
	2497   2004 1400    1200    1400    700     1400    1000    900     300     700     1200    800     1400    700     600     400     900     600     300     1100    
	2497   2005 1300    700     1300    700     700     900     1000    600     700     500     600     600     800     900     500     1000    1000    400     500     
	2497   2006 2000    1700    2000    1700    1500    2000    1400    1100    1000    1400    700     1500    1200    2000    400     1400    500     600     900     
	2497   2007 4600    1100    3500    800     4600    1000    1000    500     500     1100    3000    500     700     500     1000    500     1000    400     1400    
	2497   2008 1600    1600    1500    1600    1300    1000    1500    400     1600    300     800     1300    900     500     1000    1500    800     500     1200    
	2497   2009 1500    1200    1400    1000    1200    1000    1400    800     900     1200    900     700     1000    400     800     1400    500     300     500     
	2497   2010 2100    1500    2100    1500    2100    900     700     500     1500    900     2100    1700    900     700     600     500     700     700     900     
	2497   2011 2700    1100    2700    700     2700    900     2500    700     700     1100    1900    800     400     700     300     1200    600     2500    500     
	2497   2012 1900    1400    1200    900     1900    800     1100    900     900     1400    700     1100    500     700     800     1100    700     600     200     
	2497   2013 2400    1400    2400    800     2200    2400    1300    600     800     1400    1200    600     1100    2400    700     1100    600     800     600     
	2497   2014 2300    1500    2300    400     1500    1500    2200    200     400     1500    800     800     1500    1000    200     2200    700     600     400     
	2497   2015 1400    1400    1100    1400    1400    1100    1400    400     1400    1400    1100    700     1100    400     900     600     1000    400     400     
	2497   2016 2500    1300    2500    400     1300    1000    2500    300     400     1300    600     1200    700     1000    1000    2500    1100    1000    1000    
	2497   2017 2400    1100    1300    800     2400    1200    800     800     800     1100    1300    900     1200    500     900     800     700     300     400     
	2497   2018 3400    1700    3400    1400    1000    3400    1500    900     1400    600     800     1000    1200    2600    900     800     1300    1500    800     
	2497   2019 2000    1400    2000    1100    2000    2000    600     600     700     1400    2000    1600    1100    1000    1200    600     500     600     500     
	2497   2020 2500    2000    2500    400     2500    1700    1700    300     400     2000    2500    2100    700     500     1300    1700    400     700     400     
	2497   2021 1700    1700    1700    1000    1500    1200    1300    400     1000    900     1500    500     1200    1200    500     1300    300     600     700     
	2497   2022 3800    1400    3800    700     3800    1900    600     700     400     1400    2100    1700    900     1900    1400    500     600     500     500     
	2497   2023 3900    1100    3900    1100    2000    1900    1000    600     1100    300     700     2000    1900    500     1200    1000    700     200     400     
	2497   2024 1100    700     1100    700     900     1100    1100    700     300     500     500     900     900     600     600     1000    800     900     600     
	2497   2025 4300    3200    2900    1100    4200    1600    700     1100    1000    3100    1100    2300    1500    700     1600    500     600     700     1100    
	2497   2026 -999999 1000    -999999 600     -999999 -999999 -999999 600     300     1000    1000    -999999 -999999 -999999 -999999 -999999 -999999 -999999 -999999 
	