EUROPEAN CLIMATE ASSESSMENT & DATASET (ECA&D), file created on: 17-05-2026
THESE DATA CAN BE USED FOR NON-COMMERCIAL RESEARCH AND EDUCATION PROVIDED THAT THE FOLLOWING SOURCE IS ACKNOWLEDGED: 

Klein Tank, A.M.G. and Coauthors, 2002. Daily dataset of 20th-century surface
air temperature and precipitation series for the European Climate Assessment.
Int. J. of Climatol., 22, 1441-1453.
Data and metadata available at http://www.ecad.eu

FILE FORMAT (MISSING VALUE CODE = -999999):

THIS FILE HOLDS DATA FOR STATION NETHERLANDS                              SEVENUM                                  (STAID:    581)
LATITUDE: dd:mm:ss +51:24:00
LONGITUDE: ddd:mm:ss +006:01:00
ELEVATION: m   29

DATA IS FOR INDEX Maximum no of consecutive dry days (RR < 1 mm) (CDD) with unit 0.01 No of days

01-06 SOUID: Source identifier
08-11 YEAR : YYYY
13-20 ANNUAL DATA VALUES
21-28 WINTER HALF YEAR DATA VALUES
29-36 SUMMER HALF YEAR DATA VALUES
37-44 WINTER (DJF) DATA VALUES
45-52 SPRING (MAM) DATA VALUES
53-60 SUMMER (JJA) DATA VALUES
61-68 AUTUMN (SON) DATA VALUES
69-76 JANUARY DATA VALUES
etc. 
157-164 DECEMBER DATA VALUES

581    1958 3400    -999999 1200    -999999 1300    900     1300    3000    300     1300    600     500     900     700     700     900     800     1300    600     
	581    1959 3000    2700    3000    2700    1100    2500    2700    700     2000    400     900     1100    1600    2500    1000    2000    1800    800     900     
	581    1960 1300    900     1300    900     1100    900     1300    500     900     900     600     1100    900     500     400     1300    400     400     600     
	581    1961 2000    1100    2000    1100    1000    800     2000    500     1100    1000    600     1000    700     700     800     2000    800     900     800     
	581    1962 2100    1900    1300    1200    1200    1000    2100    800     1200    1200    600     400     1000    500     700     600     2100    800     700     
	581    1963 2100    1800    1300    1000    900     1000    1300    800     1000    800     500     900     500     1000    400     800     1300    500     1600    
	581    1964 1800    1800    1500    1300    1400    1200    1000    1300    600     1200    400     1400    500     1200    1200    800     800     900     700     
	581    1965 1400    1000    1100    1000    1000    1100    1400    400     1000    600     400     600     800     300     700     1100    1400    1000    400     
	581    1966 1700    1700    1500    1700    1100    800     1500    1700    600     900     600     1100    800     300     700     1500    700     400     400     
	581    1967 1200    900     1200    900     900     1200    1000    800     900     800     900     600     800     500     1200    900     900     1000    400     
	581    1968 2400    1200    2400    800     2400    1000    1600    500     800     400     2400    500     600     900     500     700     1000    1600    1500    
	581    1969 6100    1800    6000    1000    6100    1000    2500    1000    900     1100    3000    3000    1000    700     600     1500    2200    300     700     
	581    1970 1700    1300    1700    700     800     1600    1200    700     400     800     400     700     1600    500     1200    1200    1200    700     1000    
	581    1971 2100    1300    2100    1300    2000    2100    2100    1300    800     500     1500    1400    500     2000    500     2100    1200    400     800     
	581    1972 2300    1800    1400    1800    1500    1200    2300    1000    800     1500    900     500     400     1200    900     700     1900    700     1800    
	581    1973 3200    1800    3200    1600    1800    2500    1100    800     600     1800    500     400     1000    1000    2500    800     800     1000    800     
	581    1974 3400    1100    2300    1000    3400    1000    800     400     1000    1100    2300    700     600     1000    800     500     500     400     400     
	581    1975 2100    1200    2100    1200    2000    1000    1800    800     1200    300     900     2000    1000    500     900     900     1800    800     1100    
	581    1976 2400    1500    2400    1500    2400    2200    1200    500     1500    1100    2300    600     1700    1200    2200    1200    800     900     900     
	581    1977 2600    800     2600    600     1000    1600    2600    500     300     600     700     1000    800     1600    400     2600    1000    500     900     
	581    1978 1800    1100    1400    1100    1200    1000    1800    1100    1000    500     900     1200    700     1000    1000    700     1800    900     700     
	581    1979 2400    800     2200    800     900     1300    2400    800     700     200     600     900     900     700     500     2200    1300    700     400     
	581    1980 2300    1600    2300    1400    2300    1300    800     1300    1400    700     900     2300    1300    700     600     700     400     700     400     
	581    1981 1700    1000    1700    1000    1100    1000    800     600     1000    600     1100    500     700     600     1000    700     300     500     600     
	581    1982 1900    1600    1900    1600    1600    1100    1900    1600    1500    800     1600    800     300     1100    700     1900    800     600     600     
	581    1983 1700    1400    1300    1400    1300    1300    1700    400     1400    1300    600     200     1300    900     1300    600     800     1400    700     
	581    1984 1300    1300    1300    1100    1300    1300    800     400     1100    1300    1300    700     700     700     1300    500     600     800     700     
	581    1985 2000    2000    1300    2000    1000    400     1900    1400    2000    500     1000    1000    300     400     400     1300    1300    500     500     
	581    1986 2700    2600    1400    2300    1400    1400    2700    400     2300    1400    600     500     700     1100    1400    1300    1400    600     700     
	581    1987 1600    1600    1000    1600    1200    900     1200    1600    500     1200    1000    700     300     600     700     800     400     900     900     
	581    1988 1400    900     1400    900     1100    1400    700     900     400     200     1100    600     1400    400     800     600     700     700     400     
	581    1989 2000    1300    2000    1300    1800    1200    1200    1000    800     700     400     1800    1100    1200    900     1100    700     1200    800     
	581    1990 1900    900     1800    800     1600    1800    1900    800     600     900     700     1600    800     1800    1000    600     1900    800     800     
	581    1991 2900    2100    2900    2100    1500    1400    1500    1100    1000    1200    800     1500    500     1100    1400    1500    1000    1000    1500    
	581    1992 1400    1400    1300    1400    1200    1300    1300    1200    1000    500     1200    1100    1100    700     500     1300    700     400     900     
	581    1993 1900    1600    900     900     1600    900     1700    500     900     1600    900     600     900     400     600     500     1100    1600    300     
	581    1994 2300    1100    2300    1100    1400    2300    1700    500     1100    400     1400    500     2000    1700    400     600     1700    500     1100    
	581    1995 2300    1200    2300    600     1100    2300    1100    600     300     500     800     700     1300    1100    1800    1000    1100    800     1600    
	581    1996 2600    2600    1900    2600    2000    1200    800     2500    800     2000    1900    700     1000    1200    800     700     800     600     1200    
	581    1997 2000    2000    1900    2000    1900    1500    1700    1800    500     900     1900    900     600     600     1500    1700    1100    500     500     
	581    1998 2100    1200    2100    1000    1800    2100    1300    900     1000    1200    300     1800    200     500     2000    1300    300     1000    300     
	581    1999 2000    900     2000    600     1200    1200    1400    400     400     900     800     900     1200    900     600     1400    1000    500     200     
	581    2000 1400    1400    1300    1400    600     1300    800     1400    300     500     600     500     800     800     1300    800     500     300     800     
	581    2001 1300    900     1200    900     1200    1200    1100    900     400     300     400     1200    800     1100    800     200     1100    800     1300    
	581    2002 2400    1100    1600    1100    2400    700     1100    1000    400     1000    1400    700     700     500     700     1100    800     900     1200    
	581    2003 2300    2300    1800    2300    2000    1800    1200    600     2300    2000    1800    700     700     1800    1600    1100    1000    1200    1000    
	581    2004 1500    1300    1400    1300    1200    1400    900     400     1300    600     700     1200    500     500     900     900     700     400     1500    
	581    2005 2000    1000    2000    1000    900     1500    1700    500     700     900     500     800     1200    1500    800     1400    1700    700     900     
	581    2006 2100    1400    2100    1400    1300    2100    1300    1000    600     1300    900     1100    1300    2100    600     1300    800     700     1000    
	581    2007 3600    900     3500    900     3600    900     1300    600     600     700     3000    500     800     300     900     600     1300    500     1500    
	581    2008 1700    1700    1300    1700    1300    900     1000    500     1700    500     700     1300    600     400     900     1000    700     700     1100    
	581    2009 1400    1000    900     1000    1000    800     900     800     600     1000    800     800     600     500     700     900     700     500     900     
	581    2010 2300    1000    2300    1000    2000    2300    1300    600     1000    900     2000    800     2100    800     400     500     1300    900     700     
	581    2011 2600    1300    1600    800     1600    700     2600    600     800     1200    1500    1500    300     500     400     1300    1200    2600    200     
	581    2012 2700    2400    900     1400    2700    900     1100    500     1200    2400    400     700     400     700     900     900     1100    700     400     
	581    2013 1900    1100    1900    800     1900    1900    1500    600     800     1100    800     600     1200    1900    700     1300    500     800     500     
	581    2014 1800    1800    1700    600     1700    1600    1700    500     600     1700    1300    1100    1600    600     200     1700    400     600     600     
	581    2015 1700    1700    1200    1000    1700    1100    1000    600     1000    1700    1200    600     1100    400     500     600     700     400     400     
	581    2016 1900    1900    1700    600     1900    1700    1300    500     600     1900    700     1500    400     1700    800     1300    1200    900     900     
	581    2017 1300    1300    1300    1300    1300    1200    1100    1300    800     1300    1300    700     1200    400     900     400     1100    500     300     
	581    2018 2500    1400    2500    1300    1200    2500    1900    400     1300    400     700     1200    1600    1500    600     700     1900    1100    600     
	581    2019 1600    900     1600    900     1500    1600    700     400     900     700     1500    600     1100    600     700     500     500     700     500     
	581    2020 3800    1100    2700    700     3800    1600    1800    700     400     1100    2700    1300    400     500     1200    1800    800     1400    400     
	581    2021 -999999 -999999 -999999 -999999 1000    -999999 1300    -999999 600     900     1000    500     1500    -999999 500     1300    600     1200    1100    
	581    2022 3300    3300    1800    1000    3000    1800    1300    1000    400     3000    1100    700     1400    1800    1100    600     1100    800     900     
	581    2023 3900    1300    3900    1300    2000    1900    900     1100    1300    400     700     2000    1900    400     400     900     700     300     500     
	581    2024 1200    -999999 1200    -999999 900     700     1200    800     -999999 900     600     800     700     700     500     1200    600     800     700     
	581    2025 2900    2200    2900    1200    2900    2300    1400    1200    1000    2100    1100    2300    900     700     2300    1000    1400    700     2200    
	581    2026 -999999 -999999 -999999 1300    -999999 -999999 -999999 1300    400     -999999 -999999 -999999 -999999 -999999 -999999 -999999 -999999 -999999 -999999 
	