EUROPEAN CLIMATE ASSESSMENT & DATASET (ECA&D), file created on: 17-05-2026
THESE DATA CAN BE USED FOR NON-COMMERCIAL RESEARCH AND EDUCATION PROVIDED THAT THE FOLLOWING SOURCE IS ACKNOWLEDGED: 

Klein Tank, A.M.G. and Coauthors, 2002. Daily dataset of 20th-century surface
air temperature and precipitation series for the European Climate Assessment.
Int. J. of Climatol., 22, 1441-1453.
Data and metadata available at http://www.ecad.eu

FILE FORMAT (MISSING VALUE CODE = -999999):

THIS FILE HOLDS DATA FOR STATION NETHERLANDS                              SASSENHEIM                               (STAID:  20597)
LATITUDE: dd:mm:ss +52:13:14
LONGITUDE: ddd:mm:ss +004:33:28
ELEVATION: m  -41

DATA IS FOR INDEX Maximum no of consecutive dry days (RR < 1 mm) (CDD) with unit 0.01 No of days

01-06 SOUID: Source identifier
08-11 YEAR : YYYY
13-20 ANNUAL DATA VALUES
21-28 WINTER HALF YEAR DATA VALUES
29-36 SUMMER HALF YEAR DATA VALUES
37-44 WINTER (DJF) DATA VALUES
45-52 SPRING (MAM) DATA VALUES
53-60 SUMMER (JJA) DATA VALUES
61-68 AUTUMN (SON) DATA VALUES
69-76 JANUARY DATA VALUES
etc. 
157-164 DECEMBER DATA VALUES

20597  1866 -999999 -999999 -999999 -999999 -999999 -999999 -999999 -999999 -999999 -999999 -999999 -999999 -999999 -999999 -999999 -999999 -999999 -999999 900     
	20597  1867 1000    -999999 1000    900     1000    1000    1000    500     900     700     300     1000    1000    800     900     500     1000    1000    900     
	20597  1868 2200    700     2200    600     1500    2200    1600    400     600     700     800     900     1600    2200    1000    1600    600     700     300     
	20597  1869 2000    1000    2000    1000    800     2000    800     800     1000    600     600     700     800     1200    1400    600     800     400     500     
	20597  1870 3100    1900    3100    1900    1500    1600    1900    800     1900    600     1000    1500    1600    1500    400     1300    600     500     1100    
	20597  1871 1800    1800    1200    1800    1000    1200    1200    800     1800    1000    700     700     600     500     1200    800     1100    600     700     
	20597  1872 1200    1200    1100    1200    900     1100    800     700     600     600     800     800     900     900     1100    800     600     300     600     
	20597  1873 1800    1100    1300    1000    1600    900     1500    900     800     1100    1100    500     900     500     300     1300    400     1400    1800    
	20597  1874 1900    1000    1900    1000    1000    1100    1700    400     700     700     1000    800     1100    1000    1000    700     900     800     800     
	20597  1875 1600    1600    1500    1200    1300    1500    1000    700     1200    1000    1300    900     900     1200    800     900     900     500     700     
	20597  1876 2600    1200    2600    1200    1200    2600    1500    1000    300     500     800     1100    1200    2500    1900    200     1500    400     400     
	20597  1877 1000    500     1000    500     1000    900     700     500     400     300     700     800     900     500     500     700     500     700     500     
	20597  1878 1600    1100    1600    1100    1400    1600    900     300     1100    300     1100    700     1100    900     700     400     900     600     700     
	20597  1879 1800    1800    900     1800    1100    800     1100    1700    400     1100    600     700     400     800     500     700     1100    1100    1500    
	20597  1880 2800    2600    2800    1500    2600    2300    900     1300    600     2600    700     1000    500     600     2300    800     200     400     300     
	20597  1881 1500    1000    1000    900     1500    900     900     700     900     1000    1000    1000    800     900     700     700     400     900     600     
	20597  1882 2100    2100    1400    1800    2100    700     900     1800    1300    2100    1200    1400    500     400     700     500     900     200     700     
	20597  1883 2200    900     2100    900     2200    1100    1200    900     900     600     2100    1000    700     300     1100    1200    700     400     1100    
	20597  1884 2600    900     2600    900     1200    2600    1200    700     700     800     1100    1200    700     800     2400    1200    900     900     700     
	20597  1885 2000    1500    2000    1500    1300    2000    900     1500    600     1000    1300    500     900     1100    800     300     200     900     1100    
	20597  1886 2300    2300    1700    2300    1600    1400    1700    500     2300    1300    1600    1000    800     600     1200    1700    900     700     300     
	20597  1887 3500    1500    3500    1500    1500    3500    1000    900     1500    1000    1500    600     2700    1700    900     1000    400     800     300     
	20597  1888 1500    900     1500    900     1300    1500    1300    900     600     400     800     1300    700     200     1500    1300    1300    900     600     
	20597  1889 1400    900     1300    900     1100    1300    1400    800     600     600     1100    500     1300    600     500     1000    400     1400    700     
	20597  1890 2900    2900    1600    2900    1200    1200    1600    400     2800    1000    900     1100    600     1000    600     1600    700     700     1800    
	20597  1891 3100    3100    1100    2500    1100    600     1900    700     2500    600     1100    800     600     600     200     1000    1100    800     1000    
	20597  1892 1700    1000    1400    1000    1700    1000    1000    700     1000    700     1400    1000    400     1000    800     1000    500     800     1100    
	20597  1893 4400    1300    3100    900     4400    1300    800     900     500     1300    3000    1400    1300    400     800     600     700     800     500     
	20597  1894 3600    2200    1400    1300    3600    1100    1200    1300    600     2200    1400    800     1000    400     800     1200    400     1000    600     
	20597  1895 2600    2600    1700    2600    1400    900     1800    1600    2300    800     1400    1300    900     700     700     1700    300     500     1200    
	20597  1896 1700    1700    1700    1700    1700    1400    1000    1000    1700    1000    400     1700    600     1400    400     300     300     1000    600     
	20597  1897 2500    900     1600    800     900     1600    2500    800     800     900     600     900     700     1200    600     1000    1200    1300    1200    
	20597  1898 1300    1100    1300    1100    1300    1300    1300    1100    400     1100    1300    800     700     800     1300    1100    1000    600     600     
	20597  1899 2200    2100    2200    1300    800     1700    1300    800     1300    800     500     600     1700    900     1100    300     1300    1200    1700    
	20597  1900 1900    1700    1900    700     1300    1900    1000    400     600     1300    1200    900     500     1900    800     1000    400     500     600     
	20597  1901 2000    1600    2000    1600    2000    1100    1500    1600    900     700     1000    2000    1000    1100    1000    700     700     800     300     
	20597  1902 1200    1200    800     1200    700     800     1000    500     1200    700     700     500     800     700     300     700     400     1000    1200    
	20597  1903 1500    1100    1500    1100    1000    1500    1000    1100    700     900     300     1000    1100    800     500     1000    400     500     2200    
	20597  1904 2800    900     2700    900     1000    2700    2000    800     700     700     800     1000    900     2200    600     1600    1400    1100    800     
	20597  1905 1200    1200    1100    1200    1100    800     800     1200    600     600     600     1100    700     800     600     800     200     500     700     
	20597  1906 1900    500     1700    400     1900    1000    1200    300     400     500     1700    600     1000    1000    500     1200    600     500     600     
	20597  1907 2200    1200    2200    1000    1700    1800    2200    1000    1000    1200    600     1000    300     1800    500     2200    500     1100    800     
	20597  1908 2300    1300    1900    1300    900     1900    2300    900     1100    900     700     600     1300    1500    500     800     1300    1000    1300    
	20597  1909 1900    1300    1200    1300    1100    1000    1200    1300    1300    600     1000    1100    800     1000    600     1200    400     600     900     
	20597  1910 2700    1400    1300    1100    2700    1200    900     800     400     1400    1300    900     1200    900     1000    700     900     500     500     
	20597  1911 3000    3000    3000    3000    2800    1900    1200    1900    1100    800     2200    2800    600     1500    1900    1200    600     500     500     
	20597  1912 2100    1300    2100    1300    2100    900     1700    1300    500     500     2000    900     500     900     200     1700    1100    400     700     
	20597  1913 1700    1700    1700    1700    1000    1700    900     1400    1700    700     600     1000    500     900     1700    900     600     600     600     
	20597  1914 1600    1600    1500    1600    1200    1100    1000    1600    1200    700     1100    900     900     900     1100    1000    500     500     300     
	20597  1915 1700    900     1700    900     1700    1400    1200    700     900     600     700     1100    1400    500     700     900     1200    400     300     
	20597  1916 2900    1400    2900    1400    1300    2900    1600    1100    500     1200    1000    900     800     1600    1300    1000    500     1600    300     
	20597  1917 3000    3000    2300    3000    2300    1000    1300    1400    1600    1000    1100    1200    800     1000    700     1100    400     900     700     
	20597  1918 1700    1700    1500    1500    1700    1200    700     1000    700     1700    500     900     800     700     1000    200     700     700     300     
	20597  1919 3100    2000    3100    2000    2900    1900    1800    700     1500    800     900     2900    700     600     1600    1800    800     600     800     
	20597  1920 2500    1200    1300    1200    1100    1300    2500    700     1200    1100    200     900     1300    500     700     1000    1600    1300    1600    
	20597  1921 2700    1800    2500    1800    2400    2000    2200    400     1400    900     1200    2400    900     2000    500     1700    1500    2200    600     
	20597  1922 2500    1600    2400    1100    2200    1100    2500    1000    1100    1600    900     2200    1100    400     1000    600     2500    600     500     
	20597  1923 2500    1100    2500    800     1800    2500    700     800     700     1100    1200    700     1100    1400    1300    700     200     500     500     
	20597  1924 1700    1700    1200    700     1700    1200    1500    700     700     1700    1100    500     1000    1100    600     500     900     1500    900     
	20597  1925 1500    700     1500    700     800     1200    1400    700     500     500     600     800     1100    1200    800     700     1100    800     500     
	20597  1926 1700    1700    1700    1000    1700    1700    800     800     1000    1700    1000    700     1300    1200    1100    800     700     700     900     
	20597  1927 1800    1200    1600    1000    1600    700     1000    400     1000    1200    700     1000    500     700     700     700     1000    600     1200    
	20597  1928 1900    1900    1800    1400    1300    1800    1000    200     1400    1300    500     900     600     1800    400     1000    400     500     700     
	20597  1929 2600    2600    2400    800     2300    2100    1100    800     800     2100    900     2300    900     2100    700     1100    600     800     400     
	20597  1930 2100    1700    1400    1200    2100    1100    1400    1200    1200    1000    1100    700     1100    500     700     500     1400    300     600     
	20597  1931 1500    1200    1500    900     1200    1500    1100    300     700     1200    400     800     1100    500     900     600     1100    1100    600     
	20597  1932 2100    2000    2100    1800    1900    2100    900     1700    1500    1900    500     700     2100    1100    900     700     300     900     1700    
	20597  1933 3300    1500    1600    1500    1100    1600    1200    1000    700     1100    900     1100    1100    800     1600    1200    700     600     2700    
	20597  1934 2400    2400    1900    2400    1400    1500    1000    900     2400    800     700     1300    1300    1300    800     600     300     1000    500     
	20597  1935 1800    1600    1800    600     1800    1300    900     600     400     1600    500     1300    500     1300    1200    900     300     400     600     
	20597  1936 1900    1900    1500    1100    1900    1300    1000    300     1100    1900    1000    1100    800     500     1300    600     900     1000    800     
	20597  1937 2000    700     2000    600     1200    1800    1100    600     200     300     400     1200    900     800     1300    400     1100    900     400     
	20597  1938 2300    2300    1800    1300    2300    1800    900     400     1300    2300    1000    1400    1800    900     1300    500     600     900     1000    
	20597  1939 2500    1100    2500    1100    1400    1100    600     400     700     400     600     1400    1100    500     1000    600     400     300     1500    
	20597  1940 2100    1500    2100    1500    2100    1200    1300    600     1500    900     700     2100    1200    400     800     900     1300    400     600     
	20597  1941 3300    1200    3300    1000    1600    3300    1500    900     300     1200    600     1600    1500    1800    200     1500    800     700     500     
	20597  1942 3100    1400    3100    1400    3100    1100    900     1400    800     1200    2000    1100    1100    400     700     900     500     700     600     
	20597  1943 3200    3200    2000    1200    2000    2000    1400    400     1200    2000    1000    1300    700     1900    600     800     900     600     1000    
	20597  1944 2000    1900    2000    1700    1200    2000    800     400     1700    800     800     600     900     900     1900    500     800     200     1200    
	20597  1945 1200    1100    1200    900     1100    1200    1200    900     400     1100    800     1100    800     1200    500     700     1200    600     400     
	20597  1946 1500    1500    1000    1500    1400    1000    1400    1500    800     1400    700     800     400     1000    300     600     1400    400     1300    
	20597  1947 1800    1200    1800    1200    1100    1800    1300    1200    1200    300     1100    800     900     1400    1800    900     1300    500     1200    
	20597  1948 3000    3000    1500    1400    1600    1500    1600    400     1400    1600    1300    1400    900     1300    900     700     1500    800     1100    
	20597  1949 2100    1500    2100    1500    1100    2100    1400    900     600     900     800     700     1600    1000    1300    500     900     500     400     
	20597  1950 2300    2300    1700    2300    1000    1400    1000    2300    400     900     800     1000    1400    400     600     300     1000    300     1300    
	20597  1951 2400    1600    1500    800     1000    1100    2400    500     600     1000    1000    400     1100    900     400     900     2000    300     1300    
	20597  1952 1600    1000    1600    1000    1600    1100    1000    500     1000    1000    1100    1600    800     900     1100    1000    600     200     700     
	20597  1953 3800    3800    1500    1400    2700    1400    1600    1400    1100    2700    900     1300    700     600     1400    700     1600    1100    800     
	20597  1954 1800    1800    1700    1800    1700    700     500     1100    700     1600    1600    1400    600     600     700     200     500     500     700     
	20597  1955 1500    1400    1400    1000    1200    1400    800     900     1000    700     1200    800     700     1400    1100    800     700     800     400     
	20597  1956 1500    1000    1500    1000    1400    800     1500    500     1000    900     900     1300    800     800     300     1500    800     800     1000    
	20597  1957 1400    1200    1100    1200    1400    900     1100    1200    200     600     1000    800     700     300     700     200     900     1100    600     
	20597  1958 2200    1300    1000    600     1300    1000    2100    500     300     1300    600     500     1000    700     300     500     800     2100    400     
	20597  1959 3900    2100    3900    2100    1500    1900    2500    600     2000    400     800     1500    1700    1500    1900    2000    1600    800     800     
	20597  1960 1600    1000    1600    500     1000    1600    700     300     500     1000    1000    1000    1600    400     400     700     300     400     600     
	