EUROPEAN CLIMATE ASSESSMENT & DATASET (ECA&D), file created on: 17-05-2026
THESE DATA CAN BE USED FOR NON-COMMERCIAL RESEARCH AND EDUCATION PROVIDED THAT THE FOLLOWING SOURCE IS ACKNOWLEDGED: 

Klein Tank, A.M.G. and Coauthors, 2002. Daily dataset of 20th-century surface
air temperature and precipitation series for the European Climate Assessment.
Int. J. of Climatol., 22, 1441-1453.
Data and metadata available at http://www.ecad.eu

FILE FORMAT (MISSING VALUE CODE = -999999):

THIS FILE HOLDS DATA FOR STATION NETHERLANDS                              ROTTERDAM                                (STAID:    598)
LATITUDE: dd:mm:ss +51:57:38
LONGITUDE: ddd:mm:ss +004:26:48
ELEVATION: m   -4

DATA IS FOR INDEX Maximum no of consecutive dry days (RR < 1 mm) (CDD) with unit 0.01 No of days

01-06 SOUID: Source identifier
08-11 YEAR : YYYY
13-20 ANNUAL DATA VALUES
21-28 WINTER HALF YEAR DATA VALUES
29-36 SUMMER HALF YEAR DATA VALUES
37-44 WINTER (DJF) DATA VALUES
45-52 SPRING (MAM) DATA VALUES
53-60 SUMMER (JJA) DATA VALUES
61-68 AUTUMN (SON) DATA VALUES
69-76 JANUARY DATA VALUES
etc. 
157-164 DECEMBER DATA VALUES

598    1908 -999999 -999999 -999999 -999999 700     -999999 -999999 -999999 -999999 500     600     700     -999999 -999999 -999999 -999999 -999999 -999999 -999999 
	598    1909 -999999 -999999 -999999 -999999 -999999 -999999 -999999 -999999 -999999 -999999 -999999 -999999 -999999 -999999 -999999 -999999 -999999 -999999 -999999 
	598    1910 -999999 -999999 -999999 -999999 -999999 -999999 -999999 -999999 -999999 -999999 -999999 -999999 -999999 -999999 -999999 -999999 -999999 -999999 -999999 
	598    1911 -999999 -999999 -999999 -999999 -999999 -999999 -999999 -999999 -999999 -999999 -999999 -999999 -999999 -999999 -999999 -999999 -999999 -999999 -999999 
	598    1912 -999999 -999999 -999999 -999999 -999999 -999999 -999999 -999999 -999999 -999999 -999999 -999999 -999999 -999999 -999999 -999999 -999999 -999999 -999999 
	598    1913 -999999 -999999 -999999 -999999 -999999 -999999 -999999 -999999 -999999 -999999 -999999 -999999 -999999 -999999 -999999 -999999 -999999 -999999 -999999 
	598    1914 -999999 -999999 -999999 -999999 -999999 -999999 -999999 -999999 -999999 -999999 -999999 -999999 -999999 -999999 -999999 -999999 -999999 -999999 -999999 
	598    1915 -999999 -999999 -999999 -999999 -999999 -999999 -999999 -999999 -999999 -999999 -999999 -999999 -999999 -999999 -999999 -999999 -999999 -999999 -999999 
	598    1916 -999999 -999999 -999999 -999999 -999999 -999999 -999999 -999999 -999999 -999999 -999999 -999999 -999999 -999999 -999999 -999999 -999999 -999999 -999999 
	598    1917 -999999 -999999 -999999 -999999 -999999 -999999 -999999 -999999 -999999 -999999 -999999 -999999 -999999 -999999 -999999 -999999 -999999 -999999 -999999 
	598    1918 -999999 -999999 -999999 -999999 -999999 -999999 -999999 -999999 -999999 -999999 -999999 -999999 -999999 -999999 -999999 -999999 -999999 -999999 -999999 
	598    1919 -999999 -999999 -999999 -999999 -999999 -999999 -999999 -999999 -999999 -999999 -999999 -999999 -999999 -999999 -999999 -999999 -999999 -999999 -999999 
	598    1920 -999999 -999999 -999999 -999999 -999999 -999999 -999999 -999999 -999999 -999999 -999999 -999999 -999999 -999999 -999999 -999999 -999999 -999999 -999999 
	598    1921 -999999 -999999 -999999 -999999 -999999 -999999 -999999 -999999 -999999 -999999 -999999 -999999 -999999 -999999 -999999 -999999 -999999 -999999 -999999 
	598    1922 -999999 -999999 -999999 -999999 -999999 -999999 -999999 -999999 -999999 -999999 -999999 -999999 -999999 -999999 -999999 -999999 -999999 -999999 -999999 
	598    1923 -999999 -999999 -999999 -999999 -999999 -999999 -999999 -999999 -999999 -999999 -999999 -999999 -999999 -999999 -999999 -999999 -999999 -999999 -999999 
	598    1924 -999999 -999999 -999999 -999999 -999999 -999999 -999999 -999999 -999999 -999999 -999999 -999999 -999999 -999999 -999999 -999999 -999999 -999999 -999999 
	598    1925 -999999 -999999 -999999 -999999 -999999 -999999 -999999 -999999 -999999 -999999 -999999 -999999 -999999 -999999 -999999 -999999 -999999 -999999 -999999 
	598    1926 -999999 -999999 -999999 -999999 -999999 -999999 -999999 -999999 -999999 -999999 -999999 -999999 -999999 -999999 -999999 -999999 -999999 -999999 -999999 
	598    1927 -999999 -999999 -999999 -999999 -999999 -999999 -999999 -999999 -999999 -999999 -999999 -999999 -999999 -999999 -999999 -999999 -999999 -999999 -999999 
	598    1928 -999999 -999999 -999999 -999999 -999999 -999999 -999999 -999999 -999999 -999999 -999999 -999999 -999999 -999999 -999999 -999999 -999999 -999999 -999999 
	598    1929 -999999 -999999 -999999 -999999 -999999 -999999 -999999 -999999 -999999 -999999 -999999 -999999 -999999 -999999 -999999 -999999 -999999 -999999 -999999 
	598    1930 -999999 -999999 -999999 -999999 -999999 -999999 -999999 -999999 -999999 -999999 -999999 -999999 -999999 -999999 -999999 -999999 -999999 -999999 -999999 
	598    1931 -999999 -999999 -999999 -999999 -999999 -999999 -999999 -999999 -999999 -999999 -999999 -999999 -999999 -999999 -999999 -999999 -999999 -999999 -999999 
	598    1932 2100    -999999 1900    -999999 1700    1900    1000    1500    2100    1700    700     600     1900    1000    700     500     300     1000    1300    
	598    1933 3300    1300    2300    1300    2300    1500    1100    1200    800     1100    2300    700     1000    700     1500    1100    700     1100    2600    
	598    1934 2100    2100    2000    2100    1500    1600    700     700     2100    900     600     1500    1400    1300    800     600     300     700     400     
	598    1935 1800    1600    1800    500     1800    1100    700     500     300     1600    600     1200    500     1100    800     700     400     300     600     
	598    1936 2600    2600    1400    1000    2600    1200    1100    600     1000    2600    900     1000    700     300     1200    600     900     1100    900     
	598    1937 1100    800     1100    600     1100    1100    1000    600     300     400     500     1100    700     500     900     500     1000    900     400     
	598    1938 2300    2300    1800    1300    2300    1800    900     400     1300    2300    1300    1400    1800    900     900     800     700     900     1000    
	598    1939 2500    1200    2500    1200    1500    1000    700     600     700     300     600     1500    1000    800     900     600     300     200     1700    
	598    1940 2100    1000    2100    1000    2100    1800    700     600     1000    500     500     2100    1600    600     700     700     700     400     600     
	598    1941 2500    1200    2500    1200    1600    2500    1500    1100    300     1200    1000    1600    2200    1000    300     1500    800     600     800     
	598    1942 3000    1900    3000    1600    3000    1200    900     1300    1600    1200    2100    900     1200    400     700     900     500     800     700     
	598    1943 3600    3600    1900    1300    2300    1900    1400    400     1300    2300    1500    1300    900     1900    800     500     900     500     1000    
	598    1944 2000    1900    2000    1900    1300    2000    700     500     1900    1000    1000    700     700     1500    1800    500     700     300     500     
	598    1945 1600    900     1600    900     1100    1600    1600    900     300     900     800     1100    800     1600    600     1000    1600    600     500     
	598    1946 1500    1500    1400    1500    1400    1000    1300    1500    800     1400    1100    1200    700     1000    400     600     1300    500     1300    
	598    1947 3600    1200    3600    1200    1400    2400    1200    1200    1200    400     1000    1400    1000    2000    2400    1200    900     600     900     
	598    1948 3100    3100    1500    1600    1500    1500    1000    300     1600    1500    1000    1400    1200    1400    900     700     1000    900     700     
	598    1949 2900    1500    2900    1500    1100    2900    1400    700     800     1000    800     700     1700    1200    2000    600     800     500     600     
	598    1950 1800    1800    1700    1300    1400    1300    1400    1300    400     1400    400     1000    1300    400     600     200     1400    500     1300    
	598    1951 2400    1400    1500    1200    1000    1100    2400    1000    400     1000    1000    500     1100    900     700     700     2000    300     1300    
	598    1952 1900    1000    1900    1000    1900    1100    700     600     1000    700     1100    1900    800     800     1100    700     600     400     700     
	598    1953 3400    3400    1400    1700    2700    1400    1600    1700    700     2700    1100    1200    700     400     1400    700     1600    1100    800     
	598    1954 1700    1700    1400    1700    1700    700     700     1100    700     1700    1100    1400    500     600     700     300     300     500     600     
	598    1955 1900    1600    1900    1200    1900    1100    1000    900     1200    700     1900    700     800     900     1100    800     700     1000    400     
	598    1956 1500    1300    1500    1300    1200    800     1500    500     1300    900     800     1200    800     400     300     1500    900     1000    1000    
	598    1957 1200    1200    1100    1200    900     1000    1200    1200    400     500     900     800     700     300     700     300     1200    800     400     
	598    1958 2100    1300    1100    600     1300    1000    2100    500     200     1300    500     500     1000    800     600     600     800     2100    400     
	598    1959 2900    2900    2500    2900    2500    1600    2500    900     2000    400     800     2500    1600    1500    1500    2000    1600    800     800     
	598    1960 1500    1100    1500    400     1500    1100    900     400     400     1100    1100    1100    1100    500     400     900     300     400     300     
	598    1961 1700    1700    1000    1200    1700    700     1200    600     1200    1700    500     800     700     700     700     600     700     1200    900     
	598    1962 2100    1400    2000    1300    1700    1700    2100    600     1300    1000    1200    500     1700    400     400     1100    2100    700     700     
	598    1963 2400    2400    2000    1600    800     1200    1600    1000    1600    800     800     800     1200    600     300     1600    900     500     1500    
	598    1964 1700    1700    1600    1300    1200    1400    1000    1300    700     1200    800     500     800     900     1200    700     700     900     600     
	598    1965 2100    2100    1100    1400    1000    1100    1400    700     1400    700     400     1000    800     300     1100    900     1400    700     300     
	598    1966 1600    1600    1500    1600    1200    900     1500    1600    600     600     300     1200    900     200     800     1500    800     300     200     
	598    1967 1400    900     1100    900     900     1100    1400    900     800     700     900     500     900     700     1100    700     600     1400    400     
	598    1968 1700    1300    1700    800     1700    800     1100    400     800     600     1700    600     600     700     800     500     1100    1100    1500    
	598    1969 1800    1600    1800    900     1100    1100    1700    900     700     1100    1000    400     1000    1100    900     1600    1700    300     700     
	598    1970 3200    1200    3200    600     1000    2200    1400    500     400     400     200     1000    2200    600     1200    1400    1100    900     2000    
	598    1971 2300    1500    2300    1500    2100    2100    2200    1500    900     800     1500    600     700     2000    600     2200    1100    400     900     
	598    1972 2200    1600    1800    1300    1600    1300    2200    900     800     1600    700     600     700     1300    1000    800     1800    400     1900    
	598    1973 3300    2400    1600    1800    2400    1400    1600    1400    600     2400    400     500     1400    500     1200    1600    900     900     600     
	598    1974 1800    800     1100    800     1800    800     800     500     600     700     1100    900     800     300     700     800     200     400     600     
	598    1975 1800    1000    1600    1000    900     1500    1800    700     1000    400     900     700     1100    600     900     900     1800    700     1100    
	598    1976 2500    1500    2500    1500    2500    2300    700     400     1500    1100    2300    800     1700    1300    2300    600     700     400     400     
	598    1977 1800    700     1800    600     1100    1800    1100    400     300     300     600     1100    900     1700    500     800     1100    500     600     
	598    1978 2400    1200    2400    1200    1700    1200    1500    500     1200    500     900     1700    700     800     1200    1000    1100    1500    700     
	598    1979 1500    1500    1400    1400    700     1100    1400    600     1400    500     700     500     800     1000    600     1400    1100    1000    400     
	598    1980 3200    1400    3200    1400    3200    800     1200    1400    700     1300    1000    2800    700     800     700     600     600     900     600     
	598    1981 2300    1600    2100    1600    2300    1700    1100    500     1600    500     1800    600     800     1300    1700    1100    300     600     1000    
	598    1982 1800    1500    1800    1500    1500    1400    1800    1400    1500    600     1500    1200    1000    1400    400     1800    800     600     800     
	598    1983 2400    1600    2400    1600    1200    2400    2000    500     1600    1200    400     600     2400    1700    1500    600     600     1400    800     
	598    1984 2100    1200    2100    1200    2100    1500    800     400     1200    1200    1900    1000    700     1500    1500    300     700     800     800     
	598    1985 1900    1900    1200    1900    900     1200    1800    400     1900    600     800     900     400     1200    500     800     1800    700     300     
	598    1986 3400    3400    1500    3100    1400    1400    2100    300     2800    1400    600     600     1100    1400    1400    1500    1000    400     500     
	598    1987 2900    2900    1700    2900    1400    1700    1200    2400    1000    1400    1000    700     300     1400    400     400     500     1000    1000    
	598    1988 2000    1100    2000    1100    1000    2000    1200    900     1100    200     1000    900     2000    300     900     600     1100    600     400     
	598    1989 1800    1800    1800    1800    1800    1400    1200    1400    600     700     500     1800    1200    1400    900     900     500     1200    1100    
	598    1990 1700    1100    1700    1100    1600    1700    800     900     600     800     600     1600    1200    1700    900     400     800     500     600     
	598    1991 2600    2200    2200    2200    1500    1600    1400    1200    1200    1000    1000    1500    300     600     1000    1400    1100    1000    1600    
	598    1992 2000    1400    2000    1400    2000    1400    1300    1200    600     600     1200    2000    1000    700     700     800     500     600     1100    
	598    1993 2000    2000    1600    2000    1600    900     1900    600     1500    1100    800     800     900     400     600     300     1000    1500    300     
	598    1994 1600    1100    1600    1100    800     1600    1600    500     1100    400     800     700     1000    1300    900     300     1600    900     500     
	598    1995 2800    1300    2800    600     1600    2800    1200    300     600     400     900     1600    1300    1000    2400    400     1200    1200    1700    
	598    1996 3000    3000    2200    3000    2300    1300    900     2100    900     2300    2000    1200    1000    1300    700     900     500     300     1400    
	598    1997 2300    1800    2000    1800    1200    2000    2300    1800    400     700     1200    1000    700     1000    2000    1800    800     1000    800     
	598    1998 1700    1400    1700    1300    1700    1600    700     1100    1300    1400    200     1700    400     1200    1600    600     300     700     300     
	598    1999 2500    700     2500    700     1000    1300    1400    500     600     600     600     900     800     900     1100    1400    1300    700     200     
	598    2000 1500    1200    1500    1200    1500    1200    800     1200    300     500     900     800     700     700     1200    800     400     300     800     
	598    2001 1300    1300    1300    1300    1300    1100    1000    1300    800     600     400     1300    1100    800     600     200     1000    600     1100    
	598    2002 2300    1100    1300    1100    2300    900     1000    1100    600     1000    1300    800     800     700     900     1000    600     300     1200    
	598    2003 2800    2200    2800    2200    2200    2800    1600    600     2200    2000    2200    600     1400    1300    2700    900     1600    800     900     
	598    2004 2200    1300    2200    1300    2200    1200    1200    400     1300    1100    500     2200    600     600     600     1200    800     600     1500    
	598    2005 1600    900     1400    800     900     1100    1600    700     800     500     500     900     900     1100    500     900     1600    500     800     
	598    2006 1800    1800    1800    1800    1500    1800    1500    1100    900     1300    1500    1500    1200    1800    500     1500    500     500     1100    
	598    2007 4800    1200    3600    1100    4800    1000    1000    300     600     1200    3000    600     700     400     1000    600     1000    400     1800    
	598    2008 1800    1800    1400    1800    1400    700     1000    500     1800    400     800     1400    700     600     700     1000    900     600     1100    
	598    2009 1900    900     1900    900     1000    1900    1400    800     700     800     800     800     1400    500     1500    1400    700     400     600     
	598    2010 2000    900     2000    500     2000    2000    800     500     400     900     2000    1600    1100    900     600     600     800     800     1100    
	598    2011 2700    1700    1600    800     1700    500     2700    600     600     1700    1600    900     500     400     300     700     500     2700    400     
	598    2012 2700    2400    1100    900     2700    1000    1100    600     900     2400    500     800     500     700     1000    1100    900     600     300     
	598    2013 2200    1200    2200    900     2200    2200    1300    700     900     1200    1000    700     1100    2200    400     1100    400     1000    500     
	598    2014 2300    1800    2300    500     1700    1000    2300    500     500     1700    500     600     900     1000    200     2300    700     600     400     
	598    2015 1900    1900    1300    1300    1900    1100    1300    500     1300    1900    1300    800     1100    500     800     600     900     400     400     
	598    2016 1600    1500    1400    400     1500    1400    1100    300     400     1500    600     1100    600     1400    900     1000    1100    700     900     
	598    2017 2500    1100    1500    800     2500    1200    900     800     700     1100    1400    1300    1200    400     1000    900     800     400     400     
	598    2018 4700    1600    4700    1300    2000    4700    1500    400     1300    500     900     2000    2200    2500    600     1300    1400    1500    800     
	598    2019 2000    1700    2000    1700    2000    1600    900     400     1700    1300    2000    1600    1100    600     1400    900     500     600     500     
	598    2020 3400    1600    3400    600     3000    900     1700    600     300     1600    1700    3000    800     500     900     1700    900     1000    300     
	598    2021 3100    1700    3100    1000    1600    1700    2600    300     1000    900     1600    500     1700    1100    600     2600    500     800     1000    
	598    2022 2800    2800    2000    1000    2800    2000    700     1000    300     2800    1700    1000    900     2000    1400    500     700     500     900     
	598    2023 3800    1000    3800    1000    1900    1900    900     600     1000    400     600     1900    1900    300     1100    900     800     500     600     
	598    2024 1700    900     1700    700     900     1700    1000    700     500     900     500     900     900     500     1200    900     600     800     700     
	598    2025 2900    1100    2900    1100    2900    2200    1200    1100    1000    1100    1200    2300    1300    700     2200    1000    1000    800     1200    
	598    2026 -999999 900     -999999 600     -999999 -999999 -999999 500     400     900     2800    -999999 -999999 -999999 -999999 -999999 -999999 -999999 -999999 
	