EUROPEAN CLIMATE ASSESSMENT & DATASET (ECA&D), file created on: 17-05-2026
THESE DATA CAN BE USED FOR NON-COMMERCIAL RESEARCH AND EDUCATION PROVIDED THAT THE FOLLOWING SOURCE IS ACKNOWLEDGED: 

Klein Tank, A.M.G. and Coauthors, 2002. Daily dataset of 20th-century surface
air temperature and precipitation series for the European Climate Assessment.
Int. J. of Climatol., 22, 1441-1453.
Data and metadata available at http://www.ecad.eu

FILE FORMAT (MISSING VALUE CODE = -999999):

THIS FILE HOLDS DATA FOR STATION NETHERLANDS                              BAKEL (DE RIPS)                          (STAID:  20478)
LATITUDE: dd:mm:ss +51:30:00
LONGITUDE: ddd:mm:ss +005:46:59
ELEVATION: m -100

DATA IS FOR INDEX Maximum no of consecutive dry days (RR < 1 mm) (CDD) with unit 0.01 No of days

01-06 SOUID: Source identifier
08-11 YEAR : YYYY
13-20 ANNUAL DATA VALUES
21-28 WINTER HALF YEAR DATA VALUES
29-36 SUMMER HALF YEAR DATA VALUES
37-44 WINTER (DJF) DATA VALUES
45-52 SPRING (MAM) DATA VALUES
53-60 SUMMER (JJA) DATA VALUES
61-68 AUTUMN (SON) DATA VALUES
69-76 JANUARY DATA VALUES
etc. 
157-164 DECEMBER DATA VALUES

20478  1886 -999999 -999999 -999999 -999999 -999999 1600    1400    -999999 -999999 -999999 -999999 1000    800     800     700     1200    1300    300     300     
	20478  1887 4300    4300    2600    2500    1800    2600    1700    1000    2500    1700    1800    500     2200    1100    1500    900     800     1700    500     
	20478  1888 2500    2500    2400    1800    2400    600     2000    1100    1800    700     500     2400    600     400     500     2000    1600    900     1900    
	20478  1889 2000    2000    1000    1400    900     900     1400    1300    1100    900     800     800     500     500     500     1000    500     1400    700     
	20478  1890 -999999 3400    1700    2900    1400    800     1700    400     2800    1400    600     900     700     800     600     1700    700     700     -999999 
	20478  1891 -999999 -999999 1000    -999999 1300    800     1200    -999999 -999999 1300    600     700     600     800     500     1000    900     300     900     
	20478  1892 -999999 2100    1600    1000    1900    1000    -999999 900     1000    1100    1600    900     1000    1000    900     400     -999999 -999999 -999999 
	20478  1893 -999999 -999999 -999999 -999999 -999999 -999999 -999999 -999999 -999999 -999999 -999999 -999999 -999999 -999999 -999999 -999999 -999999 -999999 -999999 
	20478  1894 3100    -999999 1300    -999999 3100    1300    1500    1300    1100    1900    1100    900     1100    500     400     1100    900     1500    1300    
	20478  1895 3000    3000    1700    3000    1000    900     1800    700     2300    900     900     1000    900     900     800     1700    500     600     1400    
	20478  1896 1900    1700    1900    1700    1900    1300    1000    900     1700    600     1000    1800    600     1300    1000    400     300     1000    400     
	20478  1897 1700    1100    1500    1100    900     1200    1700    1100    900     900     700     700     800     1200    400     1200    1200    1100    1500    
	20478  1898 1400    900     1300    900     1000    1300    1400    900     400     700     1000    800     1100    500     1300    1200    1100    1200    600     
	20478  1899 3100    3100    2400    1700    1900    2000    1200    1100    1200    1900    300     800     2000    1200    1100    400     1200    1000    1700    
	20478  1900 1900    1400    1900    600     1900    1000    1500    500     500     1200    1300    1200    600     1000    700     1500    500     700     500     
	20478  1901 2300    1800    2300    1800    2300    1900    1700    1800    600     500     1000    2300    1100    1900    1000    1300    1000    800     300     
	20478  1902 2000    1600    1600    1600    1100    1300    2000    800     1600    700     600     1100    1300    600     300     1300    800     2000    1200    
	20478  1903 2700    1200    2700    1200    1400    1600    900     1200    900     900     300     1400    1300    700     500     900     600     800     2200    
	20478  1904 2800    1100    2700    1100    1600    2700    1100    1100    700     1100    1300    1600    800     2300    1000    900     800     1100    900     
	20478  1905 1900    1300    1900    1300    1600    1000    800     1300    700     500     1000    1600    600     700     1000    800     500     400     1900    
	20478  1906 1800    1000    1700    1000    1800    1000    1200    300     600     500     1700    700     1000    500     700     1100    1100    500     900     
	20478  1907 2300    1100    2300    900     1600    1500    2300    900     700     1100    900     500     500     1500    500     2300    400     800     800     
	20478  1908 2800    1400    1300    1400    1000    1300    2800    800     500     1000    300     500     600     700     600     800     2400    800     1400    
	20478  1909 1900    1300    1300    1300    1300    1200    900     900     1300    300     1100    1300    800     500     1200    700     700     900     1100    
	20478  1910 1300    1100    700     1000    1100    700     1300    1000    200     1100    600     700     700     400     500     700     1300    600     700     
	20478  1911 2900    2900    2200    2900    1500    2000    1200    1900    1000    800     1500    800     700     2000    1900    1200    700     400     300     
	20478  1912 1700    900     1700    900     1700    1600    1300    900     800     300     1600    500     600     1600    400     1300    1200    300     700     
	20478  1913 1700    1400    1700    1400    1100    1700    1200    500     1400    300     1100    800     600     1000    1700    800     700     600     600     
	20478  1914 1600    1600    1500    1600    1500    1000    1200    1600    1000    300     1500    900     700     700     1000    800     800     1200    600     
	20478  1915 2000    800     2000    700     1300    1100    1400    700     600     800     700     1300    1100    500     600     1000    1400    600     400     
	20478  1916 2800    1300    2800    1300    1400    2800    1200    700     600     400     1000    700     400     1500    1300    1000    600     1100    500     
	20478  1917 3100    3100    1700    3100    1700    800     1300    1400    1700    700     500     1200    600     700     500     1100    600     1300    1000    
	20478  1918 1900    1900    1500    1500    1800    900     1400    1000    600     1800    1000    1000    900     700     800     200     1000    600     400     
	20478  1919 2200    1000    2200    1000    2000    1600    1200    1000    1000    900     1100    2000    1400    600     1600    1200    900     400     1200    
	20478  1920 3000    1900    1400    1000    1900    1100    3000    600     800     1900    400     800     700     600     1100    1400    1600    1400    1400    
	20478  1921 3200    1600    2400    1300    1400    2400    2400    500     1300    1300    1300    700     900     1500    900     1500    1000    2400    800     
	20478  1922 2500    1600    2000    1100    1600    1000    2500    800     1100    1600    700     1400    1000    600     700     700     2500    1200    600     
	20478  1923 2600    1800    2400    700     2600    2400    1000    600     700     1800    800     500     1000    1400    1200    1000    400     800     900     
	20478  1924 2500    1800    1200    1700    1800    1200    2500    1700    600     1800    1000    500     1100    900     800     600     700     2500    1200    
	20478  1925 1900    1100    1900    900     1200    1900    1500    900     500     600     1100    1200    1100    1600    900     300     1200    1000    700     
	20478  1926 2000    2000    1300    800     2000    800     1000    800     700     2000    900     700     800     800     700     1000    800     900     1100    
	20478  1927 1800    1200    1800    1100    1800    900     1400    800     1100    1200    800     1400    300     400     600     900     1400    700     1100    
	20478  1928 2200    1800    2200    1200    1300    1800    2100    500     1200    1300    800     1000    600     1800    600     2100    600     900     700     
	20478  1929 1900    1000    1900    800     1600    1900    1700    800     700     900     900     1600    500     1900    1300    1600    1700    700     600     
	20478  1930 2200    2200    1200    1300    1100    1000    1200    500     1300    900     800     500     1000    500     800     500     1200    300     1000    
	20478  1931 1800    900     1800    700     1100    1800    1200    300     500     800     500     800     1300    500     600     500     1200    1100    700     
	20478  1932 2100    2100    2100    2100    1800    2100    1200    1800    900     1800    300     600     2100    400     900     400     200     1200    2100    
	20478  1933 2100    2100    1300    2100    1300    1300    1100    2100    700     900     1300    900     900     700     1300    1100    700     600     1200    
	20478  1934 2400    2400    2000    2400    1600    1300    1200    700     2400    800     700     1600    1100    1200    900     800     700     1200    400     
	20478  1935 1700    1700    1500    1100    1700    1300    900     1100    600     1700    300     1300    500     1300    1000    600     800     700     500     
	20478  1936 1900    1900    1400    1100    1900    1100    1500    500     1100    1900    700     800     700     300     1100    400     1200    1100    900     
	20478  1937 1900    900     1400    500     1000    1400    1900    500     400     400     400     1000    600     600     900     600     1900    900     400     
	20478  1938 1600    1400    1600    1000    1400    1600    800     300     1000    1400    1000    1400    1600    1300    600     600     700     800     1000    
	20478  1939 3300    1300    3300    1300    1500    1800    1600    600     700     600     600     1500    1800    700     900     1600    500     400     1600    
	20478  1940 1500    800     1500    800     1500    1100    1300    700     700     400     500     1500    1000    400     1000    700     1300    500     700     
	20478  1941 1600    1400    1600    1400    1600    1000    1100    1300    1300    1200    1000    1600    1000    800     200     1100    700     600     500     
	20478  1942 1800    1800    1200    1500    1100    1000    1200    1500    1500    1100    1100    700     1000    600     800     1200    600     600     500     
	20478  1943 -999999 1800    -999999 1300    1300    1100    -999999 600     1300    1300    700     1100    900     900     600     -999999 -999999 -999999 -999999 
	20478  1944 -999999 -999999 1100    -999999 1100    1100    800     -999999 -999999 900     900     900     800     800     1100    800     700     300     1000    
	20478  1945 2100    1200    1900    600     1500    1900    2100    600     400     1200    1500    1000    800     1900    400     1000    1900    1400    500     
	20478  1946 1800    1500    1800    1500    1800    900     1400    1500    500     1200    1100    1200    700     900     600     700     1400    800     1300    
	20478  1947 3100    1900    3100    1900    1100    2600    1500    1700    500     700     1100    800     700     1100    2600    500     1400    600     400     
	20478  1948 3000    3000    1100    1500    1500    1000    1200    400     1500    1500    900     1100    900     700     1000    900     700     900     1100    
	20478  1949 2100    1800    2100    1800    1900    2100    1500    1000    800     1400    1100    600     1700    1300    700     700     900     400     700     
	20478  1950 1300    1200    1200    1200    1200    800     1000    1200    400     800     800     1200    700     500     800     300     1000    600     1300    
	20478  1951 2200    1200    1100    1100    1100    900     2200    900     600     800     1100    500     900     700     700     700     2000    300     800     
	20478  1952 1800    1000    1800    1000    1800    1000    900     500     1000    1000    1800    1300    800     1000    900     900     700     800     1000    
	20478  1953 2900    1700    1400    900     1600    900     2900    800     700     1600    1200    1300    500     800     900     700     2200    1100    900     
	20478  1954 1800    1800    1500    1800    1800    600     800     1100    700     1800    1100    1500    600     600     300     500     700     800     600     
	20478  1955 1500    1200    1200    900     1200    900     900     900     800     900     1200    600     900     900     600     800     700     900     500     
	20478  1956 1300    1100    1200    800     1300    700     1200    500     800     1100    1100    800     400     300     700     1200    900     1000    400     
	20478  1957 1500    800     1500    600     1500    900     1000    600     300     600     1200    800     600     600     700     300     1000    800     900     
	20478  1958 3500    1400    3500    800     1300    900     2900    600     400     1300    600     500     900     700     600     2900    800     1700    700     
	20478  1959 3700    2100    3700    2100    900     1900    2700    600     2000    400     900     700     1200    1900    1700    2000    1800    800     800     
	20478  1960 1400    1200    1400    1200    1400    500     800     500     1100    900     600     1200    500     500     300     800     300     400     500     
	