EUROPEAN CLIMATE ASSESSMENT & DATASET (ECA&D), file created on: 17-05-2026
THESE DATA CAN BE USED FOR NON-COMMERCIAL RESEARCH AND EDUCATION PROVIDED THAT THE FOLLOWING SOURCE IS ACKNOWLEDGED: 

Klein Tank, A.M.G. and Coauthors, 2002. Daily dataset of 20th-century surface
air temperature and precipitation series for the European Climate Assessment.
Int. J. of Climatol., 22, 1441-1453.
Data and metadata available at http://www.ecad.eu

FILE FORMAT (MISSING VALUE CODE = -999999):

THIS FILE HOLDS DATA FOR STATION NETHERLANDS                              EEXT                                     (STAID:    514)
LATITUDE: dd:mm:ss +53:00:00
LONGITUDE: ddd:mm:ss +006:43:59
ELEVATION: m   16

DATA IS FOR INDEX Maximum no of consecutive dry days (RR < 1 mm) (CDD) with unit 0.01 No of days

01-06 SOUID: Source identifier
08-11 YEAR : YYYY
13-20 ANNUAL DATA VALUES
21-28 WINTER HALF YEAR DATA VALUES
29-36 SUMMER HALF YEAR DATA VALUES
37-44 WINTER (DJF) DATA VALUES
45-52 SPRING (MAM) DATA VALUES
53-60 SUMMER (JJA) DATA VALUES
61-68 AUTUMN (SON) DATA VALUES
69-76 JANUARY DATA VALUES
etc. 
157-164 DECEMBER DATA VALUES

514    1923 -999999 -999999 -999999 -999999 -999999 -999999 -999999 -999999 -999999 -999999 -999999 -999999 -999999 -999999 -999999 -999999 -999999 -999999 -999999 
	514    1924 1600    -999999 1100    -999999 1300    1100    1000    1400    1000    1300    600     500     900     700     300     600     1000    1000    1200    
	514    1925 1900    800     1900    800     1200    1700    800     800     400     400     900     1200    1700    700     1000    700     500     800     700     
	514    1926 1200    800     1200    800     900     1200    800     700     800     700     600     400     800     600     800     800     600     400     1000    
	514    1927 2600    1100    1500    1000    1400    800     1300    600     900     1100    500     900     800     600     600     900     1100    1300    2000    
	514    1928 3100    3100    2100    1100    2000    2000    2000    500     1100    2000    1000    900     600     2000    400     2000    400     300     600     
	514    1929 1500    1500    1500    1100    1500    1400    800     1100    1100    1500    1000    1400    700     1300    1400    800     600     500     600     
	514    1930 2700    2100    2700    1400    1400    2100    1600    1400    1300    1000    700     600     2100    500     1300    800     1600    1000    800     
	514    1931 1400    1400    1300    1400    1200    1300    1400    1300    1000    1200    700     600     900     500     700     1000    1200    700     1100    
	514    1932 3600    3600    1600    3600    1900    1600    1000    1800    1800    1900    700     500     1300    500     1600    700     400     1000    2100    
	514    1933 2400    2100    1600    2100    1100    1400    2400    2100    1600    1100    1100    800     1000    800     1300    1600    800     600     1700    
	514    1934 2600    1900    2000    1900    1800    1600    2500    700     1900    1000    800     1500    700     1400    1400    1200    700     2500    700     
	514    1935 1700    1600    1700    1400    1700    1100    500     1400    400     1600    500     1300    400     1100    900     500     500     500     600     
	514    1936 2000    2000    1600    1600    2000    1600    900     1000    1600    2000    1200    1000    1600    500     900     500     800     600     700     
	514    1937 2400    700     1300    700     1300    900     2400    700     200     400     800     500     400     600     900     400     1600    800     400     
	514    1938 1700    1700    1500    500     1700    1500    1300    400     500     1700    700     1500    1500    700     1000    1300    900     500     1100    
	514    1939 -999999 1200    -999999 1200    1500    -999999 -999999 600     800     700     600     1500    1000    600     -999999 -999999 -999999 500     2000    
	514    1940 -999999 -999999 -999999 -999999 -999999 -999999 900     -999999 -999999 500     -999999 -999999 -999999 -999999 500     800     700     400     600     
	514    1941 -999999 -999999 -999999 1000    -999999 -999999 -999999 1000    600     -999999 -999999 -999999 -999999 -999999 -999999 -999999 -999999 -999999 -999999 
	514    1942 -999999 -999999 -999999 -999999 -999999 -999999 -999999 -999999 -999999 -999999 -999999 -999999 -999999 -999999 -999999 -999999 -999999 -999999 -999999 
	514    1943 -999999 -999999 -999999 -999999 -999999 -999999 -999999 -999999 -999999 -999999 -999999 -999999 -999999 -999999 -999999 -999999 -999999 -999999 -999999 
	514    1944 -999999 -999999 -999999 -999999 -999999 -999999 -999999 -999999 -999999 -999999 -999999 -999999 -999999 -999999 -999999 -999999 -999999 -999999 -999999 
	514    1945 -999999 -999999 -999999 -999999 -999999 -999999 -999999 -999999 -999999 -999999 -999999 -999999 -999999 -999999 -999999 -999999 -999999 -999999 -999999 
	514    1946 -999999 -999999 -999999 -999999 -999999 -999999 -999999 -999999 -999999 -999999 -999999 -999999 -999999 -999999 -999999 -999999 -999999 -999999 -999999 
	514    1947 -999999 -999999 -999999 -999999 -999999 -999999 -999999 -999999 -999999 -999999 -999999 -999999 -999999 -999999 -999999 -999999 -999999 -999999 -999999 
	514    1948 -999999 -999999 -999999 -999999 -999999 -999999 -999999 -999999 -999999 -999999 -999999 -999999 -999999 -999999 -999999 -999999 -999999 -999999 -999999 
	514    1949 -999999 -999999 -999999 -999999 -999999 -999999 -999999 -999999 -999999 -999999 -999999 -999999 -999999 -999999 -999999 -999999 -999999 -999999 -999999 
	514    1950 -999999 -999999 -999999 -999999 -999999 -999999 -999999 -999999 -999999 -999999 -999999 -999999 -999999 -999999 -999999 -999999 -999999 -999999 -999999 
	514    1951 2200    -999999 1700    -999999 1700    1100    2200    1000    1000    900     1400    700     700     600     1100    900     1900    400     1300    
	514    1952 1500    900     1500    800     1500    700     1300    500     800     900     1200    1500    700     700     400     1300    600     700     800     
	514    1953 3100    2900    1500    2900    1700    1200    1600    2600    1100    1700    1100    1400    600     600     1200    700     1200    1600    800     
	514    1954 2900    2900    1300    2900    1700    800     700     1200    1700    1700    1200    1300    600     400     800     300     500     700     700     
	514    1955 1600    1500    1600    1300    1200    1200    800     1300    1100    600     1200    800     800     800     1200    800     700     500     400     
	514    1956 4800    4700    1500    4700    1500    700     1300    3100    1300    1100    1500    800     700     300     400     1300    700     700     600     
	514    1957 1400    1200    1300    1200    1400    1300    600     1200    500     600     1100    800     1300    300     600     400     500     600     900     
	514    1958 1800    1700    1100    600     1700    800     1700    500     200     1700    600     600     800     700     600     600     800     1700    400     
	514    1959 3500    2700    2400    2700    2400    1600    2200    800     1900    600     1000    2400    1500    1600    900     2000    1800    700     3100    
	514    1960 1400    1400    1300    500     1400    700     800     300     500     1400    700     900     700     400     400     800     300     300     400     
	514    1961 1800    1000    1000    1000    900     700     1800    700     1000    900     600     600     700     500     700     600     800     1800    1500    
	514    1962 2100    1900    1600    1100    1400    1600    2100    400     1100    1100    1400    400     1600    600     400     300     2100    900     700     
	514    1963 2400    2400    2000    1600    800     1200    800     1000    1600    800     500     800     1200    700     500     800     700     500     1600    
	514    1964 2400    2400    1000    1700    1800    1000    1800    1700    600     1800    700     900     700     1000    600     500     700     1100    200     
	514    1965 1500    1500    1400    700     1300    1400    1400    500     500     1300    500     500     700     600     1400    800     1400    1300    200     
	514    1966 1600    1200    1600    1000    1000    1100    1600    1000    600     900     300     1000    1100    300     700     1500    800     800     400     
	514    1967 1400    900     1400    900     1400    1300    1100    900     900     800     900     500     1300    600     1300    900     300     1100    400     
	514    1968 2000    1300    1700    1300    1700    1000    1000    500     1300    700     1700    700     1000    800     800     600     1000    1000    1900    
	514    1969 2300    1900    2300    700     1200    1200    2000    600     700     1200    900     800     1100    1200    800     2000    1700    800     600     
	514    1970 2000    1200    2000    800     1300    2000    1300    800     600     800     300     1300    2000    400     900     1300    1100    800     1200    
	514    1971 2200    900     2200    900     2100    2200    2100    900     400     600     1500    900     700     2100    400     2100    1100    600     800     
	514    1972 2200    1700    1000    1300    1700    1000    2200    1000    800     1700    900     700     400     1000    600     800     1800    300     1800    
	514    1973 2400    1100    2400    1100    1100    2400    1200    1100    600     1100    900     700     2400    1000    2100    1200    800     400     400     
	514    1974 3500    1100    2400    700     3500    900     800     400     700     1100    2400    600     800     300     900     800     500     500     500     
	514    1975 2000    1200    2000    1100    1200    2000    1000    700     1100    700     900     1200    1000    700     1400    900     1000    500     600     
	514    1976 2200    1300    2200    1300    2000    2200    1200    500     900     700     2000    700     1600    1200    1800    600     1000    400     300     
	514    1977 2300    1000    1800    600     1700    1300    2300    500     600     800     500     1700    1300    1200    600     1100    2300    300     700     
	514    1978 2100    1100    1300    1100    1200    1000    2100    1100    1000    500     900     1200    1000    1000    900     500     1000    1100    800     
	514    1979 1000    900     1000    900     1000    800     1000    900     700     300     1000    500     500     700     500     1000    1000    400     400     
	514    1980 2700    1500    2700    1500    2700    1000    700     1500    1300    700     800     2600    1000    800     600     700     600     500     500     
	514    1981 1500    1300    1500    1300    1100    1500    1000    1200    700     500     1100    700     800     700     1500    1000    300     400     600     
	514    1982 1800    1600    1800    1600    1000    1100    1400    1500    1600    1000    1000    1000    1000    1100    700     1300    800     600     400     
	514    1983 1600    1600    1200    1600    1300    1000    1600    400     1600    1300    400     200     800     900     1000    900     600     1300    600     
	514    1984 2800    1600    2800    1100    1400    2600    1900    300     1100    1300    1400    1100    800     900     2600    200     600     1600    500     
	514    1985 2300    2300    900     2300    800     500     1600    900     2200    400     800     700     500     500     400     900     1600    1000    500     
	514    1986 2100    1500    1600    1500    1100    1600    2100    600     1500    1100    700     500     1300    1100    1300    1500    1000    600     700     
	514    1987 1300    1200    1100    1000    1200    1100    800     900     1000    1200    1000    800     300     800     500     400     600     800     900     
	514    1988 1600    800     1500    500     1600    1300    1400    500     400     200     1500    1400    1100    400     900     600     1400    700     500     
	514    1989 1800    800     1800    800     1800    1500    1300    600     600     700     400     1800    1300    1500    700     900     400     1300    800     
	514    1990 1900    800     1900    800     1900    1000    1000    800     700     800     600     1900    1000    1000    900     600     1000    600     900     
	514    1991 2400    2200    1700    2200    1200    1300    1200    1100    1100    1200    700     900     400     700     1300    600     1200    800     1600    
	514    1992 2400    800     2400    800     1900    2400    1600    800     700     400     1100    1900    1200    1200    800     1200    500     300     1200    
	514    1993 2500    1000    2500    1000    2500    1300    2000    500     700     1000    1000    1700    1300    600     400     500     1100    1600    100     
	514    1994 1400    1400    1100    1400    900     1100    1300    600     1400    200     900     900     600     1100    1000    600     1300    900     400     
	514    1995 2800    900     2000    500     2000    1600    1100    500     500     500     1200    800     1300    1300    1200    600     1100    1100    1700    
	514    1996 2000    1800    2000    1800    2000    1000    1200    1800    500     1800    2000    500     800     1000    800     900     1200    400     800     
	514    1997 2200    1800    2200    1800    2200    1500    1500    1800    300     800     2200    1000    600     1100    1500    1500    1000    1200    500     
	514    1998 1600    1000    1600    1000    1600    900     800     1000    800     1000    400     1600    200     400     900     800     200     700     300     
	514    1999 1900    800     1900    800     1700    1300    1400    500     300     500     800     1700    800     900     500     1400    1000    500     200     
	514    2000 900     600     900     500     700     900     600     500     300     600     700     600     800     500     900     600     500     300     600     
	514    2001 1000    1000    1000    1000    1000    800     600     1000    300     700     500     1000    700     700     700     200     600     400     1000    
	514    2002 2300    1000    1500    1000    2300    800     1000    1000    500     1000    1300    800     600     700     800     1000    600     800     1400    
	514    2003 2300    2300    2200    2300    2200    1400    1400    600     2300    2000    2200    700     1000    1200    1400    1100    1400    800     1000    
	514    2004 1800    1300    1800    1300    1800    1500    1100    400     1300    800     1800    1800    500     600     900     1100    800     300     1400    
	514    2005 1800    800     1300    700     700     900     1800    600     600     400     600     700     800     900     500     900     1800    400     600     
	514    2006 2200    1700    2200    1700    1500    1800    2200    1100    900     1300    600     1500    1800    1100    400     2200    900     600     900     
	514    2007 4300    800     3500    800     4300    900     1200    400     600     800     3000    500     800     300     900     400     1200    700     1400    
	514    2008 1500    1500    1500    1500    1400    700     1500    400     1500    300     1000    1400    600     500     700     1500    600     600     1200    
	514    2009 1700    1200    1700    1200    1700    900     1300    800     400     700     1700    500     700     400     900     1300    700     200     500     
	514    2010 2000    800     2000    800     1700    2000    800     800     700     700     1700    1600    1100    900     300     400     800     700     500     
	514    2011 2300    1600    1600    800     1600    700     2300    700     800     1600    1600    500     700     500     200     1300    1200    2300    400     
	514    2012 2700    2200    1400    800     2700    1200    1000    500     800     2200    500     1400    600     700     600     1000    600     700     300     
	514    2013 2600    1200    2600    900     1200    2600    1200    900     800     1200    800     700     1100    2400    1200    1000    400     400     400     
	514    2014 2000    1300    2000    500     1300    1000    1900    500     500     1300    400     800     800     1000    600     1900    400     700     600     
	514    2015 1400    1000    1200    900     1200    1000    1400    400     900     1000    1200    800     700     300     1000    600     1000    400     300     
	514    2016 1500    1200    1300    500     1200    800     1500    300     500     1200    600     1100    800     300     800     1300    1500    1000    600     
	514    2017 1400    1400    1200    1400    1000    1200    900     1400    1100    800     1000    700     1200    400     900     900     800     500     500     
	514    2018 2000    1700    1800    1400    1500    1800    2000    400     1400    700     800     1500    700     1800    800     800     2000    700     500     
	514    2019 1900    800     1900    800     1900    1400    700     400     800     700     1900    900     900     1000    1300    400     500     700     700     
	514    2020 2800    1700    2700    700     2800    1600    1300    700     500     1700    2700    1000    700     500     1200    1300    600     500     400     
	514    2021 -999999 -999999 1400    -999999 1400    1300    1000    -999999 1000    1000    1400    400     1300    800     500     1000    500     700     1000    
	514    2022 3600    1500    3600    700     3600    1600    700     700     300     1300    2100    1500    1400    900     1600    500     700     700     1000    
	514    2023 2800    1100    2800    1100    1000    1900    1100    600     1100    400     500     1000    1900    300     1000    1100    200     300     500     
	514    2024 1100    -999999 1100    -999999 1000    800     1100    600     -999999 1000    500     1000    800     600     700     1100    600     800     600     
	514    2025 2400    1200    2400    1200    1900    2400    1200    1100    900     1000    1100    1900    1100    700     2400    1000    700     600     1200    
	514    2026 -999999 -999999 -999999 1000    -999999 -999999 -999999 1000    300     -999999 -999999 -999999 -999999 -999999 -999999 -999999 -999999 -999999 -999999 
	