EUROPEAN CLIMATE ASSESSMENT & DATASET (ECA&D), file created on: 17-05-2026
THESE DATA CAN BE USED FOR NON-COMMERCIAL RESEARCH AND EDUCATION PROVIDED THAT THE FOLLOWING SOURCE IS ACKNOWLEDGED: 

Klein Tank, A.M.G. and Coauthors, 2002. Daily dataset of 20th-century surface
air temperature and precipitation series for the European Climate Assessment.
Int. J. of Climatol., 22, 1441-1453.
Data and metadata available at http://www.ecad.eu

FILE FORMAT (MISSING VALUE CODE = -999999):

THIS FILE HOLDS DATA FOR STATION NETHERLANDS                              DELFZIJL                                 (STAID:    511)
LATITUDE: dd:mm:ss +53:19:00
LONGITUDE: ddd:mm:ss +006:55:59
ELEVATION: m    2

DATA IS FOR INDEX Maximum no of consecutive dry days (RR < 1 mm) (CDD) with unit 0.01 No of days

01-06 SOUID: Source identifier
08-11 YEAR : YYYY
13-20 ANNUAL DATA VALUES
21-28 WINTER HALF YEAR DATA VALUES
29-36 SUMMER HALF YEAR DATA VALUES
37-44 WINTER (DJF) DATA VALUES
45-52 SPRING (MAM) DATA VALUES
53-60 SUMMER (JJA) DATA VALUES
61-68 AUTUMN (SON) DATA VALUES
69-76 JANUARY DATA VALUES
etc. 
157-164 DECEMBER DATA VALUES

511    1904 -999999 -999999 -999999 -999999 -999999 -999999 -999999 -999999 -999999 -999999 -999999 -999999 -999999 -999999 -999999 -999999 -999999 -999999 300     
	511    1905 1800    -999999 1800    1200    1800    900     1100    1200    700     700     600     1800    900     800     500     1100    200     1000    400     
	511    1906 1800    700     1700    700     1800    1400    1300    700     500     700     1700    300     1000    700     700     1200    700     400     800     
	511    1907 2300    1000    2300    800     1500    1200    2300    600     800     1000    1200    900     400     1200    500     2300    500     1100    700     
	511    1908 1700    1200    1500    1200    900     1500    1700    800     600     900     800     500     1200    700     1000    900     1400    1100    1700    
	511    1909 1900    1600    1100    1200    1100    1000    1200    900     1200    900     1000    1100    600     500     1000    1000    500     500     800     
	511    1910 1900    1300    1200    700     1900    1000    1000    700     400     1300    600     1200    1000    900     600     700     1000    400     300     
	511    1911 1700    1500    1700    1500    1700    1500    600     600     1500    1000    1700    1000    700     1300    1500    400     600     600     200     
	511    1912 1800    1500    1800    1500    1800    1700    1100    1500    500     500     1700    400     600     1700    300     1100    1100    300     400     
	511    1913 1800    1700    1800    1700    1200    1800    1600    1600    1100    500     900     700     700     900     1800    800     1600    400     600     
	511    1914 3100    2000    3100    2000    1200    2100    1000    2000    1000    400     900     1200    1100    900     2100    1000    900     500     400     
	511    1915 1700    800     1700    700     1700    1200    1300    700     600     500     700     1100    1200    600     700     900     1300    600     400     
	511    1916 1800    1400    1800    600     1400    1800    1100    500     600     1400    1000    1000    500     1400    800     1000    900     1000    500     
	511    1917 3500    3500    2800    3500    1500    2000    1500    1900    1600    1500    700     1000    2000    1100    700     1200    400     500     900     
	511    1918 1800    1800    1600    1200    1800    1000    900     700     600     1800    700     1100    800     700     800     300     500     900     400     
	511    1919 2300    2300    1300    2300    1300    1100    1200    1400    900     1300    900     1300    600     700     1100    1200    900     900     1000    
	511    1920 4100    1200    1300    1200    1100    1300    4100    600     1200    1100    300     700     1300    500     800     700     2800    1400    1600    
	511    1921 3000    2900    2600    1300    2600    2600    2300    600     1300    2600    600     1600    400     2200    500     1200    1600    2300    700     
	511    1922 1500    1500    800     1500    1200    500     1400    1400    1200    1200    800     600     500     500     500     800     1400    900     400     
	511    1923 1800    1600    1800    1600    1600    1800    1300    600     1600    1600    1000    600     400     1400    1300    1300    300     600     400     
	511    1924 -999999 -999999 -999999 -999999 -999999 1000    1700    -999999 -999999 -999999 -999999 -999999 900     500     600     400     800     1700    1000    
	511    1925 1600    1000    1600    1000    1200    1500    1200    1000    500     600     1100    1200    1500    1300    700     700     600     1200    900     
	511    1926 1200    1200    1100    900     1000    900     800     500     900     900     600     400     600     800     900     800     600     700     700     
	511    1927 2700    1400    1300    1400    1300    700     900     700     1300    1300    300     1000    700     700     600     700     900     900     2100    
	511    1928 3200    3200    1400    1200    2000    800     1000    300     1200    2000    1400    900     600     800     400     1000    900     400     300     
	511    1929 -999999 -999999 -999999 -999999 -999999 -999999 -999999 -999999 -999999 -999999 -999999 -999999 -999999 -999999 800     1600    800     -999999 -999999 
	511    1930 -999999 -999999 -999999 -999999 -999999 -999999 -999999 -999999 -999999 -999999 -999999 -999999 -999999 -999999 -999999 -999999 1000    400     -999999 
	511    1931 -999999 -999999 -999999 -999999 -999999 -999999 1100    -999999 -999999 -999999 -999999 -999999 -999999 -999999 500     600     1100    1100    -999999 
	511    1932 -999999 -999999 -999999 -999999 -999999 -999999 -999999 -999999 -999999 -999999 -999999 -999999 -999999 -999999 -999999 -999999 -999999 -999999 -999999 
	511    1933 -999999 -999999 -999999 -999999 -999999 -999999 1200    -999999 -999999 -999999 -999999 -999999 -999999 -999999 -999999 1100    400     500     -999999 
	511    1934 -999999 -999999 -999999 -999999 -999999 -999999 -999999 -999999 -999999 -999999 -999999 -999999 -999999 -999999 -999999 -999999 -999999 1900    500     
	511    1935 -999999 -999999 -999999 700     -999999 -999999 500     700     300     -999999 -999999 -999999 -999999 -999999 -999999 500     500     500     600     
	511    1936 -999999 900     -999999 500     1100    -999999 -999999 300     500     900     500     1000    900     300     -999999 -999999 -999999 1000    -999999 
	511    1937 -999999 -999999 -999999 -999999 -999999 -999999 -999999 -999999 -999999 -999999 -999999 -999999 700     900     -999999 -999999 -999999 -999999 -999999 
	511    1938 -999999 -999999 -999999 -999999 -999999 -999999 -999999 -999999 -999999 -999999 -999999 -999999 -999999 -999999 -999999 -999999 -999999 -999999 -999999 
	511    1939 -999999 -999999 -999999 -999999 -999999 -999999 -999999 -999999 -999999 -999999 -999999 -999999 -999999 -999999 -999999 -999999 -999999 -999999 -999999 
	511    1940 -999999 -999999 -999999 -999999 -999999 -999999 -999999 -999999 -999999 -999999 -999999 -999999 -999999 -999999 -999999 -999999 -999999 -999999 -999999 
	511    1941 -999999 -999999 -999999 -999999 -999999 -999999 -999999 -999999 -999999 -999999 -999999 -999999 -999999 -999999 -999999 -999999 -999999 -999999 -999999 
	511    1942 -999999 -999999 -999999 -999999 -999999 -999999 -999999 -999999 -999999 -999999 -999999 -999999 -999999 -999999 -999999 -999999 -999999 -999999 -999999 
	511    1943 -999999 -999999 -999999 -999999 -999999 -999999 -999999 -999999 -999999 -999999 -999999 -999999 -999999 -999999 -999999 -999999 -999999 -999999 -999999 
	511    1944 -999999 -999999 -999999 -999999 -999999 -999999 -999999 -999999 -999999 -999999 -999999 -999999 -999999 -999999 -999999 -999999 -999999 -999999 -999999 
	511    1945 -999999 -999999 -999999 -999999 -999999 -999999 -999999 -999999 -999999 -999999 -999999 -999999 -999999 -999999 -999999 -999999 -999999 -999999 -999999 
	511    1946 -999999 -999999 -999999 -999999 -999999 -999999 -999999 -999999 -999999 -999999 -999999 -999999 -999999 -999999 -999999 -999999 -999999 -999999 -999999 
	511    1947 -999999 -999999 -999999 -999999 -999999 -999999 -999999 -999999 -999999 -999999 -999999 -999999 -999999 -999999 -999999 -999999 -999999 -999999 -999999 
	511    1948 -999999 -999999 -999999 -999999 -999999 -999999 -999999 -999999 -999999 -999999 -999999 -999999 -999999 -999999 -999999 -999999 -999999 -999999 -999999 
	511    1949 -999999 -999999 -999999 -999999 -999999 -999999 -999999 -999999 -999999 -999999 -999999 -999999 -999999 -999999 -999999 -999999 -999999 -999999 -999999 
	511    1950 -999999 -999999 -999999 -999999 -999999 -999999 -999999 -999999 -999999 -999999 -999999 -999999 -999999 -999999 -999999 -999999 -999999 -999999 -999999 
	511    1951 3600    -999999 3600    -999999 1700    3200    2700    1100    400     900     1400    1200    2900    900     700     1300    1900    700     700     
	511    1952 6100    1300    6000    1300    6100    700     600     500     1300    1000    3000    3000    500     500     600     500     600     500     800     
	511    1953 2700    2000    1100    1400    1700    1000    1400    1400    1100    1700    1100    800     900     500     1000    400     800     1400    1300    
	511    1954 1800    1800    1600    1800    1600    800     600     1200    1500    1600    1200    1300    700     300     800     300     300     600     600     
	511    1955 4400    1700    4400    1100    1200    4400    800     1100    1100    800     1200    800     600     1300    3100    600     700     700     400     
	511    1956 2700    2500    1300    800     2700    800     1300    500     800     2500    1000    800     800     700     400     1300    900     800     500     
	511    1957 1600    1200    1500    1200    1600    1100    1000    1200    500     700     1300    800     1100    300     600     300     1000    600     900     
	511    1958 1800    1100    1100    600     1100    1000    1700    500     300     1100    800     700     1000    900     600     500     800     1700    400     
	511    1959 2500    1500    2400    1500    2400    1700    2200    600     1400    600     1000    2400    1500    1700    1500    1700    1800    1200    1300    
	511    1960 2600    2600    1800    700     2600    900     800     400     500     2600    900     1200    900     500     400     800     200     300     600     
	511    1961 1800    1000    1300    1000    1000    700     1800    600     1000    900     800     1000    700     300     700     1300    900     1800    1500    
	511    1962 2100    1500    1900    1300    1900    1600    2100    500     1300    500     1400    500     1600    600     600     800     2100    600     700     
	511    1963 2000    1800    1200    1100    800     800     1000    1000    1100    700     500     800     800     700     300     1000    800     400     1600    
	511    1964 2400    2400    1100    1900    1800    800     1000    1900    600     1800    1000    1100    700     800     600     800     600     900     400     
	511    1965 1900    800     1900    700     900     1900    1700    500     700     600     500     600     700     900     1900    800     1400    1700    200     
	511    1966 1700    1100    1700    1100    700     1100    1500    1100    1000    600     300     700     1100    300     800     1500    700     300     300     
	511    1967 1500    1500    1500    1500    1000    1500    1300    1100    1500    900     900     400     1500    700     1200    700     300     1300    400     
	511    1968 2000    1300    1600    1300    1600    1000    1000    500     1300    800     1600    700     800     900     1000    900     1000    800     1900    
	511    1969 2000    1500    1800    1000    1500    1700    2000    1000    600     1500    900     600     1100    1700    900     1500    2000    300     700     
	511    1970 2200    1300    2200    900     1800    2000    800     900     500     1300    500     1800    2000    400     900     800     600     800     700     
	511    1971 2100    1300    2100    1300    2100    1400    2100    1300    700     1000    1500    900     700     1300    800     2100    1100    600     800     
	511    1972 2200    1700    2000    1300    1700    1200    2200    1000    800     1700    600     600     800     1200    1200    800     1800    500     2100    
	511    1973 2800    2000    2400    1500    2000    2400    1500    1100    600     2000    800     700     2400    1000    1100    1500    800     500     800     
	511    1974 3200    1100    2100    1100    3200    800     800     500     1100    1100    2100    600     800     500     800     800     300     500     500     
	511    1975 2600    1200    2100    1100    900     2100    2600    700     1100    700     900     500     1100    700     1400    600     2600    500     1800    
	511    1976 2300    1500    2300    1300    2000    2300    900     500     900     1500    2000    600     1100    1200    2300    600     800     700     300     
	511    1977 1400    800     1400    600     1400    1200    1200    400     400     700     400     1400    1200    700     600     1200    1200    300     1200    
	511    1978 1500    1000    1300    1000    1300    1000    1500    600     1000    600     900     800     1000    800     600     300     1000    1100    900     
	511    1979 1700    1700    1000    1500    1000    1000    1000    1000    1500    400     1000    500     1000    700     400     1000    1000    400     400     
	511    1980 1900    1500    1900    1400    1900    900     700     1400    1400    1200    800     1900    600     900     700     700     400     500     400     
	511    1981 1500    800     1500    800     1400    800     1100    600     800     500     1400    700     600     600     800     1100    400     300     1400    
	511    1982 2000    1600    2000    1600    1000    2000    1800    1400    1600    1000    1000    1000    1000    1600    600     1800    800     800     400     
	511    1983 1600    1200    1600    1000    1200    1400    1400    400     1000    1200    400     300     800     1300    1400    900     600     1300    700     
	511    1984 2500    1400    2500    1200    1700    2500    2200    500     1200    1300    1500    500     800     1200    2500    400     600     1900    500     
	511    1985 2200    2200    1800    2200    1800    400     1600    900     2200    400     900     1800    300     400     400     800     1600    1000    600     
	511    1986 3200    2900    1600    2600    1000    1600    3200    600     2600    1000    800     800     1300    1000    800     1500    1700    600     700     
	511    1987 1400    1400    1000    1400    1200    1000    800     1200    1400    1200    900     900     300     700     600     300     600     800     900     
	511    1988 1600    1100    1500    1100    1600    1100    1600    1100    400     200     1500    1400    1100    400     900     1000    1600    700     500     
	511    1989 2000    1300    2000    1300    1800    1300    1300    1000    700     700     400     1800    1300    1100    700     900     400     1300    800     
	511    1990 1800    1200    1800    1200    1800    1800    1000    1200    700     800     600     1800    1100    1800    900     600     1000    500     600     
	511    1991 2800    2400    2000    2400    1200    600     1500    1000    1400    1200    700     800     300     600     600     1500    800     1200    1600    
	511    1992 2200    1300    2200    1300    2100    1200    1100    1200    700     400     1000    2100    1200    700     800     1100    400     200     1000    
	511    1993 2600    1800    2600    1800    2600    1300    1800    700     1500    1500    800     1800    1300    300     400     600     1100    1600    200     
	511    1994 1700    1000    1700    1000    1000    1700    1700    600     1000    200     900     1000    600     1700    1000    600     1700    1000    200     
	511    1995 3200    1500    2500    500     1500    2500    1400    500     300     500     800     700     1300    1100    2100    700     1400    1100    2100    
	511    1996 2500    2500    2000    2500    2200    1300    1200    2200    500     2200    2000    500     900     1300    900     1200    1200    400     1000    
	511    1997 2100    1800    2100    1800    1400    2100    1500    1800    400     1300    1400    1000    600     1100    2100    1500    900     1200    500     
	511    1998 1700    800     1700    800     1700    900     900     700     800     600     300     1700    300     700     900     900     100     700     400     
	511    1999 1900    600     1900    400     1700    1500    1400    300     300     600     600     1700    900     1400    600     1400    1000    500     400     
	511    2000 1200    800     1200    600     1200    900     600     600     300     800     700     1200    600     800     600     600     500     300     700     
	511    2001 1300    1100    1000    1100    1000    900     700     1100    400     700     500     1000    700     900     900     200     700     200     1300    
	511    2002 2300    1300    1700    1300    2300    1000    900     1000    500     1000    1300    1700    500     1000    900     900     800     500     2000    
	511    2003 2300    2300    1800    2300    2000    1800    1000    400     2300    2000    1400    700     900     1100    1700    1000    1000    800     500     
	511    2004 1600    1500    1600    1300    1500    1600    1000    400     1300    1100    800     1500    500     600     1000    1000    800     300     1300    
	511    2005 1800    800     1200    800     700     1100    1800    500     600     500     600     700     1100    900     600     700     1800    600     700     
	511    2006 1900    1300    1900    1200    1300    1200    1900    1000    900     1300    800     1300    1200    1100    400     1900    1400    600     800     
	511    2007 2400    1000    2200    700     2400    800     1300    400     700     600     2200    500     800     400     700     400     1300    800     1100    
	511    2008 2000    800     2000    800     1400    700     2000    300     700     300     800     1400    600     500     700     2000    500     600     1200    
	511    2009 2300    1200    2300    1200    1700    1200    2300    800     400     800     1700    500     1000    400     900     2300    800     300     500     
	511    2010 2000    800     2000    800     2000    1500    800     800     700     500     2000    1100    1100    700     500     600     800     500     500     
	511    2011 3500    1600    1600    1100    1600    800     3500    700     1100    1600    1600    900     400     700     800     800     600     2900    500     
	511    2012 1900    1400    1400    1000    1900    700     1000    500     1000    1400    500     1400    600     700     700     1000    600     1000    300     
	511    2013 2600    1500    2600    900     1100    2600    700     900     900     1100    800     700     1100    2400    1300    500     400     400     400     
	511    2014 2100    2100    1900    700     1400    1000    1900    400     700     1400    500     800     900     1000    500     1900    700     600     600     
	511    2015 2300    1000    2300    900     2300    1000    1400    600     900     1000    2300    800     700     300     1000    600     1000    400     300     
	511    2016 1300    1100    1300    400     1100    800     1300    300     400     1100    700     1100    800     400     400     1300    900     1000    800     
	511    2017 1200    1200    1200    1200    1000    1200    1100    1200    1100    700     1000    700     1200    300     800     1100    800     300     800     
	511    2018 1900    1700    1700    1400    1500    1700    1900    400     1400    700     700     1500    1200    1700    700     800     1900    1500    500     
	511    2019 1900    1100    1900    1000    1900    1100    1000    400     1000    700     1900    900     900     700     1100    1000    500     700     700     
	511    2020 2500    1000    2500    700     2500    900     1500    700     500     1000    2500    900     500     900     900     1300    800     1400    500     
	511    2021 -999999 -999999 1600    -999999 1400    1100    1600    -999999 1000    700     1400    500     1100    800     400     1600    500     700     1000    
	511    2022 3100    1600    3100    700     3100    1600    1100    700     400     1300    2100    1000    500     900     1600    500     1100    500     1000    
	511    2023 3900    1100    3900    1100    2000    1900    1000    600     1100    300     900     2000    1900    300     1000    1000    100     300     400     
	511    2024 1200    -999999 1100    -999999 1000    800     1200    600     -999999 800     500     1000    800     400     700     1100    500     900     700     
	511    2025 2700    1100    2700    1100    2700    1700    600     1100    800     1000    1400    2100    1100    600     1700    600     600     400     2100    
	511    2026 -999999 -999999 -999999 1200    -999999 -999999 -999999 1200    400     -999999 -999999 -999999 -999999 -999999 -999999 -999999 -999999 -999999 -999999 
	