EUROPEAN CLIMATE ASSESSMENT & DATASET (ECA&D), file created on: 17-05-2026
THESE DATA CAN BE USED FOR NON-COMMERCIAL RESEARCH AND EDUCATION PROVIDED THAT THE FOLLOWING SOURCE IS ACKNOWLEDGED: 

Klein Tank, A.M.G. and Coauthors, 2002. Daily dataset of 20th-century surface
air temperature and precipitation series for the European Climate Assessment.
Int. J. of Climatol., 22, 1441-1453.
Data and metadata available at http://www.ecad.eu

FILE FORMAT (MISSING VALUE CODE = -999999):

THIS FILE HOLDS DATA FOR STATION NETHERLANDS                              EMMELOORD                                (STAID:    532)
LATITUDE: dd:mm:ss +52:43:00
LONGITUDE: ddd:mm:ss +005:46:59
ELEVATION: m   -4

DATA IS FOR INDEX Maximum no of consecutive dry days (RR < 1 mm) (CDD) with unit 0.01 No of days

01-06 SOUID: Source identifier
08-11 YEAR : YYYY
13-20 ANNUAL DATA VALUES
21-28 WINTER HALF YEAR DATA VALUES
29-36 SUMMER HALF YEAR DATA VALUES
37-44 WINTER (DJF) DATA VALUES
45-52 SPRING (MAM) DATA VALUES
53-60 SUMMER (JJA) DATA VALUES
61-68 AUTUMN (SON) DATA VALUES
69-76 JANUARY DATA VALUES
etc. 
157-164 DECEMBER DATA VALUES

532    1941 -999999 -999999 -999999 -999999 -999999 1900    1500    -999999 -999999 -999999 -999999 1300    1600    800     500     1500    800     700     800     
	532    1942 3100    3100    3000    2100    3000    1200    1100    2100    1500    1500    2000    1000    1200    500     600     1100    400     800     800     
	532    1943 3100    3100    2000    1300    1800    2000    1400    900     1300    1800    1200    1100    900     1800    600     1200    1400    600     1500    
	532    1944 2100    2100    1900    1900    1300    1900    1300    600     1900    1100    1000    700     1000    700     1800    1300    800     200     800     
	532    1945 1400    1000    1400    800     1400    1300    1400    800     300     1000    1400    1100    700     1300    500     1300    900     1400    600     
	532    1946 1900    1600    1900    1600    1900    900     1500    1600    400     900     1700    1200    400     900     500     700     1500    700     1300    
	532    1947 2400    1900    2400    1900    2100    2400    1000    700     1300    400     900     2100    600     1100    2400    700     800     400     300     
	532    1948 2100    2100    1400    1500    1400    1400    1200    200     1500    900     1400    1100    1000    1400    1000    700     700     1200    1100    
	532    1949 2400    1300    1600    800     1500    1600    2400    800     800     1300    800     600     1300    1200    1200    800     1600    600     500     
	532    1950 1600    1400    1600    1400    900     1300    900     1400    400     800     900     900     1300    400     600     200     900     400     1600    
	532    1951 2200    1400    1400    1200    1100    900     2200    1000    400     1000    1100    700     900     800     400     900     2000    400     800     
	532    1952 2000    1700    2000    1700    2000    1000    800     800     1700    1000    1300    2000    800     800     600     800     800     300     700     
	532    1953 2100    2100    1400    1700    1600    1000    1200    1400    1100    1600    1200    1300    1000    600     1000    600     1200    1000    800     
	532    1954 1800    1800    1300    1800    1600    700     600     1100    700     1600    1300    1300    400     300     700     300     300     600     700     
	532    1955 1500    1500    1400    1200    1200    1400    800     1200    1100    800     1200    800     600     1300    800     800     800     800     500     
	532    1956 1800    1100    1800    700     1400    1000    1800    500     700     1100    1300    800     1000    400     400     1800    800     1000    600     
	532    1957 1500    1100    1100    1100    1500    1100    1000    1100    400     500     1100    800     1100    300     700     400     1000    600     700     
	532    1958 2200    1300    1000    600     1300    1000    2000    600     200     1300    600     500     1000    900     300     500     800     2000    500     
	532    1959 2600    2100    2200    2100    1400    1700    2600    500     2000    400     1300    1400    1700    1700    800     2000    1700    700     700     
	532    1960 1900    1200    1900    500     1900    800     900     400     500     1200    900     1200    700     300     800     900     200     300     500     
	532    1961 1500    1000    1000    1000    900     700     1400    600     1000    900     500     900     700     600     700     700     800     1400    1500    
	532    1962 2100    1200    1500    1100    1500    800     2100    400     1100    1100    1000    500     800     700     400     400     2100    600     700     
	532    1963 2100    1900    1800    1100    900     1000    1800    1100    1100    800     600     900     700     700     300     1800    1000    500     1600    
	532    1964 2400    2400    1100    1100    1800    1000    1000    1100    600     1800    800     1100    600     1000    400     700     600     900     400     
	532    1965 1500    1500    1200    900     1300    1200    1400    700     900     1300    400     600     700     300     1200    900     1400    1300    300     
	532    1966 1500    1300    1500    1300    800     1200    1500    1300    600     600     300     800     1000    300     1200    1500    800     300     300     
	532    1967 1100    800     1100    800     800     1100    1100    800     700     700     800     400     800     700     1100    600     300     1100    400     
	532    1968 2200    1300    1700    1300    1700    800     1000    400     1300    900     1700    500     800     500     700     700     1000    800     1500    
	532    1969 1800    1200    1800    900     1200    1800    1700    900     400     1200    900     700     1100    1200    1100    1500    1700    300     600     
	532    1970 2200    1200    2200    700     1100    2200    1300    700     400     800     400     1100    2200    300     1400    1300    1100    800     900     
	532    1971 2100    600     1500    600     2100    1200    1800    600     400     600     1500    900     600     1100    400     1300    1200    600     800     
	532    1972 3000    1400    1500    1400    1400    900     3000    1000    800     1400    900     700     700     900     700     1200    1800    300     1800    
	532    1973 2400    2000    2400    1000    2000    2400    1200    1000    600     2000    1000    500     2400    500     2100    1200    800     700     600     
	532    1974 3200    1100    2100    1000    3200    1000    800     500     1000    1100    2100    700     800     400     1000    800     300     400     500     
	532    1975 2100    1200    2100    1100    900     2100    1400    600     1100    300     900     600     1000    700     1400    900     1400    800     700     
	532    1976 2600    1300    2600    1300    1500    2600    900     500     1000    1100    1500    800     1600    1200    2600    700     700     500     400     
	532    1977 1600    700     1600    600     1500    1500    1500    400     500     400     500     1500    500     1500    500     1500    1400    400     600     
	532    1978 1400    1100    1200    1100    1300    800     1400    1100    900     600     1100    800     500     800     700     600     1400    900     800     
	532    1979 1000    1000    1000    1000    600     1000    1000    1000    800     300     600     500     500     700     1000    1000    900     300     300     
	532    1980 3000    1600    3000    1400    3000    800     700     1400    1400    1200    900     2800    500     800     700     700     600     500     400     
	532    1981 2500    1300    2000    1300    2500    1700    1000    1200    1200    500     2000    500     600     600     1700    1000    300     600     600     
	532    1982 1700    1400    1700    1400    1600    1100    1700    1200    1400    900     1600    1100    700     1100    400     1700    800     600     400     
	532    1983 2300    1700    2300    1700    1300    2300    1700    400     1700    1300    300     300     1200    2200    1700    900     400     1300    600     
	532    1984 3400    1200    3400    1100    3400    2400    700     400     1100    1200    1900    1500    800     1200    2400    300     700     700     500     
	532    1985 2200    2200    900     2200    900     500     1300    600     2200    400     800     900     300     500     400     900     1300    1000    200     
	532    1986 2300    1400    2300    1400    1400    2300    2100    400     1400    1400    700     800     2000    1100    1000    1500    700     400     500     
	532    1987 1400    1300    1400    1300    1200    1400    1000    1300    1100    1200    900     700     400     1400    500     600     600     800     600     
	532    1988 1600    800     1500    500     1600    1100    1300    400     500     200     1500    1500    1100    200     900     500     1300    700     500     
	532    1989 1800    900     1800    900     1600    1800    1400    600     600     700     500     1600    1800    1600    800     900     400     1400    900     
	532    1990 1700    900     1700    800     1600    1700    900     700     700     900     500     1600    1200    1700    900     500     900     500     900     
	532    1991 2400    2100    2400    2100    1500    1200    1500    1100    1000    1200    800     1500    400     700     1100    1500    900     800     1600    
	532    1992 2100    1300    2100    1300    1900    2100    1000    1200    700     500     900     1900    2100    500     800     1000    400     300     1200    
	532    1993 1700    1700    1600    1700    1600    1300    1700    500     1500    1000    800     800     1300    400     600     400     1100    1600    200     
	532    1994 1900    1300    1900    1300    1000    1900    1600    600     1300    400     900     700     700     1900    900     300     1600    600     200     
	532    1995 2600    1500    2600    500     1800    2600    1500    500     300     500     1100    700     1300    900     2200    700     1500    700     1100    
	532    1996 3100    3100    2000    3100    2000    1300    1300    2100    1000    1600    2000    600     800     1300    1100    900     1300    400     900     
	532    1997 2000    1800    2000    1800    1500    2000    1600    1800    300     900     1500    1000    600     900     2000    1600    800     600     600     
	532    1998 1600    1300    1600    1300    1500    1600    1000    800     1300    600     300     1500    200     1100    1600    1000    200     500     400     
	532    1999 1500    600     1500    600     1500    1300    1200    300     400     600     800     1500    900     900     500     1200    1000    400     200     
	532    2000 1300    1200    1300    1200    1300    800     600     1200    300     500     900     1300    600     800     600     600     400     300     600     
	532    2001 1300    1300    1000    1300    1000    800     700     1300    300     500     400     1000    800     600     700     200     700     300     1300    
	532    2002 2300    1000    1300    1000    2300    900     1000    1000    500     1000    1300    700     500     900     900     1000    600     900     1300    
	532    2003 2300    2300    1800    2300    2000    1800    1200    400     2300    2000    1400    700     1000    700     1700    1100    1000    1200    500     
	532    2004 1600    1600    1500    700     1400    1500    1200    400     700     1100    1100    1400    800     600     900     1200    800     400     1400    
	532    2005 1800    1000    1300    700     1000    1100    1800    700     600     1000    600     700     1100    900     1000    900     1800    400     500     
	532    2006 2200    1700    2200    1700    1500    1200    2200    1100    900     1300    1500    1500    1200    800     400     2200    1000    600     1100    
	532    2007 3700    1000    3500    900     3700    1200    1300    400     500     800     3000    500     1200    500     1000    500     1300    1000    1300    
	532    2008 1500    1500    1400    1500    1400    600     1000    300     1500    400     900     1400    600     300     600     1000    600     600     1200    
	532    2009 2400    1200    2400    1000    1600    900     2400    800     600     1200    1600    800     800     400     900     2400    500     200     500     
	532    2010 2500    700     2500    600     2500    1300    1600    500     600     700     2500    1600    1100    600     400     500     800     1600    300     
	532    2011 2900    1700    2800    800     2800    1100    2900    700     700     1600    1900    900     400     1100    300     1200    600     2900    500     
	532    2012 2700    2200    1600    800     2700    1600    1000    500     800     2200    500     700     500     700     1600    1000    800     600     200     
	532    2013 2200    1300    2200    1000    2100    2200    1300    1000    600     1300    1300    600     1100    2200    700     1100    500     1000    400     
	532    2014 2000    1800    2000    500     1700    900     1900    500     500     1700    500     700     900     800     500     1900    700     700     600     
	532    2015 1400    1000    1100    900     1100    1000    1400    400     900     1000    1100    600     700     400     1000    600     1000    400     400     
	532    2016 2000    1900    2000    800     1900    800     2000    500     800     1900    500     1100    800     500     700     2000    1000    1000    800     
	532    2017 1300    1300    1200    1300    1200    1200    1000    1300    800     800     1000    1200    1200    400     900     1000    800     300     400     
	532    2018 3600    1700    3600    1400    1100    3600    2200    400     1400    500     900     1100    900     2700    600     600     2200    1500    600     
	532    2019 2100    800     2100    700     2100    1500    700     600     700     700     2100    800     1000    700     800     600     500     700     700     
	532    2020 2800    1700    2700    700     2800    1200    1300    700     400     1700    2700    1100    800     500     1200    1300    800     700     400     
	532    2021 1700    1700    1300    1000    1300    1200    1100    300     1000    900     1300    400     1200    800     700     1100    500     500     400     
	532    2022 3100    1900    3100    1000    3100    1500    800     1000    400     1500    2100    1000    900     1300    1500    500     800     500     1000    
	532    2023 3500    1100    3500    1100    1600    1900    1000    600     1100    500     700     1600    1900    300     1000    1000    700     200     400     
	532    2024 1300    1000    1300    500     1100    1300    1200    500     500     1000    400     1100    1300    600     700     1200    600     900     700     
	532    2025 4300    3200    1900    1200    4200    1600    1200    1100    1000    3100    1100    1900    1200    500     1600    1000    1000    700     1200    
	532    2026 -999999 1100    -999999 1100    -999999 -999999 -999999 1100    900     900     1000    -999999 -999999 -999999 -999999 -999999 -999999 -999999 -999999 
	