EUROPEAN CLIMATE ASSESSMENT & DATASET (ECA&D), file created on: 17-05-2026
THESE DATA CAN BE USED FOR NON-COMMERCIAL RESEARCH AND EDUCATION PROVIDED THAT THE FOLLOWING SOURCE IS ACKNOWLEDGED: 

Klein Tank, A.M.G. and Coauthors, 2002. Daily dataset of 20th-century surface
air temperature and precipitation series for the European Climate Assessment.
Int. J. of Climatol., 22, 1441-1453.
Data and metadata available at http://www.ecad.eu

FILE FORMAT (MISSING VALUE CODE = -999999):

THIS FILE HOLDS DATA FOR STATION NETHERLANDS                              DOORN (KASTEEL)                          (STAID:  20508)
LATITUDE: dd:mm:ss +52:01:57
LONGITUDE: ddd:mm:ss +005:20:21
ELEVATION: m -100

DATA IS FOR INDEX Maximum no of consecutive dry days (RR < 1 mm) (CDD) with unit 0.01 No of days

01-06 SOUID: Source identifier
08-11 YEAR : YYYY
13-20 ANNUAL DATA VALUES
21-28 WINTER HALF YEAR DATA VALUES
29-36 SUMMER HALF YEAR DATA VALUES
37-44 WINTER (DJF) DATA VALUES
45-52 SPRING (MAM) DATA VALUES
53-60 SUMMER (JJA) DATA VALUES
61-68 AUTUMN (SON) DATA VALUES
69-76 JANUARY DATA VALUES
etc. 
157-164 DECEMBER DATA VALUES

20508  1920 -999999 -999999 1500    -999999 -999999 1500    2500    -999999 -999999 -999999 400     500     1500    500     700     900     1600    1400    1800    
	20508  1921 3000    1400    2500    1200    1400    2500    2300    400     1000    1400    1200    1200    900     2500    500     1700    1700    2300    800     
	20508  1922 2400    1600    2000    1100    1600    1200    2400    400     1100    1600    500     1300    1200    500     400     300     2400    900     800     
	20508  1923 1900    1400    1900    800     1900    1900    800     400     800     1400    1100    500     600     1400    1400    600     100     800     600     
	20508  1924 1800    1800    1200    1800    1600    1200    1500    700     1800    1600    1000    500     1000    1000    600     400     900     1500    1000    
	20508  1925 2100    1100    2100    800     1300    2000    1300    800     400     400     600     1300    2000    900     600     500     1100    1300    700     
	20508  1926 1500    1400    1500    1400    1100    1100    800     1400    1000    1100    600     400     800     1000    1000    800     600     600     900     
	20508  1927 1400    1300    1300    1000    1300    600     1000    900     1000    1300    700     600     500     300     600     700     1000    600     1100    
	20508  1928 2000    1900    2000    1300    1000    2000    1100    300     1300    1000    700     800     600     2000    400     1100    600     700     1000    
	20508  1929 2000    1300    2000    1300    1400    2000    800     900     700     900     900     1400    500     2000    700     800     600     500     400     
	20508  1930 2100    2100    1100    1200    1300    900     500     700     1200    900     1100    1100    900     500     700     500     400     300     600     
	20508  1931 2800    2800    1500    600     2700    1500    1400    500     600     2700    300     600     1000    500     700     600     1200    1400    400     
	20508  1932 1900    1900    1400    1700    1900    1400    1000    1700    1200    1900    400     600     1400    500     800     600     400     1000    1800    
	20508  1933 2500    1800    1500    1800    1500    1000    1100    1800    700     1100    1500    1000    800     800     1000    1100    400     600     1900    
	20508  1934 2100    2100    1600    2100    1400    1600    700     700     2100    800     600     900     1100    1300    800     700     400     700     500     
	20508  1935 1900    1600    1900    500     1900    1100    500     500     400     1600    600     1300    400     1100    800     400     400     500     700     
	20508  1936 1300    1300    1300    900     1300    1100    900     600     900     1300    700     700     700     300     1100    400     900     700     900     
	20508  1937 1300    600     1300    500     1200    1300    1200    500     100     400     400     1200    600     400     1000    400     1100    900     400     
	20508  1938 1500    1400    1500    1400    1500    1300    900     300     1400    800     400     1500    1300    1100    600     700     700     900     1200    
	20508  1939 2300    1200    2300    1200    1300    1600    800     400     800     400     700     1300    1000    600     1600    500     400     300     2100    
	20508  1940 2800    2000    1700    2000    1700    1100    1300    1400    1500    900     500     1700    1100    300     600     700     1300    400     600     
	20508  1941 1600    1600    1600    1600    1600    1000    1500    1400    700     1100    900     1600    900     1000    300     1500    800     500     500     
	20508  1942 3000    1800    3000    1500    3000    1200    900     1400    1500    1200    2100    900     1200    400     600     900     600     800     500     
	20508  1943 3100    3100    2300    1200    1900    2300    1400    400     1200    1900    1100    1100    600     1900    500     900     1400    700     1000    
	20508  1944 1900    1900    1900    1900    1300    1900    1200    300     1900    1100    700     700     800     700     1800    1200    1100    300     1000    
	20508  1945 1400    1100    1400    600     1400    1200    1000    600     300     1100    800     1400    700     1200    700     1000    800     700     700     
	20508  1946 1900    1500    1900    1500    1900    900     1900    1500    400     1200    1100    1200    600     900     700     600     1900    500     1200    
	20508  1947 2900    1200    2900    1200    1000    2400    1000    1100    1200    400     1000    700     800     2000    2400    500     900     400     600     
	20508  1948 3000    3000    1300    1500    1500    1300    900     200     1500    1500    800     1300    900     1300    900     600     700     900     700     
	20508  1949 2100    1700    2100    1700    1300    2100    800     1000    800     1000    800     1300    1700    1200    1500    700     800     600     700     
	20508  1950 1600    1200    1600    1000    1000    1300    1000    1000    400     800     800     1000    1300    500     600     200     1000    500     800     
	20508  1951 2200    1500    1400    600     1000    1100    2200    400     500     1000    1000    700     1100    700     600     800     2000    200     600     
	20508  1952 1900    800     1900    800     1900    1100    900     500     800     800     1900    1400    800     1000    1100    700     900     300     700     
	20508  1953 2000    1700    1400    800     1400    1000    2000    800     700     1400    1400    1300    500     600     1000    900     1300    1100    800     
	20508  1954 -999999 1800    -999999 1800    1700    -999999 -999999 1100    700     1700    1500    1400    400     -999999 -999999 -999999 -999999 -999999 -999999 
	