EUROPEAN CLIMATE ASSESSMENT & DATASET (ECA&D), file created on: 17-05-2026
THESE DATA CAN BE USED FOR NON-COMMERCIAL RESEARCH AND EDUCATION PROVIDED THAT THE FOLLOWING SOURCE IS ACKNOWLEDGED: 

Klein Tank, A.M.G. and Coauthors, 2002. Daily dataset of 20th-century surface
air temperature and precipitation series for the European Climate Assessment.
Int. J. of Climatol., 22, 1441-1453.
Data and metadata available at http://www.ecad.eu

FILE FORMAT (MISSING VALUE CODE = -999999):

THIS FILE HOLDS DATA FOR STATION NETHERLANDS                              ZEEWOLDE                                 (STAID:   2557)
LATITUDE: dd:mm:ss +52:22:59
LONGITUDE: ddd:mm:ss +005:22:00
ELEVATION: m   -3

DATA IS FOR INDEX Maximum no of consecutive dry days (RR < 1 mm) (CDD) with unit 0.01 No of days

01-06 SOUID: Source identifier
08-11 YEAR : YYYY
13-20 ANNUAL DATA VALUES
21-28 WINTER HALF YEAR DATA VALUES
29-36 SUMMER HALF YEAR DATA VALUES
37-44 WINTER (DJF) DATA VALUES
45-52 SPRING (MAM) DATA VALUES
53-60 SUMMER (JJA) DATA VALUES
61-68 AUTUMN (SON) DATA VALUES
69-76 JANUARY DATA VALUES
etc. 
157-164 DECEMBER DATA VALUES

2557   1969 -999999 -999999 -999999 -999999 -999999 -999999 -999999 -999999 -999999 -999999 -999999 -999999 -999999 -999999 -999999 -999999 -999999 300     600     
	2557   1970 2800    -999999 2800    700     900     2200    1300    700     400     700     500     900     2200    400     1400    1300    1100    800     1300    
	2557   1971 2200    1000    2200    1000    2000    1700    2200    800     900     500     1500    800     700     1600    500     2200    1200    600     900     
	2557   1972 3000    1900    1400    1400    1900    1200    3000    1000    800     1900    900     600     400     1200    600     1200    1800    400     1800    
	2557   1973 3700    2300    2400    2300    2100    2400    1200    1900    600     2100    800     400     2400    400     2100    1200    800     700     400     
	2557   1974 3300    1100    2200    800     3300    1400    500     500     800     1100    2200    700     800     400     1400    500     200     400     500     
	2557   1975 2300    1100    2300    1100    2200    2100    1500    600     1100    400     900     2200    1100    900     1400    900     1500    500     1100    
	2557   1976 2900    1500    2900    1500    1500    2900    800     400     1500    1100    1500    800     1600    1200    2900    700     800     500     400     
	2557   1977 2000    800     2000    600     1800    2000    1900    400     600     800     500     1800    1100    1600    500     1900    1000    500     700     
	2557   1978 2000    1100    2000    1100    1500    1400    1100    1100    700     500     900     1500    700     1200    1100    500     1100    900     800     
	2557   1979 1500    800     1500    800     900     1500    1100    700     800     400     500     900     800     1500    700     1000    1100    700     400     
	2557   1980 2400    1900    2400    1400    2400    800     1000    1400    1400    1100    900     1900    800     800     600     1000    600     500     400     
	2557   1981 2100    1500    2100    1500    2100    1100    1000    500     1500    300     1800    300     900     500     1100    1000    300     600     900     
	2557   1982 1800    1400    1800    1400    1100    1600    1800    1300    1400    1000    1000    1100    800     1400    300     1800    800     600     500     
	2557   1983 2500    2000    2500    2000    1300    2500    1800    500     2000    1300    500     200     800     2500    900     900     600     1400    600     
	2557   1984 2800    1200    2800    1100    2100    2600    900     500     1100    1200    1900    600     800     900     2600    300     700     700     500     
	2557   1985 2800    2800    1200    2800    1000    1200    1900    900     2800    500     1000    1000    500     1200    500     900     1900    600     500     
	2557   1986 3400    3400    1600    3100    1100    1600    2100    400     2800    1100    800     1100    1300    1500    900     1500    1000    400     400     
	2557   1987 1600    1400    1600    1400    1200    1600    900     1200    1400    1200    1000    700     500     1300    300     500     600     900     900     
	2557   1988 2500    1100    2500    1100    1200    2500    800     1100    700     200     1200    900     2500    600     900     600     800     800     500     
	2557   1989 1600    1000    1600    1000    1600    1300    1200    1000    600     700     500     1600    1300    1200    1000    900     400     1200    800     
	2557   1990 3800    3200    1700    3200    1600    1700    1100    3000    700     900     600     1600    1000    1700    800     500     1100    500     600     
	2557   1991 2700    2100    2300    2100    1200    900     1400    1100    1000    1200    900     1000    200     600     900     1400    900     1100    1600    
	2557   1992 1800    1300    1800    1300    1800    1500    800     1200    700     500     1000    1800    1200    700     800     800     500     500     1100    
	2557   1993 1700    1000    1600    900     1600    1500    1700    400     900     1000    800     800     1200    400     400     300     1100    1500    300     
	2557   1994 1700    1200    1700    1200    1000    1700    1600    500     1200    500     900     500     900     1700    800     600     1600    800     400     
	2557   1995 2800    1200    2700    500     1500    2700    1200    300     500     500     900     600     1300    400     2300    500     1200    1200    1700    
	2557   1996 3100    3100    2000    3100    2000    1300    800     2200    900     1500    2000    600     1300    1300    800     800     800     400     1400    
	2557   1997 2000    1900    2000    1900    1900    2000    1600    1800    400     900     1900    900     600     1400    2000    1600    800     600     800     
	2557   1998 1600    1300    1600    1300    1600    1600    1000    800     1300    700     300     1600    400     900     1600    1000    200     700     300     
	2557   1999 1900    600     1900    600     1200    1500    1400    300     400     600     800     700     900     1500    500     1400    1100    400     200     
	2557   2000 1900    1100    1900    1100    1900    800     600     1100    400     500     600     1500    600     800     600     600     400     300     600     
	2557   2001 1300    1100    1300    1100    1300    1100    700     1100    800     500     500     1300    1100    600     1000    200     700     700     1000    
	2557   2002 2200    1100    1200    1100    2200    1000    1000    1000    600     1000    1200    700     500     800     1000    1000    600     900     1300    
	2557   2003 2300    2200    2300    2200    2300    2300    1300    600     2200    2000    2300    700     1200    1200    2100    900     1300    1200    1000    
	2557   2004 1700    1300    1500    1300    1300    1500    1200    300     1300    1000    1100    1300    600     600     900     1200    1000    300     1500    
	2557   2005 1700    1100    1400    700     1100    1100    1700    700     600     1100    600     600     1100    900     800     900     1700    500     500     
	2557   2006 1500    1500    1500    1500    1500    1200    1500    1100    900     1400    500     1500    1200    1100    400     1500    1100    600     1100    
	2557   2007 2900    1100    2900    800     2900    1000    1300    400     600     1000    2400    500     700     200     1000    500     1300    600     1300    
	2557   2008 1600    1600    1500    1600    1300    1000    1500    400     1600    300     700     1300    600     400     1000    1500    600     600     1200    
	2557   2009 1500    1000    1400    1000    1000    700     1400    800     800     800     900     700     600     400     700     1400    500     200     500     
	2557   2010 2100    1200    2100    1200    2100    1400    1600    600     1200    900     2100    1700    1200    700     400     500     800     1600    1100    
	2557   2011 2000    1300    1600    700     1600    900     2000    600     700     1200    1600    900     300     600     300     1200    1100    2000    500     
	2557   2012 2700    2200    1100    800     2700    800     1000    500     800     2200    700     900     500     700     800     1000    600     600     100     
	2557   2013 2300    1400    1500    1100    2300    1500    1300    1100    700     1400    900     700     1100    1500    700     1100    500     400     700     
	2557   2014 1900    1700    1900    500     1700    1100    1900    500     400     1700    500     700     700     1100    300     1900    700     600     600     
	2557   2015 1500    1500    1200    1100    1500    1100    1400    400     1100    1500    1200    800     1100    400     800     600     1000    400     400     
	2557   2016 1300    1300    1100    500     1300    800     1100    500     400     1300    600     1100    800     500     800     1000    1100    900     1000    
	2557   2017 1600    1100    1600    800     1100    1200    900     800     400     1100    1000    1100    1200    500     900     900     700     400     300     
	2557   2018 2200    1700    1800    1400    800     1800    2200    400     1400    600     800     800     900     1700    600     800     2200    1500    600     
	2557   2019 2000    1700    2000    1700    2000    1600    700     600     1700    700     2000    800     1100    1000    1000    600     500     700     700     
	2557   2020 3000    1800    1700    300     3000    700     1700    300     300     1800    1400    1100    700     400     700     1700    600     700     400     
	2557   2021 -999999 -999999 1300    -999999 1300    1200    1100    -999999 1000    900     1300    500     1200    800     600     1100    500     700     400     
	2557   2022 3200    3200    3100    900     3100    1400    800     900     400     2900    2100    1000    1400    1300    1300    500     800     800     1000    
	2557   2023 3500    1100    3500    1100    1600    1900    900     500     1100    500     700     1600    1900    300     1300    900     700     300     400     
	2557   2024 1200    -999999 1200    -999999 1000    1100    1200    600     -999999 400     600     1000    900     600     700     1200    600     900     600     
	2557   2025 4300    3200    2200    1200    4200    2200    1100    1200    900     3100    1100    1700    1100    700     2200    900     1000    700     1200    
	2557   2026 -999999 -999999 -999999 1100    -999999 -999999 -999999 1100    300     -999999 -999999 -999999 -999999 -999999 -999999 -999999 -999999 -999999 -999999 
	