EUROPEAN CLIMATE ASSESSMENT & DATASET (ECA&D), file created on: 17-05-2026
THESE DATA CAN BE USED FOR NON-COMMERCIAL RESEARCH AND EDUCATION PROVIDED THAT THE FOLLOWING SOURCE IS ACKNOWLEDGED: 

Klein Tank, A.M.G. and Coauthors, 2002. Daily dataset of 20th-century surface
air temperature and precipitation series for the European Climate Assessment.
Int. J. of Climatol., 22, 1441-1453.
Data and metadata available at http://www.ecad.eu

FILE FORMAT (MISSING VALUE CODE = -999999):

THIS FILE HOLDS DATA FOR STATION NETHERLANDS                              BERGEN OP ZOOM                           (STAID:   2369)
LATITUDE: dd:mm:ss +51:30:00
LONGITUDE: ddd:mm:ss +004:15:00
ELEVATION: m    2

DATA IS FOR INDEX Maximum no of consecutive dry days (RR < 1 mm) (CDD) with unit 0.01 No of days

01-06 SOUID: Source identifier
08-11 YEAR : YYYY
13-20 ANNUAL DATA VALUES
21-28 WINTER HALF YEAR DATA VALUES
29-36 SUMMER HALF YEAR DATA VALUES
37-44 WINTER (DJF) DATA VALUES
45-52 SPRING (MAM) DATA VALUES
53-60 SUMMER (JJA) DATA VALUES
61-68 AUTUMN (SON) DATA VALUES
69-76 JANUARY DATA VALUES
etc. 
157-164 DECEMBER DATA VALUES

2369   1905 -999999 -999999 -999999 -999999 -999999 -999999 700     -999999 -999999 -999999 -999999 -999999 -999999 -999999 -999999 -999999 400     600     1200    
	2369   1906 2300    600     1700    600     2300    1200    1200    400     500     600     1600    600     1200    700     700     1000    400     700     1000    
	2369   1907 2200    1400    2200    1400    1500    1700    2200    1300    1400    1200    400     800     400     1700    500     2200    500     1200    1700    
	2369   1908 2200    1700    1800    1700    1700    1800    1800    1600    1400    1700    800     600     1200    1000    600     900     1300    1000    1000    
	2369   1909 2300    2300    1500    1700    1500    800     1100    1700    1200    1100    1000    1500    700     600     600     1100    400     900     800     
	2369   1910 2000    1300    1700    1000    2000    1700    1100    800     400     1300    700     1300    1700    1500    700     700     1100    400     500     
	2369   1911 2400    2400    1900    2400    1500    1700    1200    1400    1000    1000    1400    1500    900     1700    1400    1200    700     600     300     
	2369   1912 2300    1100    2300    1100    1900    2300    1800    1100    600     400     1700    800     500     2300    300     1800    1200    600     700     
	2369   1913 2200    2200    1300    1900    700     1300    900     1000    1900    400     600     700     600     500     1300    800     900     900     -999999 
	2369   1914 -999999 -999999 1800    -999999 1500    1800    1000    -999999 1400    500     1500    900     800     600     1800    1000    800     800     400     
	2369   1915 2100    1200    2000    1200    1700    1300    2100    900     1200    800     1700    1100    1300    600     700     1800    2100    500     300     
	2369   1916 2700    900     2700    900     900     2700    2200    300     600     800     800     800     700     1400    1300    1000    600     2200    400     
	2369   1917 5300    5300    1800    4200    1800    1000    1200    1400    2800    1100    1100    700     800     1000    700     1200    600     1100    1900    
	2369   1918 1600    1600    1600    1600    900     1200    900     1000    800     800     800     900     800     700     1000    500     800     900     400     
	2369   1919 -999999 2200    -999999 2200    -999999 -999999 -999999 800     1400    1800    1000    -999999 -999999 -999999 -999999 -999999 -999999 -999999 -999999 
	2369   1920 -999999 -999999 -999999 -999999 -999999 -999999 -999999 -999999 -999999 -999999 -999999 -999999 -999999 -999999 -999999 -999999 -999999 -999999 -999999 
	2369   1921 -999999 -999999 -999999 -999999 -999999 -999999 -999999 -999999 -999999 -999999 -999999 -999999 -999999 -999999 -999999 -999999 -999999 -999999 -999999 
	2369   1922 -999999 -999999 -999999 -999999 -999999 -999999 -999999 -999999 -999999 -999999 -999999 -999999 -999999 -999999 -999999 -999999 -999999 -999999 -999999 
	2369   1923 -999999 -999999 -999999 -999999 -999999 -999999 -999999 -999999 -999999 -999999 -999999 -999999 -999999 -999999 -999999 -999999 -999999 -999999 -999999 
	2369   1924 -999999 -999999 -999999 -999999 -999999 -999999 -999999 -999999 -999999 -999999 -999999 -999999 -999999 -999999 -999999 -999999 -999999 -999999 -999999 
	2369   1925 2400    -999999 2400    -999999 1500    1900    1600    800     500     400     900     1500    1900    800     700     400     1200    1000    600     
	2369   1926 1600    1600    1200    700     1600    1200    900     600     700     1600    700     800     600     1200    600     900     700     400     900     
	2369   1927 2100    1000    1200    1000    1200    600     2100    400     1000    700     500     1100    500     600     600     400     2100    600     1600    
	2369   1928 1900    1900    1400    1300    1300    1200    1100    400     1300    1300    600     900     600     800     900     1100    300     700     500     
	2369   1929 2500    2500    2000    1300    2100    2000    800     1100    1300    2100    1300    1700    500     2000    1000    800     700     600     800     
	2369   1930 2400    2400    2100    1300    1400    1500    1000    700     1300    1200    800     600     1500    500     1000    500     1000    300     700     
	2369   1931 1400    1300    1400    1000    1300    1400    1300    500     800     1300    900     1000    1000    400     500     1200    1300    1300    900     
	2369   1932 1900    1600    1700    1600    1600    1700    800     1600    1400    1600    300     500     1700    400     1600    600     300     800     1900    
	2369   1933 3600    1900    2400    1900    3600    2200    1600    1700    600     1200    2400    900     1000    600     2000    1100    1000    700     2700    
	2369   1934 2700    2700    1500    2500    1700    1400    600     700     2500    1000    700     1400    1100    1200    1400    600     600     600     200     
	2369   1935 2200    1700    2200    700     2000    2200    800     500     700     1700    600     1400    500     1200    1300    800     700     300     700     
	2369   1936 2100    1600    2100    1100    1700    2000    900     600     1100    1600    1700    1000    700     400     2000    600     900     700     700     
	2369   1937 2000    700     2000    500     1300    1400    1000    500     200     600     800     1100    900     800     1200    500     1000    800     500     
	2369   1938 2400    2400    1800    1100    2400    1800    1300    400     1100    2400    800     1500    1800    900     1000    1300    900     1300    1300    
	2369   1939 -999999 -999999 -999999 -999999 -999999 -999999 -999999 300     -999999 -999999 -999999 -999999 -999999 -999999 -999999 -999999 -999999 -999999 -999999 
	2369   1940 -999999 -999999 -999999 -999999 -999999 -999999 1200    -999999 -999999 -999999 -999999 -999999 -999999 -999999 1100    800     1200    200     800     
	2369   1941 -999999 1400    3400    1100    2100    3400    -999999 1100    700     1400    900     2000    2300    1100    200     1500    -999999 -999999 -999999 
	2369   1942 -999999 -999999 -999999 -999999 -999999 -999999 -999999 -999999 -999999 -999999 -999999 -999999 -999999 -999999 -999999 -999999 -999999 -999999 -999999 
	2369   1943 -999999 -999999 -999999 -999999 -999999 -999999 -999999 -999999 -999999 -999999 -999999 -999999 -999999 -999999 -999999 -999999 -999999 -999999 -999999 
	2369   1944 -999999 -999999 -999999 -999999 -999999 -999999 -999999 -999999 -999999 -999999 -999999 -999999 -999999 -999999 -999999 -999999 -999999 -999999 -999999 
	2369   1945 -999999 -999999 -999999 -999999 -999999 -999999 -999999 -999999 -999999 -999999 -999999 -999999 -999999 -999999 -999999 -999999 -999999 -999999 -999999 
	2369   1946 -999999 -999999 -999999 -999999 -999999 -999999 -999999 -999999 -999999 -999999 -999999 -999999 -999999 -999999 -999999 -999999 -999999 -999999 -999999 
	2369   1947 -999999 -999999 -999999 -999999 -999999 -999999 -999999 -999999 -999999 -999999 -999999 -999999 -999999 -999999 -999999 -999999 -999999 -999999 -999999 
	2369   1948 -999999 -999999 -999999 -999999 -999999 -999999 -999999 -999999 -999999 -999999 -999999 -999999 -999999 -999999 -999999 -999999 -999999 -999999 -999999 
	2369   1949 -999999 -999999 -999999 -999999 -999999 -999999 -999999 -999999 -999999 -999999 -999999 -999999 -999999 -999999 -999999 -999999 -999999 -999999 -999999 
	2369   1950 -999999 -999999 -999999 -999999 -999999 -999999 -999999 -999999 -999999 -999999 -999999 -999999 -999999 -999999 -999999 -999999 -999999 -999999 -999999 
	2369   1951 2200    -999999 1400    -999999 1300    1000    2200    400     600     900     1300    700     1000    700     600     700     1900    300     1400    
	2369   1952 1600    1500    1600    1200    1600    1100    800     500     1200    700     1100    1600    800     1000    1100    700     600     800     700     
	2369   1953 3600    2400    1400    2400    1700    1400    3600    2400    700     1700    1200    1000    1000    800     1400    800     2900    1100    800     
	2369   1954 1700    1600    1700    1600    1700    800     900     1000    600     1100    1400    1700    600     400     700     900     700     600     600     
	2369   1955 2100    800     2100    700     1900    1700    800     700     500     800     1900    600     1500    1400    1700    800     700     600     500     
	2369   1956 2000    1700    1900    1300    2000    800     1400    500     1300    1700    1100    1000    800     400     400     1400    900     800     900     
	2369   1957 1300    1100    1300    1100    1300    1300    1100    1100    400     500     900     800     1300    500     500     300     700     1100    500     
	2369   1958 3000    1400    1200    600     1400    1200    2300    500     400     1400    500     400     1200    800     600     1000    1000    2300    700     
	2369   1959 3700    2800    3700    2800    2500    1700    2000    800     2000    300     800     2500    1700    1600    1700    2000    900     800     900     
	2369   1960 1400    1400    1400    1400    1400    1400    800     300     1300    900     1000    1100    1400    500     800     800     300     300     400     
	2369   1961 1700    1700    1300    1200    1700    900     1300    800     1200    1700    700     1100    700     900     800     1300    900     900     700     
	2369   1962 1900    1900    1700    1200    1700    1400    1000    600     1200    800     1200    500     1400    500     500     900     1000    700     700     
	2369   1963 2100    2000    1300    1400    1000    800     1300    800     1200    800     800     800     700     800     500     1300    900     500     1600    
	2369   1964 1700    1700    1500    1300    1200    1200    1000    1300    500     1200    800     1100    500     900     1200    500     700     900     800     
	2369   1965 1500    1100    1300    1100    1300    1000    1500    300     1100    700     600     1300    800     200     600     600     1500    700     300     
	2369   1966 1500    1100    1500    1100    900     900     1400    1100    600     400     600     600     900     300     800     1400    400     300     200     
	2369   1967 1200    900     1200    900     900     1200    1100    900     900     600     800     200     900     700     1200    900     700     1100    400     
	2369   1968 1600    1200    1600    800     1600    800     1600    400     800     500     1600    600     600     700     800     700     1200    1600    1600    
	2369   1969 2400    1100    1700    900     1100    1300    2400    900     700     1100    900     800     1100    1300    600     1600    2200    300     600     
	2369   1970 4100    1300    4100    700     1500    2600    1200    700     600     1000    300     1500    2600    500     1200    800     1200    400     1300    
	2369   1971 2300    2000    2300    2000    2000    2200    2200    2000    1000    500     1500    1100    900     2100    400     2200    1100    400     900     
	2369   1972 3000    1500    2100    1000    1500    1300    3000    700     800     1500    900     700     700     900     1300    1200    1800    900     2100    
	2369   1973 3500    1900    2000    1900    1800    2000    1200    1400    400     1800    400     400     1700    1000    1900    1200    900     1100    900     
	2369   1974 2100    1100    1300    800     2100    1300    400     600     600     1100    1100    900     800     700     1300    400     400     400     700     
	2369   1975 1800    1100    1500    1100    1500    1000    1800    600     1100    200     900     1500    1000    600     900     500     1800    800     700     
	2369   1976 2600    1300    2600    1300    1900    2600    700     800     1000    1100    1700    800     1700    1600    2500    500     700     400     400     
	2369   1977 1800    1000    1800    600     1000    1800    1100    400     500     600     700     1000    400     1600    400     1100    1100    500     1400    
	2369   1978 1500    1000    1400    1000    1200    1400    1500    1000    700     300     900     800     700     1000    1400    1200    1500    900     800     
	2369   1979 1400    700     1400    700     1000    1200    1400    700     700     500     1000    500     700     700     500     1400    1100    700     400     
	2369   1980 2000    1400    2000    1400    2000    800     1300    1400    800     1100    1000    2000    800     800     800     600     500     1000    500     
	2369   1981 1800    1300    1800    1300    1100    1700    700     400     1300    400     1100    400     600     800     1700    700     300     500     600     
	2369   1982 1900    1500    1900    1500    1600    1200    1900    1100    1500    900     1600    1300    900     1200    400     1900    800     600     900     
	2369   1983 1800    1600    1600    1600    1300    1600    1800    400     1600    1300    300     500     1500    1600    1400    900     900     1400    800     
	2369   1984 2200    1300    2200    1100    2100    2000    700     500     1100    1300    1900    400     800     1000    2000    300     700     700     600     
	2369   1985 2000    2000    1500    2000    1200    1200    1900    700     2000    600     1200    1000    500     1200    400     800     1900    600     400     
	2369   1986 2900    2900    1400    2600    1400    1400    1900    400     2600    1400    600     800     1100    1400    700     1300    1000    600     500     
	2369   1987 1600    1500    1600    1500    1300    1600    1300    1500    700     1300    700     700     400     1300    700     500     500     1000    900     
	2369   1988 2500    900     2500    700     1600    2500    800     400     700     400     1100    1600    2500    400     900     600     800     800     400     
	2369   1989 2100    1700    2100    1700    1900    2000    1200    1400    800     800     500     1900    1300    2000    900     900     500     1200    1100    
	2369   1990 1800    900     1800    700     1600    1800    900     500     600     900     600     1600    1000    1800    1500    900     900     500     600     
	2369   1991 2400    1900    2300    1900    1600    1100    1400    1200    700     1000    1000    1600    600     600     1000    1400    1200    900     1500    
	2369   1992 1300    1300    1300    1300    1100    1300    1300    1200    600     700     900     1100    800     700     600     800     500     400     1100    
	2369   1993 1800    1800    1500    1800    1600    900     1600    500     1500    1600    800     900     900     500     500     400     1000    1500    300     
	2369   1994 2400    1000    2400    1000    900     2400    1700    500     1000    400     900     500     2100    1700    900     600     1700    1000    500     
	2369   1995 2900    1300    2900    400     1200    2900    1200    400     300     500     800     1100    1300    1100    2400    500     1200    1100    1700    
	2369   1996 2200    2200    1200    2200    1600    1200    900     2100    500     1600    1200    1000    1000    1200    700     900     600     300     1400    
	2369   1997 2200    1800    1900    1800    1900    1900    2200    1800    400     1200    1900    1000    500     1200    1900    1700    1700    500     700     
	2369   1998 2000    1300    2000    1300    2000    1600    900     1200    1300    1300    300     2000    700     900     1600    900     200     600     300     
	2369   1999 2000    900     2000    700     1100    1200    1400    300     400     900     600     1000    1100    900     600     1400    1000    400     200     
	2369   2000 1400    1400    1400    1400    1400    1000    800     1400    400     500     700     700     800     800     1000    800     400     300     600     
	2369   2001 1400    1000    1400    1000    1400    900     1000    1000    800     500     400     1400    900     400     800     300     1000    700     1300    
	2369   2002 2400    1100    1300    1000    2400    700     1000    900     400     1100    1300    700     500     700     700     1000    500     600     900     
	2369   2003 2200    2000    2200    2000    2200    1900    1300    1100    2000    2000    2200    600     1300    1300    1700    900     1300    800     1000    
	2369   2004 1700    1000    1200    1000    1200    1100    1000    200     700     1000    1100    1200    700     600     500     1000    900     400     1500    
	2369   2005 1600    1000    1600    900     1200    1600    1600    600     900     1000    800     1200    1200    1600    600     800     1600    600     600     
	2369   2006 1700    1700    1500    1700    1400    1400    1500    1100    600     1300    900     1400    1100    900     400     1500    800     400     900     
	2369   2007 3700    1100    3500    1100    3700    900     1000    400     700     700     3000    500     700     400     900     600     1000    400     1400    
	2369   2008 1800    1800    1600    1800    1300    1600    1000    500     1800    300     800     1300    1500    500     900     1000    700     700     1100    
	2369   2009 2000    1000    2000    900     1000    2000    2000    800     500     1000    900     900     1500    500     700     1600    700     400     600     
	2369   2010 2100    1100    2100    1100    2100    1300    1200    1100    500     600     2100    900     1100    1000    400     600     1200    800     500     
	2369   2011 2900    1800    1700    1500    1700    700     2900    600     900     1700    1700    800     400     700     400     1200    600     2900    500     
	2369   2012 2900    2400    1100    1000    2900    800     1000    500     1000    2400    500     1100    500     700     800     1000    500     600     400     
	2369   2013 2200    900     2200    800     1600    2200    1300    500     800     800     900     700     1100    2200    900     1100    600     800     500     
	2369   2014 1800    1700    1800    500     1700    1600    1800    500     500     1700    900     700     1600    500     200     1800    500     1300    400     
	2369   2015 2000    2000    1500    1400    2000    1500    1000    400     1400    2000    1300    700     1100    700     900     600     700     300     800     
	2369   2016 1900    1100    1500    600     1100    1000    1600    600     600     1100    700     600     1000    900     800     1500    1100    1000    900     
	2369   2017 2100    1300    2100    1300    1300    2100    1000    1300    800     1000    1300    1300    2100    500     900     800     1000    400     400     
	2369   2018 3800    1500    3800    1400    1900    3800    1400    400     1400    400     1300    1900    2300    1500    600     700     1400    1300    600     
	2369   2019 1700    1700    1600    1700    1500    1600    1000    400     1700    1400    1500    800     1100    1200    700     1000    500     700     500     
	2369   2020 3100    1100    3100    1000    2800    800     1900    1000    500     1100    1700    2800    600     800     700     1900    700     700     400     
	2369   2021 3500    1700    3500    1000    1700    1300    2600    300     1000    900     1700    700     1200    1300    900     2600    600     700     1100    
	2369   2022 3600    3300    3600    700     3600    1900    800     700     400     2900    2100    1500    900     1900    1600    400     700     800     700     
	2369   2023 3500    1200    3500    1200    1600    1900    1700    600     1200    400     900     1600    1900    400     1200    900     1000    300     600     
	2369   2024 1200    900     900     800     800     700     1200    800     300     400     500     800     700     500     700     900     800     1000    700     
	2369   2025 2900    1500    2900    1200    2900    1800    1400    1200    1000    1500    1100    2300    1700    700     1800    1000    1400    1100    1300    
	2369   2026 -999999 1000    -999999 600     -999999 -999999 -999999 600     400     1000    1700    -999999 -999999 -999999 -999999 -999999 -999999 -999999 -999999 
	