EUROPEAN CLIMATE ASSESSMENT & DATASET (ECA&D), file created on: 17-05-2026
THESE DATA CAN BE USED FOR NON-COMMERCIAL RESEARCH AND EDUCATION PROVIDED THAT THE FOLLOWING SOURCE IS ACKNOWLEDGED: 

Klein Tank, A.M.G. and Coauthors, 2002. Daily dataset of 20th-century surface
air temperature and precipitation series for the European Climate Assessment.
Int. J. of Climatol., 22, 1441-1453.
Data and metadata available at http://www.ecad.eu

FILE FORMAT (MISSING VALUE CODE = -999999):

THIS FILE HOLDS DATA FOR STATION NETHERLANDS                              MEPPEL                                   (STAID:  20561)
LATITUDE: dd:mm:ss +52:40:45
LONGITUDE: ddd:mm:ss +006:11:03
ELEVATION: m -100

DATA IS FOR INDEX Maximum no of consecutive dry days (RR < 1 mm) (CDD) with unit 0.01 No of days

01-06 SOUID: Source identifier
08-11 YEAR : YYYY
13-20 ANNUAL DATA VALUES
21-28 WINTER HALF YEAR DATA VALUES
29-36 SUMMER HALF YEAR DATA VALUES
37-44 WINTER (DJF) DATA VALUES
45-52 SPRING (MAM) DATA VALUES
53-60 SUMMER (JJA) DATA VALUES
61-68 AUTUMN (SON) DATA VALUES
69-76 JANUARY DATA VALUES
etc. 
157-164 DECEMBER DATA VALUES

20561  1887 -999999 -999999 -999999 -999999 -999999 -999999 -999999 -999999 -999999 -999999 -999999 -999999 -999999 -999999 -999999 -999999 -999999 -999999 -999999 
	20561  1888 1900    -999999 1200    -999999 1200    600     1200    1000    1800    700     400     1200    600     300     500     1200    1000    1200    1500    
	20561  1889 2200    1800    2200    900     2100    2200    700     800     800     1000    2100    1000    1600    600     500     600     600     700     700     
	20561  1890 2700    2700    1100    2700    1100    800     700     400     2600    1000    1100    1000    400     700     800     700     700     600     3100    
	20561  1891 4000    1600    900     1400    900     500     1300    700     1400    800     900     500     500     400     300     700     600     800     900     
	20561  1892 2000    1400    1500    1400    2000    1200    700     1400    900     1100    1500    800     400     1200    1000    600     700     600     1100    
	20561  1893 2900    1400    1700    1000    2900    1700    1300    1000    400     1400    1500    1100    1700    800     1000    600     500     1300    900     
	20561  1894 3300    1900    1400    1600    3300    1100    1100    1500    1100    1900    1400    900     1000    500     700     1100    600     1000    1200    
	20561  1895 1900    1600    1800    1600    1400    900     1900    700     1200    800     1400    1400    900     700     900     1800    400     1300    900     
	20561  1896 1800    1400    1800    1400    1800    1100    1200    800     1400    600     800     1700    600     1100    700     200     300     1200    700     
	20561  1897 2600    2100    1300    2100    1000    1300    2600    2000    600     800     1000    1000    800     1300    400     1100    1200    1400    1400    
	20561  1898 1500    1200    1300    1200    1300    1300    1500    1200    500     700     1200    900     1100    800     1300    1100    1100    1500    500     
	20561  1899 3100    3100    2700    1300    1800    2300    1400    900     1300    1800    900     800     2300    900     1300    600     1400    900     1000    
	20561  1900 1600    1600    1600    1600    1400    700     1600    600     1000    1300    1200    1400    500     600     700     1600    500     1200    500     
	20561  1901 1700    1700    1700    1700    1700    1400    1700    1700    1300    900     900     1700    1100    1100    1400    1300    1000    800     500     
	20561  1902 2000    1500    1300    1500    800     1300    1800    400     1500    700     800     800     1300    900     400     1200    600     1400    1400    
	20561  1903 1800    1800    1400    1800    1100    1400    1100    1800    800     1100    200     1000    1000    900     400     1100    600     800     2200    
	20561  1904 2800    1600    1800    1600    1400    1800    1500    1100    700     1400    700     1000    600     1800    500     1500    900     1100    1600    
	20561  1905 1300    800     1300    800     1000    800     1300    600     600     700     700     1000    800     800     700     1300    600     1000    1500    
	20561  1906 1900    1000    1700    900     1800    1500    1100    500     800     700     1700    1100    1300    1200    600     1000    600     600     1000    
	20561  1907 2400    1700    2400    1700    1400    1500    2400    1600    1400    900     1200    600     300     1500    600     2400    300     1100    1200    
	20561  1908 3200    2100    1800    1800    2100    1800    3200    900     1200    2100    800     1000    1200    1000    800     1700    2100    1100    1700    
	20561  1909 3000    3000    1200    1800    1200    1200    1100    1600    1800    1200    600     1100    800     400     1200    600     600     800     800     
	20561  1910 2500    1300    1500    900     2500    1300    1900    700     400     1300    1200    900     1300    400     1200    1500    1800    600     1100    
	20561  1911 3000    1400    2500    1400    3000    2400    1200    1200    1400    1100    2500    1800    700     2400    1500    1200    600     1200    600     
	20561  1912 2900    2900    1200    2900    1200    1000    1300    1100    1900    600     1100    500     600     1000    600     1000    1300    400     700     
	20561  1913 1800    1700    1800    1700    1200    1800    1600    900     1700    400     1200    700     700     900     1800    1000    1600    800     600     
	20561  1914 2300    1300    2300    1300    2300    1200    1800    1300    1000    600     2000    900     900     600     1200    900     1800    600     400     
	20561  1915 1900    1100    1200    500     1000    1200    1900    500     400     600     700     1000    1200    600     700     1100    1900    600     300     
	20561  1916 2600    1500    2600    1500    1200    2600    1100    1000    500     800     800     900     600     1300    1300    1000    800     900     400     
	20561  1917 -999999 2900    -999999 2900    1500    -999999 900     1900    1000    1000    700     1300    -999999 -999999 -999999 800     600     700     1500    
	20561  1918 2200    1400    1700    1300    1400    1700    500     800     600     1400    400     600     900     600     1700    500     400     500     300     
	20561  1919 3200    3200    2200    3200    2200    2000    1200    1400    1800    1000    1100    2200    600     600     1800    1200    800     600     1000    
	20561  1920 3900    1200    1300    1200    1100    1300    3900    600     1200    1100    400     500     1300    500     800     800     2700    1600    1800    
	20561  1921 2900    1900    1700    1900    1600    1500    2400    500     1400    1300    1200    1600    800     1500    700     1700    1600    2400    500     
	20561  1922 -999999 -999999 1900    -999999 1700    700     2200    -999999 -999999 1700    900     1300    700     300     500     900     2200    1200    800     
	20561  1923 1800    1200    1800    800     1200    1800    1100    700     700     1200    1200    1000    400     1400    1200    800     300     1100    600     
	20561  1924 2600    1400    2600    1400    1400    2600    1900    1100    600     1400    700     600     1000    1600    400     600     800     1900    2200    
	20561  1925 -999999 1200    2700    1100    1200    2000    1000    1100    600     1200    1100    800     2000    700     1100    600     600     1000    -999999 
	20561  1926 -999999 -999999 1100    -999999 2900    1100    1000    -999999 600     2100    800     600     700     900     600     1000    600     500     600     
	20561  1927 1700    1000    1600    1000    1500    800     1100    600     1000    1000    500     1100    800     300     600     1000    1100    800     1200    
	20561  1928 3000    3000    2400    1000    2000    1000    2200    500     1000    2000    1100    700     700     1000    400     2200    700     400     600     
	20561  1929 2200    1600    2200    1500    1600    2200    800     1300    1400    1600    800     1500    600     2200    900     800     600     700     600     
	20561  1930 2200    2200    1400    1300    1000    1100    800     900     1300    900     700     500     1100    500     800     600     800     500     800     
	20561  1931 2200    1900    1100    900     2200    1100    1200    500     700     1900    400     1000    600     500     800     600     600     1200    800     
	20561  1932 2000    1900    2000    1500    1900    2000    1000    1400    1200    1900    700     400     2000    500     1900    500     300     1000    1500    
	20561  1933 -999999 2100    1500    2100    1500    1200    1300    2100    1000    1200    1000    1500    1000    800     1200    1100    700     800     -999999 
	20561  1934 -999999 -999999 -999999 -999999 -999999 -999999 -999999 -999999 2100    700     -999999 -999999 -999999 -999999 -999999 -999999 -999999 -999999 -999999 
	