EUROPEAN CLIMATE ASSESSMENT & DATASET (ECA&D), file created on: 17-05-2026
THESE DATA CAN BE USED FOR NON-COMMERCIAL RESEARCH AND EDUCATION PROVIDED THAT THE FOLLOWING SOURCE IS ACKNOWLEDGED: 

Klein Tank, A.M.G. and Coauthors, 2002. Daily dataset of 20th-century surface
air temperature and precipitation series for the European Climate Assessment.
Int. J. of Climatol., 22, 1441-1453.
Data and metadata available at http://www.ecad.eu

FILE FORMAT (MISSING VALUE CODE = -999999):

THIS FILE HOLDS DATA FOR STATION NETHERLANDS                              GIERSBERGEN                              (STAID:   2417)
LATITUDE: dd:mm:ss +51:39:00
LONGITUDE: ddd:mm:ss +005:09:00
ELEVATION: m    6

DATA IS FOR INDEX Maximum no of consecutive dry days (RR < 1 mm) (CDD) with unit 0.01 No of days

01-06 SOUID: Source identifier
08-11 YEAR : YYYY
13-20 ANNUAL DATA VALUES
21-28 WINTER HALF YEAR DATA VALUES
29-36 SUMMER HALF YEAR DATA VALUES
37-44 WINTER (DJF) DATA VALUES
45-52 SPRING (MAM) DATA VALUES
53-60 SUMMER (JJA) DATA VALUES
61-68 AUTUMN (SON) DATA VALUES
69-76 JANUARY DATA VALUES
etc. 
157-164 DECEMBER DATA VALUES

2417   1871 -999999 -999999 -999999 -999999 -999999 1700    1700    -999999 -999999 -999999 -999999 1300    500     700     1700    1100    1300    700     1100    
	2417   1872 1500    1400    1200    1400    1000    1100    1200    500     600     1000    800     800     800     900     1100    1200    1200    500     1000    
	2417   1873 3100    3100    1900    3100    2900    900     1500    1000    2100    2400    1100    1600    600     800     700     1300    800     1200    1800    
	2417   1874 2300    900     2300    900     2300    2100    1000    600     900     700     2000    700     1200    2000    1400    500     1000    900     1800    
	2417   1875 2800    1500    2800    1500    2800    1100    1700    600     1200    1100    2600    1000    700     900     700     1700    800     1000    800     
	2417   1876 1700    1600    1600    1600    1200    1600    1700    1400    500     600     800     1200    1400    1500    1600    400     1700    600     800     
	2417   1877 1200    600     1200    400     1000    1200    1200    400     100     300     700     800     800     400     500     600     600     400     500     
	2417   1878 1200    700     1200    700     1200    1000    1000    500     700     600     1200    500     1000    1000    900     800     1000    700     1100    
	2417   1879 3600    2500    1700    2500    1700    700     1700    1800    800     1700    500     1100    400     500     700     1700    1200    800     2800    
	2417   1880 3300    2800    3300    2400    3300    1700    1000    2300    500     2800    900     2700    700     600     1700    800     800     500     300     
	2417   1881 1500    1500    1200    1500    1400    900     1100    1400    1000    800     1000    1200    800     900     700     500     500     1100    1000    
	2417   1882 1700    1700    1200    1700    1200    800     800     1700    1200    900     1200    1100    500     700     300     500     700     300     600     
	2417   1883 4100    1500    3700    1000    4100    1200    1000    900     1000    1200    3000    1900    700     700     700     500     1000    400     500     
	2417   1884 2200    900     2200    900     1600    2200    1400    700     800     800     1600    1200    1400    800     1200    1400    800     900     1100    
	2417   1885 1800    1500    1800    1500    1200    1800    900     1500    600     1100    1200    500     900     1800    900     500     200     900     700     
	2417   1886 3000    2300    2500    2300    2500    1400    3000    300     2300    1300    1500    1000    700     700     1200    2300    1000    700     300     
	2417   1887 3700    3700    2500    2600    1100    2500    1000    1200    2600    1100    1100    500     2500    1100    1500    800     400     1000    400     
	2417   1888 1500    1300    1200    1300    1200    900     1500    1300    1100    300     800     1200    700     500     900     1200    1500    1000    1000    
	2417   1889 1300    1300    1300    1300    1100    1300    1300    800     400     600     1100    300     1300    600     400     1000    600     1300    1000    
	2417   1890 2700    2700    1500    2700    1500    900     1400    400     2600    1200    900     1500    700     900     800     1400    700     600     1800    
	2417   1891 2800    2800    1600    2200    1000    1200    1600    900     2200    800     1000    700     1200    1000    500     1600    500     800     1000    
	2417   1892 1700    1400    1400    1100    1700    1100    1300    700     1100    1000    1400    1300    700     1100    600     500     700     1300    1600    
	2417   1893 4400    1400    3400    1400    4400    2300    1100    1300    400     1300    3000    1400    2300    700     1200    600     800     1100    400     
	2417   1894 2700    1900    1200    1500    2700    1200    1200    1500    600     1900    800     700     1000    400     400     1100    400     1200    1300    
	2417   1895 1900    1400    1800    1400    1200    1000    1900    600     1100    800     1000    1200    900     700     1000    1800    600     400     1000    
	2417   1896 1600    1600    1400    1600    1400    1100    900     1000    1600    700     700     1400    1100    900     800     400     400     900     500     
	2417   1897 2500    1400    1400    1400    1400    1100    2500    700     1400    500     800     1400    800     1100    600     800     1200    1300    1500    
	2417   1898 2000    1000    2000    1000    1200    1500    1700    1000    400     1000    1100    1000    1200    1500    1400    1700    1100    800     600     
	2417   1899 2200    1600    2200    1200    1300    2100    1200    800     1200    1300    400     500     1700    900     1600    400     1200    1200    2000    
	2417   1900 1800    1800    1600    1300    1400    1000    1600    300     1000    1400    1300    1300    700     1000    500     1600    600     900     600     
	2417   1901 1600    1100    1600    1100    1600    1400    1500    1100    600     1000    1000    1600    1000    1100    1400    700     1000    800     400     
	2417   1902 1300    1300    900     1300    800     900     1000    900     1300    700     600     800     900     800     300     600     800     1000    1200    
	2417   1903 1500    1100    1500    1100    1000    1500    600     1100    1000    900     300     1000    1100    800     500     600     400     500     1800    
	2417   1904 2400    1400    2000    1400    1300    2000    1000    900     600     1100    1300    800     900     2000    1100    900     800     1000    1300    
	2417   1905 1400    1300    1400    1300    1200    1400    1200    700     800     600     1200    1000    1400    700     400     1200    500     800     700     
	2417   1906 2300    600     1700    600     2300    1400    1300    300     500     600     1700    500     1400    700     600     1100    900     500     1100    
	2417   1907 1700    1200    1600    1000    1700    1600    1500    1000    700     1200    800     800     300     1600    900     1500    1000    1100    800     
	2417   1908 3600    1500    2700    1300    1500    1900    3600    900     1100    1500    500     500     1200    1500    500     2700    2100    1100    1700    
	2417   1909 2200    1500    2000    1500    1100    2000    1100    1500    800     600     1000    900     2000    600     600     400     600     900     900     
	2417   1910 2100    1400    1500    900     2100    1400    1500    800     300     1400    700     1100    700     700     1400    1500    1500    500     400     
	2417   1911 2600    2600    1900    2600    1500    1900    1200    1900    700     700     1500    1500    600     1500    1900    1200    600     600     300     
	2417   1912 2600    900     2600    900     2600    1500    1600    900     500     400     2000    600     300     1500    400     1600    1200    500     500     
	2417   1913 1700    1700    1700    1700    800     1700    1000    1000    1700    300     600     800     400     500     1700    800     600     400     600     
	2417   1914 1500    1500    1300    1500    1300    1100    1200    1500    1000    400     1300    900     900     600     1100    1100    800     800     400     
	2417   1915 2200    900     2200    900     1400    1300    2000    900     600     600     1000    1400    1300    600     600     2000    1400    600     300     
	2417   1916 1700    1000    1700    600     1200    1700    1500    500     400     1000    1000    600     800     900     1300    1200    700     900     700     
	2417   1917 3000    3000    1800    3000    1200    1000    1200    1400    1600    700     1000    1200    800     1000    500     1100    300     1000    900     
	2417   1918 2200    2200    1700    1300    1800    1400    700     800     700     1800    700     1700    500     900     1100    200     700     700     400     
	2417   1919 2300    2000    2300    2000    2000    1700    1800    800     1500    800     800     2000    1500    500     1700    1800    900     700     800     
	2417   1920 2800    1200    1700    1200    1200    1700    2800    600     1200    1200    200     400     1700    400     800     1000    1600    1300    1200    
	2417   1921 2900    1400    1700    1300    1400    1100    2200    500     1300    1400    700     700     900     1100    500     1700    900     2200    800     
	2417   1922 2300    1500    2300    1100    2200    700     1600    400     1100    1500    700     2200    700     700     700     300     1600    800     600     
	2417   1923 2400    1500    2400    700     1600    2400    900     500     700     1500    800     500     1000    1400    1400    900     300     600     700     
	2417   1924 1800    1800    1100    1100    1800    1100    1800    700     1100    1800    900     300     1000    1000    400     600     900     1800    1100    
	2417   1925 2100    800     2100    800     1200    2000    1300    800     500     600     1000    1200    2000    600     600     500     1000    1100    800     
	2417   1926 2000    1600    2000    900     1600    2000    800     700     900     1600    900     800     1700    1000    800     800     600     300     1200    
	2417   1927 2600    1200    1700    1200    1700    800     1300    500     1000    1100    700     1200    300     600     600     800     1300    600     2000    
	2417   1928 1900    1900    1700    1300    1300    1700    1300    400     1300    1300    600     1100    800     1700    400     1300    800     700     1200    
	2417   1929 4400    4400    2100    2300    2100    2100    1100    1400    2300    2100    1000    1400    500     2100    1300    1100    600     600     500     
	2417   1930 2000    1700    2000    1400    1500    2000    700     1100    1300    1200    1000    500     2000    500     800     500     700     500     600     
	2417   1931 2000    1000    2000    600     1200    2000    1400    400     600     1000    600     800     1600    400     800     700     1200    1400    1300    
	2417   1932 2100    1900    1900    1500    1900    1900    1000    1500    1200    1900    400     500     1900    400     700     500     500     1000    2100    
	2417   1933 2400    1800    1400    1800    1300    1400    1500    1800    1100    1200    1300    1000    800     800     1400    1100    800     1500    1700    
	2417   1934 2700    2700    2000    2600    1600    1600    1600    700     2600    900     700     1500    1300    1300    1000    800     500     1600    500     
	2417   1935 1900    1700    1900    600     1900    1400    500     600     500     1700    600     1300    400     1200    1400    400     500     500     500     
	2417   1936 1900    1900    1300    1200    1900    1200    1100    600     1200    1900    800     800     600     500     1200    400     1000    1100    900     
	2417   1937 1800    600     1800    600     1200    1100    1000    600     200     400     400     1200    600     500     1000    400     1000    600     600     
	2417   1938 2300    2300    1700    1300    2300    1700    1300    400     1300    2300    900     1400    1700    1000    900     1200    800     1300    1000    
	2417   1939 2300    1400    2300    1400    1300    1000    1200    700     700     600     600     1300    1000    600     1000    800     400     300     1700    
	2417   1940 2100    1500    2100    1500    2100    1000    1300    600     600     1100    500     2100    1000    300     800     1000    1300    500     1400    
	2417   1941 2400    1200    1600    1200    1300    1000    2400    1200    300     1200    900     1300    1000    1000    300     1600    800     1300    500     
	2417   1942 -999999 -999999 -999999 -999999 -999999 -999999 -999999 -999999 -999999 -999999 -999999 -999999 -999999 -999999 -999999 -999999 -999999 -999999 -999999 
	2417   1943 -999999 -999999 -999999 -999999 -999999 -999999 -999999 -999999 -999999 -999999 -999999 -999999 -999999 -999999 -999999 -999999 -999999 -999999 -999999 
	2417   1944 -999999 -999999 -999999 -999999 -999999 -999999 -999999 -999999 -999999 -999999 -999999 -999999 -999999 -999999 -999999 -999999 -999999 -999999 -999999 
	2417   1945 -999999 -999999 -999999 -999999 -999999 -999999 -999999 -999999 -999999 -999999 -999999 -999999 -999999 -999999 -999999 -999999 -999999 -999999 -999999 
	2417   1946 -999999 -999999 -999999 -999999 -999999 -999999 -999999 -999999 -999999 -999999 -999999 -999999 -999999 -999999 -999999 -999999 -999999 -999999 -999999 
	2417   1947 -999999 -999999 -999999 -999999 -999999 -999999 -999999 -999999 -999999 -999999 -999999 -999999 -999999 -999999 -999999 -999999 -999999 -999999 -999999 
	2417   1948 -999999 -999999 -999999 -999999 -999999 -999999 -999999 -999999 -999999 -999999 -999999 -999999 -999999 -999999 -999999 -999999 -999999 -999999 -999999 
	2417   1949 -999999 -999999 -999999 -999999 -999999 -999999 -999999 -999999 -999999 -999999 -999999 -999999 -999999 -999999 -999999 -999999 -999999 -999999 -999999 
	2417   1950 -999999 -999999 -999999 -999999 -999999 -999999 -999999 -999999 -999999 -999999 -999999 -999999 -999999 -999999 -999999 -999999 -999999 -999999 -999999 
	2417   1951 2200    -999999 1400    -999999 1100    1000    2200    400     300     900     1000    1100    1000    700     700     700     1900    300     1300    
	2417   1952 1300    1000    1300    900     1300    1100    800     500     900     1000    1200    1300    800     900     1100    800     600     700     700     
	2417   1953 2600    1700    1400    1300    1600    900     2600    1300    700     1600    1300    1300    700     700     900     700     2600    1100    900     
	2417   1954 1800    1800    1700    1800    1700    700     700     1100    700     1500    1600    1500    600     700     500     600     700     600     600     
	2417   1955 1600    1300    1600    1000    1200    1600    1100    900     1000    800     1200    400     1600    1300    1100    800     700     1100    500     
	2417   1956 1500    1300    1500    1300    1500    400     1400    500     1300    1200    1500    800     400     400     300     1400    900     1000    700     
	2417   1957 1500    1200    1500    1200    1500    1500    1100    1200    300     600     1100    800     700     900     700     300     1000    1100    600     
	2417   1958 2800    1400    1100    800     1300    900     2100    500     300     1300    500     400     800     900     600     1000    900     2100    700     
	2417   1959 3700    2800    3700    2800    2800    1700    2000    800     2000    300     900     2800    1700    1700    1700    2000    900     800     800     
	2417   1960 1400    1100    1400    900     1400    900     800     300     900     1100    600     1100    900     500     300     800     300     400     600     
	2417   1961 1700    1700    1300    1100    1700    700     1300    600     1100    1700    700     1000    700     700     600     1300    900     900     1500    
	2417   1962 2200    2000    1700    1300    1400    1400    2200    600     1300    1100    900     500     1400    900     700     1200    2200    900     700     
	2417   1963 2600    2300    2000    2300    800     1300    1800    1300    1100    800     600     800     1200    1300    500     1800    1000    900     1700    
	2417   1964 1800    1800    900     1300    1200    900     1000    1300    600     1200    800     600     500     900     800     800     700     900     800     
	2417   1965 1500    1500    1100    1000    1300    1100    1200    300     1000    1300    600     700     800     300     600     1100    1200    700     300     
	2417   1966 1600    1500    1600    1500    1400    1000    1500    1500    600     500     700     1400    1000    500     800     1500    800     300     300     
	2417   1967 1300    900     1300    900     1000    1300    1100    800     900     900     900     500     1300    700     1200    900     900     1100    400     
	2417   1968 2200    1200    1900    800     1900    700     1900    400     800     700     1900    600     600     700     500     700     1500    1900    1500    
	2417   1969 2300    1100    1800    800     1100    1200    2300    800     400     1100    1000    700     800     1200    900     1600    2100    300     900     
	2417   1970 2500    1300    2500    600     700     2300    1300    500     400     400     500     700     2300    500     1200    1300    1200    900     2100    
	2417   1971 2300    1600    2300    1600    2000    2100    2200    1600    900     500     1500    800     500     2000    700     2200    1100    600     900     
	2417   1972 3100    1500    1700    900     1500    1200    3100    700     800     1500    900     800     600     1000    1200    1200    1900    500     1800    
	2417   1973 3100    2100    1900    2100    2000    1700    1700    1300    600     2000    400     400     1700    900     1200    1700    900     1000    800     
	2417   1974 3300    1100    2200    700     3300    1000    400     600     600     1100    2200    900     800     500     1000    400     300     400     600     
	2417   1975 1900    1100    1900    1100    1800    900     1800    500     1100    200     900     1800    700     800     900     500     1800    700     900     
	2417   1976 2300    1500    2300    1500    1800    2300    800     500     1500    1100    1700    800     1700    1100    2300    500     800     400     600     
	2417   1977 2000    900     2000    600     1100    1600    2000    400     400     600     700     1100    800     1600    1100    2000    2000    600     900     
	2417   1978 1800    900     1700    900     1200    1000    1800    900     700     500     900     1200    700     900     1000    1000    1300    1200    700     
	2417   1979 1400    900     1400    600     900     1200    1400    600     500     200     900     500     600     800     700     1400    1200    700     400     
	2417   1980 2000    1400    2000    1400    2000    1300    1200    1400    700     1200    900     1900    1300    800     800     900     500     900     400     
	2417   1981 1700    1700    1700    1700    1200    1000    700     600     1700    600     1100    500     1000    600     1000    700     200     500     600     
	2417   1982 1800    1500    1800    1500    1600    1100    1800    1100    1500    800     1600    1100    200     1100    300     1800    800     600     600     
	2417   1983 1900    1900    1400    1900    1300    1400    1800    500     1900    1300    300     200     1400    1200    1300    600     700     1400    800     
	2417   1984 2000    1300    2000    1100    2000    1300    700     400     1100    1300    1900    500     700     1000    1300    500     700     700     700     
	2417   1985 2000    2000    1500    2000    1100    1500    1800    400     2000    1100    1100    1000    300     1500    400     800     1800    600     500     
	2417   1986 3500    3500    1600    3200    1100    1600    3200    400     2800    1100    600     800     1100    1600    700     1500    1700    600     500     
	2417   1987 2000    1500    2000    1500    2000    1400    1300    1500    700     1200    1800    700     400     1400    700     900     500     1000    1400    
	2417   1988 2500    900     2500    900     1100    2500    1100    900     600     300     1100    800     2500    300     700     600     1100    900     700     
	2417   1989 2100    1300    2100    1300    1900    1800    1300    1000    800     700     500     1900    1800    1400    1400    900     700     1300    1100    
	2417   1990 2100    2100    1800    600     2100    1800    1000    600     600     2100    700     1500    1100    1800    1400    600     1000    600     600     
	2417   1991 2500    2000    2300    2000    1600    1600    1400    1000    1200    1300    1000    1600    600     600     1000    1400    1100    1000    1500    
	2417   1992 2200    1300    2200    1300    2100    1300    1600    1200    600     500     900     2100    1100    700     300     1600    500     300     1100    
	2417   1993 2500    2500    1800    1800    2500    1800    1700    700     1500    2500    800     700     1400    500     600     500     1100    1500    300     
	2417   1994 1700    1100    1500    1100    900     1500    1700    500     1100    400     900     500     900     1000    500     600     1700    1100    600     
	2417   1995 2800    1300    2800    500     900     2800    1200    300     500     500     800     800     1300    1000    2400    400     1200    1100    1600    
	2417   1996 3200    3200    1300    3200    1600    1300    1000    2200    1000    1600    1200    1200    1300    1300    700     1000    800     400     1400    
	2417   1997 2200    1800    2000    1800    1900    2000    2200    1800    300     1200    1900    1000    600     800     2000    1700    1700    400     700     
	2417   1998 1800    1300    1800    1300    1700    1800    1200    800     1300    800     300     1700    400     600     1700    1200    400     700     300     
	2417   1999 1200    900     1200    600     1200    1200    1100    300     400     900     800     900     600     900     600     800     1100    400     200     
	2417   2000 1500    600     1500    600     1500    1200    700     600     400     500     800     700     700     800     1200    700     500     300     800     
	2417   2001 1800    900     1800    900     1300    1800    1000    900     400     400     300     1300    1300    500     1000    500     1000    800     1300    
	2417   2002 2300    1000    1300    1000    2300    1300    1000    1000    500     1000    1300    600     700     600     1300    1000    500     300     1100    
	2417   2003 2900    2100    2900    2100    2000    2900    1200    900     2100    2000    1800    700     900     1600    2700    1100    1100    1200    1000    
	2417   2004 2200    1000    2200    1000    2200    800     1600    300     700     500     1200    2200    700     500     300     900     1400    600     1500    
	2417   2005 1700    1300    1500    800     900     1500    1700    600     600     900     500     500     1500    900     600     800     1700    700     700     
	2417   2006 1600    1300    1600    1000    1400    1200    1600    1000    500     1300    900     1400    1200    1200    500     1600    700     600     900     
	2417   2007 4500    1000    3500    900     4500    800     1000    300     600     1000    3000    500     700     500     800     700     1000    500     1800    
	2417   2008 1700    1700    1300    1700    1300    900     900     500     1700    400     600     1300    700     400     900     900     700     500     1100    
	2417   2009 2000    900     2000    900     1200    2000    1400    800     500     800     900     800     1400    600     900     1400    700     400     600     
	2417   2010 2300    1100    2300    1100    2100    2300    1200    1100    1000    600     2100    900     2100    1000    400     600     1200    400     600     
	2417   2011 2900    1300    1500    800     1500    700     2900    700     800     1200    1500    800     400     500     400     1300    600     2900    500     
	2417   2012 2600    2400    1100    1100    2600    1100    1100    1100    900     2400    500     700     500     800     1100    1000    1100    600     400     
	2417   2013 2200    1200    2200    800     2000    2200    1300    600     800     1200    900     1000    1100    2200    700     1100    500     800     500     
	2417   2014 2400    1700    2400    500     1700    1700    2300    500     500     1700    1500    500     1700    500     200     2300    500     600     400     
	2417   2015 2000    2000    1500    1400    2000    1500    1100    400     1400    2000    1200    800     1100    700     900     600     700     400     500     
	2417   2016 1800    1200    1200    600     1200    900     1200    500     600     1200    500     1200    900     700     900     1200    1100    900     900     
	2417   2017 1800    1300    1800    1300    1200    1800    1000    1300    800     1100    1200    900     1800    500     900     800     1000    500     300     
	2417   2018 3400    1500    3400    1400    900     3400    2300    400     1400    400     900     800     1500    2600    600     700     2300    1200    600     
	2417   2019 1700    1700    1600    1700    1600    1600    1000    600     1700    1400    1500    1600    1100    700     900     1000    500     700     500     
	2417   2020 2900    1700    2800    400     2900    1600    1700    400     400     1700    2800    2100    800     700     1200    1700    900     800     400     
	2417   2021 -999999 -999999 1800    -999999 1600    1200    1200    -999999 600     900     1600    500     1200    800     900     1200    600     700     1000    
	2417   2022 3300    3300    2000    700     3000    2000    1200    700     300     3000    1500    1500    1000    2000    1500    400     1200    800     900     
	2417   2023 3800    1100    3800    1100    1900    1900    1000    1000    1100    500     600     1900    1900    1000    1200    1000    700     300     200     
	2417   2024 1200    -999999 1000    -999999 900     800     1200    700     -999999 900     500     700     800     600     700     1000    600     1000    700     
	2417   2025 2900    2500    2900    1200    2900    2600    1200    1200    900     2400    1100    2300    1400    700     2600    1000    1000    800     1300    
	2417   2026 -999999 -999999 -999999 1000    -999999 -999999 -999999 1000    400     -999999 -999999 -999999 -999999 -999999 -999999 -999999 -999999 -999999 -999999 
	