EUROPEAN CLIMATE ASSESSMENT & DATASET (ECA&D), file created on: 17-05-2026
THESE DATA CAN BE USED FOR NON-COMMERCIAL RESEARCH AND EDUCATION PROVIDED THAT THE FOLLOWING SOURCE IS ACKNOWLEDGED: 

Klein Tank, A.M.G. and Coauthors, 2002. Daily dataset of 20th-century surface
air temperature and precipitation series for the European Climate Assessment.
Int. J. of Climatol., 22, 1441-1453.
Data and metadata available at http://www.ecad.eu

FILE FORMAT (MISSING VALUE CODE = -999999):

THIS FILE HOLDS DATA FOR STATION NETHERLANDS                              DRACHTEN                                 (STAID:   2394)
LATITUDE: dd:mm:ss +53:07:00
LONGITUDE: ddd:mm:ss +006:06:00
ELEVATION: m    2

DATA IS FOR INDEX Maximum no of consecutive dry days (RR < 1 mm) (CDD) with unit 0.01 No of days

01-06 SOUID: Source identifier
08-11 YEAR : YYYY
13-20 ANNUAL DATA VALUES
21-28 WINTER HALF YEAR DATA VALUES
29-36 SUMMER HALF YEAR DATA VALUES
37-44 WINTER (DJF) DATA VALUES
45-52 SPRING (MAM) DATA VALUES
53-60 SUMMER (JJA) DATA VALUES
61-68 AUTUMN (SON) DATA VALUES
69-76 JANUARY DATA VALUES
etc. 
157-164 DECEMBER DATA VALUES

2394   1950 -999999 -999999 -999999 -999999 -999999 -999999 -999999 -999999 -999999 -999999 -999999 -999999 -999999 -999999 -999999 -999999 -999999 -999999 -999999 
	2394   1951 2400    -999999 1600    -999999 1100    1000    2400    1000    500     900     1100    500     1000    1000    700     700     1900    400     500     
	2394   1952 1400    1000    1400    600     1400    800     800     600     400     1000    1200    1400    600     800     600     700     800     600     700     
	2394   1953 2400    2000    1100    1400    1600    1100    1600    1400    1100    1600    1100    700     600     600     1100    700     1600    1600    800     
	2394   1954 2000    2000    1300    2000    1300    800     500     1100    900     1100    1200    1300    400     400     800     300     500     500     700     
	2394   1955 1500    1500    1400    1100    1200    1400    800     1100    1100    800     1200    800     600     1300    800     800     800     500     400     
	2394   1956 1500    1200    1500    800     1500    700     1500    600     700     1200    900     800     700     400     400     1500    800     700     600     
	2394   1957 1500    1000    1500    700     1500    1400    1000    700     500     600     1200    800     1400    200     600     400     1000    600     600     
	2394   1958 2200    1600    1100    600     1600    1000    1500    500     200     1600    800     600     1000    800     600     500     900     1500    700     
	2394   1959 2600    1700    2400    1500    2400    1600    2600    500     1400    800     900     2400    1500    1600    1600    2000    1700    700     500     
	2394   1960 1800    1200    1800    600     1800    800     800     200     600     1200    600     1200    800     300     400     800     300     300     400     
	2394   1961 1500    1000    1200    1000    1000    900     1400    600     1000    900     800     1000    700     300     900     600     700     1400    1500    
	2394   1962 2100    1300    1400    1200    1400    900     2100    400     1200    500     900     500     900     600     300     300     2100    600     900     
	2394   1963 2400    2400    1800    1600    900     1000    1800    1500    1600    800     600     900     700     700     300     1800    900     500     1500    
	2394   1964 2400    2400    1100    1100    1800    900     1000    1100    600     1800    1000    1100    500     900     500     600     700     900     300     
	2394   1965 1700    1000    1700    1000    800     1700    1200    500     1000    600     400     700     700     600     1700    900     1200    700     200     
	2394   1966 1600    1100    1600    1100    900     1200    1500    1100    500     600     300     900     1000    900     1200    1500    1300    400     200     
	2394   1967 1800    1100    1800    1100    700     1800    900     900     1100    700     700     500     1800    700     1100    500     300     900     500     
	2394   1968 1700    1300    1700    1300    1700    1000    1100    400     1300    900     1700    600     1000    700     800     800     1000    1100    1600    
	2394   1969 1800    1800    1800    1000    1300    1300    1700    1000    700     1300    900     700     1200    1300    900     1500    1700    800     600     
	2394   1970 2000    1100    2000    800     1300    2000    1300    800     400     500     300     1300    2000    400     1100    1300    1000    800     1000    
	2394   1971 2300    600     2300    600     1900    1600    2200    600     400     500     1500    900     700     1500    500     2200    1100    400     800     
	2394   1972 2400    1700    1600    1300    1700    1000    2400    1000    900     1700    700     700     400     1000    800     800     1800    300     1800    
	2394   1973 2400    1400    2400    1400    1000    2400    1200    1400    700     1000    800     700     2400    500     2100    1200    800     500     600     
	2394   1974 3400    1100    2300    1100    3400    1800    800     500     1100    1100    2300    700     800     500     1800    800     500     400     400     
	2394   1975 2100    1200    2100    1100    900     2100    1700    700     1100    600     900     600     1000    700     1400    600     1700    600     700     
	2394   1976 2300    1300    2300    1300    1100    2300    1200    500     1000    1100    700     500     1600    1200    2200    900     1200    500     300     
	2394   1977 1900    1100    1900    500     1800    1100    1800    400     500     600     300     1800    1100    700     600     1800    1400    600     700     
	2394   1978 1600    900     1600    800     1400    1600    1400    800     500     500     1400    700     1100    1600    600     500     1400    900     800     
	2394   1979 1100    900     1100    900     900     1100    1100    900     700     300     900     400     900     700     1100    1000    1100    400     400     
	2394   1980 2900    1500    2900    1500    2900    1500    900     1500    1400    1400    800     2800    800     1100    800     900     400     500     200     
	2394   1981 2500    1300    2000    1300    2500    900     1200    700     1300    500     2000    900     700     700     900     1100    300     300     600     
	2394   1982 1400    1400    1300    1400    1000    1200    1300    1200    1400    1000    1000    800     600     1000    700     1300    800     500     400     
	2394   1983 1700    1600    1700    1600    1300    1700    1600    400     1600    1300    400     300     1100    1600    1500    900     1000    1300    600     
	2394   1984 2800    1200    2800    1100    2100    2600    900     400     1100    1200    1900    600     600     900     2600    300     900     900     700     
	2394   1985 2200    2200    1700    2200    1700    800     1600    500     2200    500     800     1700    500     600     800     900     1600    1200    300     
	2394   1986 3400    3400    1300    3100    1500    1200    1900    300     2800    1500    1200    500     1200    900     400     1300    1000    400     500     
	2394   1987 1400    1400    1200    1400    1300    1200    800     1100    1400    1300    1000    800     500     900     400     300     600     800     800     
	2394   1988 1600    700     1600    500     1600    1300    1000    500     300     200     1400    1600    1100    400     900     600     1000    600     500     
	2394   1989 2000    1000    2000    1000    1800    2000    1100    1000    600     700     500     1800    1800    2000    900     900     400     1100    900     
	2394   1990 2000    900     1800    800     1600    1800    2000    800     700     900     600     1600    1200    1800    1000    500     2000    500     600     
	2394   1991 2400    2300    1000    2300    1200    1000    800     1100    1200    1200    800     900     300     700     500     800     700     800     1600    
	2394   1992 1700    1000    1700    1000    1700    1100    700     800     700     400     900     1700    1100    600     400     700     300     300     1300    
	2394   1993 2000    1800    2000    1800    2000    1300    1900    500     1500    1000    800     1200    1300    700     600     300     1000    1600    200     
	2394   1994 1700    1000    1100    1000    800     1100    1700    500     1000    100     600     400     1000    1100    1000    500     1700    600     400     
	2394   1995 2600    1500    2600    500     1900    2600    1400    500     500     500     1200    800     1300    1000    2200    200     1400    1000    2100    
	2394   1996 1800    1800    1300    1600    1800    1000    1100    1600    900     1800    1200    500     900     1000    800     1100    800     500     800     
	2394   1997 2100    1800    1700    1800    1200    1700    1400    1800    300     700     1200    1000    600     1000    1700    1400    900     600     400     
	2394   1998 1600    800     1600    800     1600    1600    1300    600     800     600     400     1600    200     900     1600    800     200     1300    300     
	2394   1999 2000    700     2000    700     1200    1500    1400    400     300     600     800     700     800     1400    600     1400    1000    400     200     
	2394   2000 900     600     900     600     800     900     600     600     300     500     700     800     800     900     600     600     400     300     600     
	2394   2001 1000    1000    1000    1000    1000    1000    500     1000    900     400     400     1000    700     700     1000    400     500     400     1000    
	2394   2002 2300    1000    1300    1000    2300    800     1000    1000    300     1000    1300    800     500     600     800     1000    600     900     1300    
	2394   2003 2300    2300    1800    2300    2000    1800    1100    400     2300    2000    1400    700     800     1200    1700    1100    1000    800     1000    
	2394   2004 1800    1000    1800    800     1800    1500    1000    400     600     1000    1800    1400    800     600     900     1000    1000    400     800     
	2394   2005 1600    1100    1300    600     1100    1000    1600    500     600     1100    600     700     800     1000    500     800     1600    300     600     
	2394   2006 1700    1700    1300    1700    1300    1200    1200    1100    800     1200    900     1300    1200    1100    200     1200    1100    400     1200    
	2394   2007 3700    800     3500    800     3700    1200    1500    400     500     700     3000    500     1200    300     800     300     1500    800     1400    
	2394   2008 1700    1500    1700    1500    1700    700     1000    300     1500    300     900     1600    600     400     700     1000    700     300     1200    
	2394   2009 2300    1000    2300    1000    1300    1100    2300    800     400     700     1300    800     900     300     900     2300    500     200     500     
	2394   2010 1600    1200    1600    1200    1600    1000    800     800     1200    600     1600    1600    1000    600     400     400     800     600     1300    
	2394   2011 2700    1900    2700    700     2700    700     2400    600     700     1900    1900    800     400     700     400     400     600     2400    500     
	2394   2012 2500    2200    1400    1000    2500    700     1100    1000    900     2200    700     1400    300     700     600     1100    600     500     300     
	2394   2013 2200    1400    2000    1000    2200    2000    1200    1000    400     1400    800     700     1100    2000    1400    1000    300     500     400     
	2394   2014 1900    1500    1900    500     1400    1000    1900    500     500     1400    500     600     800     1000    400     1900    400     600     600     
	2394   2015 1400    1000    1200    900     1200    1100    1400    400     900     1000    1200    1100    1100    400     900     600     1000    400     300     
	2394   2016 1500    1500    1100    500     1500    800     1100    300     500     1500    600     1100    800     600     700     1000    1100    1000    700     
	2394   2017 1300    1300    1000    1300    1000    1000    900     1300    1100    800     1000    1000    1000    500     900     900     900     300     300     
	2394   2018 1700    1700    1700    1400    1500    1700    1600    900     1400    500     900     1500    1200    1700    600     700     1600    1600    500     
	2394   2019 2100    1100    2100    1000    2100    1500    700     400     1000    700     2100    1600    1000    700     1500    600     300     700     700     
	2394   2020 4600    1900    2700    700     4600    900     1300    700     400     1900    2700    1000    800     500     900     1300    400     800     400     
	2394   2021 -999999 -999999 1400    -999999 1400    1200    1200    -999999 1000    700     1400    500     1200    900     600     1200    400     300     1000    
	2394   2022 3100    1800    3100    600     3100    1600    700     400     300     1500    2100    1000    500     1300    1600    500     700     500     1000    
	2394   2023 3400    1100    3400    1100    1500    1900    1000    600     1100    300     600     1500    1900    300     1100    1000    200     200     500     
	2394   2024 1400    -999999 1300    -999999 1400    1300    1100    600     -999999 1400    400     800     800     600     700     700     500     900     600     
	2394   2025 2700    2300    2700    1200    2700    1100    1000    700     900     2200    1100    2100    1100    700     1000    800     300     400     1200    
	2394   2026 -999999 -999999 -999999 1100    -999999 -999999 -999999 1100    500     -999999 -999999 -999999 -999999 -999999 -999999 -999999 -999999 -999999 -999999 
	