EUROPEAN CLIMATE ASSESSMENT & DATASET (ECA&D), file created on: 17-05-2026
THESE DATA CAN BE USED FOR NON-COMMERCIAL RESEARCH AND EDUCATION PROVIDED THAT THE FOLLOWING SOURCE IS ACKNOWLEDGED: 

Klein Tank, A.M.G. and Coauthors, 2002. Daily dataset of 20th-century surface
air temperature and precipitation series for the European Climate Assessment.
Int. J. of Climatol., 22, 1441-1453.
Data and metadata available at http://www.ecad.eu

FILE FORMAT (MISSING VALUE CODE = -999999):

THIS FILE HOLDS DATA FOR STATION NETHERLANDS                              ZUTPHEN                                  (STAID:  20655)
LATITUDE: dd:mm:ss +52:09:06
LONGITUDE: ddd:mm:ss +006:13:23
ELEVATION: m -100

DATA IS FOR INDEX Maximum no of consecutive dry days (RR < 1 mm) (CDD) with unit 0.01 No of days

01-06 SOUID: Source identifier
08-11 YEAR : YYYY
13-20 ANNUAL DATA VALUES
21-28 WINTER HALF YEAR DATA VALUES
29-36 SUMMER HALF YEAR DATA VALUES
37-44 WINTER (DJF) DATA VALUES
45-52 SPRING (MAM) DATA VALUES
53-60 SUMMER (JJA) DATA VALUES
61-68 AUTUMN (SON) DATA VALUES
69-76 JANUARY DATA VALUES
etc. 
157-164 DECEMBER DATA VALUES

20655  1888 -999999 -999999 1300    -999999 1100    1200    1300    -999999 1100    300     600     1100    1200    300     1100    1200    1300    1300    1500    
	20655  1889 1300    1300    1200    900     900     1200    900     800     700     600     900     700     1200    600     400     900     600     700     700     
	20655  1890 1800    1500    800     1500    1200    800     700     400     1400    1000    600     700     800     700     300     700     700     500     1700    
	20655  1891 1600    1600    1500    1400    1000    500     1500    600     1400    800     600     800     500     400     300     1500    600     700     1000    
	20655  1892 1700    1100    1400    700     1700    1200    900     700     600     1100    1400    800     600     1200    400     500     500     900     1100    
	20655  1893 4400    1300    3100    1000    4400    1700    900     1000    400     1300    3000    1100    1700    700     1300    500     600     900     500     
	20655  1894 2300    1500    1100    1100    2300    1100    1100    1100    600     1500    800     800     1000    600     400     1100    400     1000    1300    
	20655  1895 1700    1000    1600    1000    1000    1100    1700    600     1000    700     1000    1000    1000    700     1100    1600    500     400     400     
	20655  1896 1500    1400    1500    1400    1500    1300    1000    600     1100    500     700     1400    500     1300    400     300     200     1000    500     
	20655  1897 2500    1100    1200    1100    800     1200    2500    1100    500     400     700     800     600     1200    500     800     1200    1300    1200    
	20655  1898 1400    1100    1200    1100    800     1200    1400    1100    400     700     800     500     700     900     1200    1100    1100    1000    600     
	20655  1899 2400    1500    2400    1500    900     2200    1200    1100    1200    900     300     500     2000    800     1700    300     1200    1100    600     
	20655  1900 1400    1400    1000    1100    1200    1000    1000    400     1000    1200    800     800     600     1000    700     1000    500     800     600     
	20655  1901 2200    1800    2200    1800    2200    1100    1600    1800    400     500     900     2200    800     1100    1000    1300    700     900     300     
	20655  1902 1400    1400    1300    1400    700     1300    1200    500     1400    700     600     600     1300    600     300     1200    500     1100    1200    
	20655  1903 2200    1200    2200    1200    1300    1600    800     1200    700     900     200     1300    1100    500     300     800     400     500     2200    
	20655  1904 2800    1200    2000    1200    2000    1900    1400    900     700     600     800     2000    700     1900    500     1400    500     1100    1100    
	20655  1905 1300    1000    1300    1000    1100    1300    800     1000    600     300     1100    1000    1300    400     600     800     300     600     800     
	20655  1906 1800    600     1700    600     1800    800     1200    300     600     500     1700    500     600     700     500     1100    1100    600     900     
	20655  1907 1600    900     1600    900     1400    1600    1500    900     700     900     700     500     800     1600    400     1500    400     1100    800     
	20655  1908 2700    1700    1500    1300    1700    1500    2700    800     1100    1700    400     500     1200    700     600     1000    2400    800     1300    
	20655  1909 1200    900     1200    900     1100    1200    1100    900     700     300     1100    1000    700     400     1200    300     700     800     1100    
	20655  1910 1900    1300    1300    800     1900    1300    1200    800     400     1300    600     1200    900     700     1300    800     1200    600     300     
	20655  1911 2500    2500    1700    2500    1600    1500    1200    1900    800     700     1600    700     1000    900     1500    1200    700     500     600     
	20655  1912 -999999 800     -999999 800     -999999 -999999 -999999 800     500     500     -999999 -999999 -999999 -999999 -999999 -999999 -999999 -999999 -999999 
	20655  1913 -999999 -999999 -999999 -999999 -999999 -999999 -999999 -999999 -999999 -999999 -999999 -999999 -999999 -999999 -999999 -999999 -999999 -999999 -999999 
	20655  1914 -999999 -999999 -999999 -999999 -999999 -999999 -999999 -999999 -999999 -999999 -999999 -999999 -999999 -999999 -999999 -999999 -999999 -999999 -999999 
	20655  1915 -999999 -999999 -999999 -999999 -999999 -999999 1400    -999999 -999999 -999999 -999999 -999999 -999999 -999999 600     1100    1400    700     300     
	20655  1916 2700    1000    2700    1000    1200    2700    1100    1000    400     800     900     600     900     1400    1300    1000    700     900     500     
	20655  1917 3000    3000    1500    3000    1500    1100    1300    1400    1600    700     400     1200    900     700     400     1100    500     1000    700     
	20655  1918 1500    1500    1000    1200    1400    700     900     700     600     1400    300     1000    600     400     700     300     900     800     400     
	20655  1919 2000    2000    2000    2000    1900    1400    1200    700     1500    900     800     1900    1100    700     1400    1200    900     400     700     
	20655  1920 4000    1200    1200    1200    1200    1200    4000    700     1200    1200    500     400     1200    500     600     800     2800    1400    1500    
	20655  1921 3000    1700    1700    1000    800     1500    2300    500     1000    800     700     700     900     1400    1400    1700    1600    2300    700     
	20655  1922 1600    1600    1300    1100    1600    1200    1400    1100    1100    1600    700     1300    1200    300     700     400     1400    800     500     
	20655  1923 2300    1600    2300    600     1600    2300    900     400     600     1600    800     500     900     1400    1300    700     700     700     800     
	20655  1924 1500    1400    1100    1400    1200    1100    1500    1200    1100    1200    800     500     1000    1000    400     600     1000    1500    1200    
	20655  1925 1400    1000    1200    1000    1200    1200    1400    1000    400     600     600     1200    1100    1200    700     300     1100    700     700     
	20655  1926 1500    900     1500    900     1000    1000    800     700     900     700     600     400     600     400     1000    800     600     400     1000    
	20655  1927 1800    1100    1500    1000    1500    600     1300    700     1000    1100    700     1100    500     400     600     900     1300    800     1200    
	20655  1928 2300    1500    2300    1000    1300    2000    2200    500     1000    1300    900     700     600     2000    500     2200    500     700     500     
	20655  1929 1900    1900    1900    1500    1900    1900    900     1400    1300    1900    1000    700     500     1900    1300    800     600     700     400     
	20655  1930 2200    2200    2100    1300    1300    2100    1100    1200    1300    1200    600     500     2100    500     800     500     1100    400     600     
	20655  1931 1600    900     1600    700     1100    1600    1200    500     700     800     400     700     1100    500     700     600     1200    1200    800     
	20655  1932 3900    3900    1000    3900    1800    1000    1000    1900    2000    1800    800     600     1000    400     800     400     300     1000    2000    
	20655  1933 2000    2000    1800    2000    1800    1100    1100    2000    800     1100    1800    800     900     900     1000    1100    800     600     1000    
	20655  1934 2400    2400    2000    2400    1500    1400    1200    700     2400    900     600     1500    700     1200    1100    800     400     1200    500     
	20655  1935 1600    1600    1500    900     1600    1100    700     900     300     1600    300     1300    400     1000    1000    400     600     700     600     
	20655  1936 1900    1900    1200    1100    1900    1000    1600    300     1100    1900    800     800     900     300     1000    400     1600    1000    1000    
	20655  1937 1500    1000    1500    500     700     1500    1200    500     300     400     400     700     600     600     900     500     1100    1100    600     
	20655  1938 1400    1300    1400    1300    1400    1100    1200    300     1300    1300    1400    1400    1100    1000    700     900     700     1200    1200    
	20655  1939 2500    1300    2500    1300    1500    1400    1100    500     800     300     600     1500    1000    700     1400    800     300     300     1500    
	20655  1940 1300    800     1300    800     900     1100    1300    700     800     400     500     900     1100    300     700     900     1300    500     600     
	20655  1941 1600    1200    1600    1100    1600    1200    900     1100    600     1200    900     1600    1000    1200    300     900     800     700     500     
	20655  1942 2200    1800    2200    1800    2200    1200    900     1800    1500    1100    2200    700     1200    600     600     600     600     800     800     
	20655  1943 3600    3600    2000    1300    2300    2000    1800    500     1300    2300    1000    1100    900     1900    500     1000    1600    700     900     
	20655  1944 1900    1900    1900    1900    1300    1900    1200    400     1900    1100    700     700     700     700     1900    1200    600     200     1000    
	20655  1945 1400    1100    1400    600     1400    1200    1400    600     300     1100    700     1400    800     1200    400     1300    1000    1400    600     
	20655  1946 1900    1600    1700    1600    1400    1700    1900    1600    400     1200    1100    1200    400     1300    700     700     1900    700     1300    
	20655  1947 2900    1500    2900    1500    900     2400    1000    1400    500     700     900     700     700     1100    2400    700     900     500     600     
	20655  1948 2500    2200    1000    1500    1100    900     2300    300     1500    1100    900     800     900     700     600     600     1000    2300    1100    
	20655  1949 -999999 1700    1700    1700    1300    1700    2600    1000    800     1200    800     1300    1300    1200    700     800     1800    500     -999999 
	