EUROPEAN CLIMATE ASSESSMENT & DATASET (ECA&D), file created on: 17-05-2026
THESE DATA CAN BE USED FOR NON-COMMERCIAL RESEARCH AND EDUCATION PROVIDED THAT THE FOLLOWING SOURCE IS ACKNOWLEDGED: 

Klein Tank, A.M.G. and Coauthors, 2002. Daily dataset of 20th-century surface
air temperature and precipitation series for the European Climate Assessment.
Int. J. of Climatol., 22, 1441-1453.
Data and metadata available at http://www.ecad.eu

FILE FORMAT (MISSING VALUE CODE = -999999):

THIS FILE HOLDS DATA FOR STATION NETHERLANDS                              SINT JANSTEEN                            (STAID:  20603)
LATITUDE: dd:mm:ss +51:15:38
LONGITUDE: ddd:mm:ss +004:29:35
ELEVATION: m    2

DATA IS FOR INDEX Maximum no of consecutive dry days (RR < 1 mm) (CDD) with unit 0.01 No of days

01-06 SOUID: Source identifier
08-11 YEAR : YYYY
13-20 ANNUAL DATA VALUES
21-28 WINTER HALF YEAR DATA VALUES
29-36 SUMMER HALF YEAR DATA VALUES
37-44 WINTER (DJF) DATA VALUES
45-52 SPRING (MAM) DATA VALUES
53-60 SUMMER (JJA) DATA VALUES
61-68 AUTUMN (SON) DATA VALUES
69-76 JANUARY DATA VALUES
etc. 
157-164 DECEMBER DATA VALUES

20603  1911 -999999 -999999 -999999 -999999 -999999 -999999 1200    -999999 -999999 -999999 -999999 -999999 -999999 3100    1500    1200    600     500     300     
	20603  1912 1800    700     1800    700     1800    1100    1600    700     500     400     1200    700     500     1100    1000    1600    1100    400     700     
	20603  1913 2600    1900    2600    1900    1000    1800    900     1000    1900    500     500     1000    500     500     1800    800     900     600     700     
	20603  1914 1700    1700    1500    1700    1300    1500    1000    1500    1200    500     1300    900     700     700     1500    900     1000    800     400     
	20603  1915 1700    900     1700    900     900     1700    1700    900     400     700     700     900     1700    700     800     1700    1000    800     600     
	20603  1916 2800    1000    2800    700     1000    2800    1200    400     300     1000    800     600     700     1400    1400    1000    700     1000    500     
	20603  1917 -999999 3200    1800    3200    1800    1300    -999999 1300    1900    1000    1100    1400    700     1300    700     1200    300     -999999 -999999 
	20603  1918 -999999 -999999 1500    -999999 1400    1200    -999999 -999999 600     1400    800     900     800     700     1100    600     500     -999999 -999999 
	20603  1919 -999999 -999999 -999999 -999999 -999999 -999999 -999999 -999999 -999999 -999999 -999999 -999999 -999999 -999999 -999999 -999999 -999999 -999999 -999999 
	20603  1920 -999999 -999999 -999999 -999999 -999999 -999999 -999999 -999999 -999999 -999999 -999999 -999999 -999999 -999999 -999999 -999999 -999999 -999999 -999999 
	20603  1921 -999999 -999999 -999999 -999999 -999999 -999999 -999999 -999999 -999999 -999999 -999999 -999999 -999999 -999999 -999999 -999999 -999999 -999999 -999999 
	20603  1922 -999999 -999999 -999999 -999999 -999999 -999999 -999999 -999999 -999999 -999999 -999999 -999999 -999999 -999999 -999999 -999999 -999999 -999999 -999999 
	20603  1923 -999999 -999999 -999999 -999999 -999999 -999999 -999999 -999999 -999999 -999999 -999999 -999999 -999999 -999999 -999999 -999999 -999999 -999999 -999999 
	20603  1924 -999999 -999999 -999999 -999999 -999999 -999999 -999999 -999999 -999999 -999999 -999999 -999999 -999999 -999999 -999999 -999999 -999999 -999999 -999999 
	20603  1925 -999999 -999999 -999999 -999999 -999999 -999999 1400    -999999 -999999 -999999 -999999 -999999 -999999 -999999 700     300     1000    1000    500     
	20603  1926 1700    1600    1700    800     1600    1500    1700    800     800     1600    800     800     1200    700     600     1700    900     400     1300    
	20603  1927 2100    1600    2000    1600    2000    800     2100    500     1600    600     600     1500    500     400     800     500     2100    600     1600    
	20603  1928 1800    1800    1500    1300    1400    1100    1200    600     1300    1400    600     900     600     1100    700     1200    600     700     400     
	20603  1929 2600    2600    2500    600     2300    1900    800     600     600     2100    1400    2300    500     1900    900     800     700     500     400     
	20603  1930 2100    2100    1400    1200    1400    1400    600     800     1200    1200    800     500     1400    500     800     500     600     400     600     
	20603  1931 1500    1000    1500    500     1100    1500    1200    500     500     1000    900     1100    1100    500     700     700     1200    800     800     
	20603  1932 1800    1800    1700    1800    1600    1700    900     1800    1400    1600    400     600     1700    600     700     500     300     900     1800    
	20603  1933 1900    1300    1900    1300    1800    1200    1600    1300    800     1200    1700    1000    800     700     1000    1100    1000    700     1500    
	20603  1934 2200    2200    1600    2200    1600    1600    900     700     2200    1100    600     1500    1300    1300    1000    700     400     900     500     
	20603  1935 2300    2100    2300    600     2100    2300    900     400     600     2100    500     1300    500     1900    1100    900     500     500     600     
	20603  1936 1600    1600    1600    900     1600    1200    900     600     900     1600    700     800     700     900     1200    600     500     900     900     
	20603  1937 2000    700     2000    700     1100    1500    1200    700     100     600     500     1100    900     600     1200    700     1000    800     400     
	20603  1938 2200    2200    2000    1000    2200    2000    1200    400     1000    2200    1500    1600    1800    1600    900     700     800     1200    1100    
	20603  1939 2400    1300    2400    1300    1400    1000    800     600     700     300     600     1400    1000    700     900     800     300     500     1700    
	20603  1940 2400    800     2400    800     2400    1100    2000    800     400     600     500     2400    1100    400     600     700     2000    400     600     
	20603  1941 3100    1400    3100    1200    1600    3100    1500    1100    700     1400    1100    700     2100    1000    200     1500    800     500     800     
	20603  1942 3000    1200    3000    1100    3000    1000    800     1100    1000    1200    2100    900     600     400     700     800     500     800     600     
	20603  1943 3700    3700    1500    1200    2500    1500    2000    500     1200    2500    600     1200    1000    1000    1200    800     1800    500     1000    
	20603  1944 2300    2100    2300    1900    2300    1900    1000    500     1900    1000    1000    1300    700     700     1800    500     1000    200     900     
	20603  1945 1800    1800    1600    900     1800    1000    1600    600     900     1800    1600    1000    1000    700     800     800     1600    1300    500     
	20603  1946 1400    1400    1300    800     1400    1000    1300    800     500     1400    1100    1100    400     900     700     700     1300    600     1300    
	20603  1947 3100    1100    3100    1100    1100    2600    800     1000    1100    400     1100    1000    1000    1200    2600    700     700     400     700     
	20603  1948 3000    3000    1400    1600    1400    1200    1200    400     1600    1400    1000    1400    800     1200    900     900     600     1200    1000    
	20603  1949 2300    2300    2200    2300    1300    2200    1400    1700    600     1200    800     600     1700    1200    500     600     800     500     700     
	20603  1950 1700    1300    1700    1300    1100    1300    1000    1300    400     800     800     1100    1300    500     500     300     1000    300     800     
	20603  1951 2400    1200    1200    700     1200    1000    2400    400     500     1000    1200    400     900     700     400     700     2000    300     900     
	20603  1952 1600    1300    1600    1000    1500    1600    800     500     1000    700     1500    1300    800     1600    1100    800     600     600     800     
	20603  1953 3400    3400    1400    1200    2500    1400    3000    1200    900     2500    1200    1000    1000    600     1400    700     2300    2000    800     
	20603  1954 1700    1700    1300    1700    1300    600     900     1000    700     1100    1300    800     500     600     500     400     900     600     700     
	20603  1955 1900    900     1900    700     1900    1300    800     700     500     900     1900    500     800     1300    1200    800     800     600     500     
	20603  1956 2000    1300    2000    1300    2000    800     1600    500     1300    1200    1200    1600    800     400     400     1600    900     1000    1000    
	20603  1957 1500    1200    1100    1200    1500    1000    1000    1200    400     600     1100    800     700     500     400     300     700     1000    600     
	20603  1958 2800    1400    1000    600     1400    1000    2100    500     200     1400    500     400     1000    500     500     500     900     2100    700     
	20603  1959 3500    2800    3500    2800    2800    2500    2000    800     2000    300     800     2800    1700    2500    700     2000    1100    700     900     
	20603  1960 2000    2000    1200    700     2000    1200    900     500     700     2000    1000    1000    1200    400     800     900     400     300     600     
	20603  1961 1900    1900    1200    1100    1800    1000    1200    600     1100    1800    700     800     700     800     1000    1200    800     900     600     
	20603  1962 2100    2000    1600    1300    1600    1400    2100    600     1300    700     1200    400     1400    400     700     1200    2100    600     700     
	20603  1963 3400    2200    1700    2200    900     900     1700    1300    1000    800     800     800     600     900     500     1700    1000    900     2500    
	20603  1964 1900    1800    1900    1300    1300    1900    1000    1300    500     1300    800     1100    600     1300    1200    800     700     900     800     
	20603  1965 1500    1500    1300    1000    1300    1000    1200    300     1000    1300    700     1300    800     200     700     700     1200    600     300     
	20603  1966 1600    1100    1600    1100    900     1000    1500    1100    600     400     600     900     1000    300     700     1500    700     400     200     
	20603  1967 1600    1600    1200    1600    1200    1200    1100    800     1600    800     900     400     1100    500     1200    900     500     1100    500     
	20603  1968 2100    1000    1800    600     1800    700     1600    500     600     700     1800    600     600     700     700     600     1100    1600    1400    
	20603  1969 2300    1100    2300    900     1100    1100    2200    900     400     1100    1100    400     1100    700     900     2100    2100    300     600     
	20603  1970 1400    1100    1400    600     1300    1400    1300    500     300     1000    200     1300    1400    500     700     1300    1000    700     1200    
	20603  1971 2500    2000    2200    2000    2500    2200    2100    2000    800     500     2000    800     500     2100    1300    2100    1200    600     900     
	20603  1972 3200    1900    1700    1700    1500    1200    3200    500     1700    1500    800     300     600     700     1200    1400    1800    500     2100    
	20603  1973 2300    1000    1400    1000    1000    1400    1200    1000    600     1000    400     300     1000    600     1400    700     900     1000    600     
	20603  1974 2100    1100    1900    800     2100    1900    500     600     600     1100    1200    800     800     700     1900    400     300     500     700     
	20603  1975 2100    1100    1700    1100    1600    1200    2100    800     1100    200     900     1600    600     1200    900     500     2100    700     1000    
	20603  1976 2100    1500    2100    1500    1700    2100    700     500     1500    1100    1600    800     1700    1100    1100    700     600     500     700     
	20603  1977 1600    900     1600    600     1000    1600    1200    400     300     600     600     1000    500     1600    700     1200    1100    500     900     
	20603  1978 1600    1200    1600    1200    1500    1200    1500    900     1200    500     900     1500    700     1100    1200    700     1500    900     700     
	20603  1979 1500    700     1500    700     1000    1200    1500    600     700     200     1000    500     500     800     700     1500    1300    700     400     
	20603  1980 1400    1400    1400    1400    1200    800     1400    1400    700     1200    1000    1200    600     700     800     1400    500     1000    600     
	20603  1981 2100    1700    2100    1700    900     1100    1100    400     1700    400     900     500     1100    1100    1000    1100    200     900     600     
	20603  1982 1900    1500    1900    1500    1600    1200    1900    1300    1500    800     1600    800     1000    1200    600     1900    800     600     900     
	20603  1983 2700    1800    1600    1800    1300    1400    2700    400     1800    1300    800     300     1300    1200    1400    600     1200    1500    700     
	20603  1984 2200    1300    2200    1000    2000    1900    700     600     1000    1300    1900    300     700     1500    1900    300     700     700     700     
	20603  1985 2200    2000    2000    2000    1200    2000    2200    700     2000    500     1200    900     500     1700    600     800     2200    500     500     
	20603  1986 3000    2100    1400    2100    1100    1400    3000    400     2100    1100    600     400     700     1300    1400    1300    1700    400     700     
	20603  1987 3000    3000    1800    3000    1300    1800    1100    2500    700     1300    1100    700     500     1300    400     800     500     900     1000    
	20603  1988 2500    1100    2500    1100    900     2500    1400    900     1100    400     800     600     2500    400     700     600     700     1400    700     
	20603  1989 1800    1300    1800    1300    1800    1800    1200    1000    800     700     500     1800    1800    1500    1300    800     600     1200    1100    
	20603  1990 1700    900     1700    600     1600    1700    900     600     600     900     900     1600    900     1700    900     600     900     500     500     
	20603  1991 2500    1700    2300    1700    1500    1100    1400    1000    700     800     900     1500    200     500     1000    1400    700     1000    1500    
	20603  1992 1700    1400    1700    1400    1100    1700    700     1200    1300    500     900     1100    800     1100    600     700     500     400     1100    
	20603  1993 3100    3100    1800    1700    3100    1800    1800    500     1500    3100    800     700     1400    700     600     600     1000    1400    300     
	20603  1994 2300    1400    2300    1100    900     2300    1600    500     1100    600     900     500     2000    1800    600     600     1600    1600    400     
	20603  1995 2900    1500    2100    500     1100    2100    1400    200     500     500     800     700     1300    900     1200    600     1400    1100    1800    
	20603  1996 3100    3100    1400    3100    1600    1400    1300    2100    1000    1600    1300    1000    1000    1400    900     1300    800     600     1400    
	20603  1997 3000    1800    2000    1800    1900    2000    2300    1800    300     800     1900    1000    400     700     2000    1800    1600    500     700     
	20603  1998 2000    1800    2000    1800    1700    2000    900     1200    1300    600     300     1700    700     600     1900    900     300     700     700     
	20603  1999 2500    900     2500    700     1000    1200    1400    400     400     900     500     800     500     900     1100    1400    1000    700     300     
	20603  2000 1600    1100    1600    1100    1600    1600    800     1100    400     500     1000    900     1600    800     1600    800     400     300     800     
	20603  2001 1800    1000    1800    1000    1300    1800    1000    1000    800     500     300     1300    1300    800     1000    300     1000    800     1300    
	20603  2002 2200    1500    1300    1500    2200    800     900     1400    400     900     1300    600     700     800     700     900     600     600     900     
	20603  2003 2200    2200    1800    2200    2000    1800    1400    1100    2200    2000    1800    700     700     1200    1700    900     1400    800     1000    
	20603  2004 1700    1000    1200    1000    1200    1100    1600    400     700     800     800     1200    500     600     500     900     1500    400     1500    
	20603  2005 1900    1300    1900    900     1000    1900    1500    600     900     1000    900     600     1900    900     600     1100    1500    600     600     
	20603  2006 1700    1700    1500    1700    1300    1100    1500    1100    600     1300    700     700     1100    1100    400     1500    800     600     1000    
	20603  2007 3700    1000    3500    1000    3700    800     1000    400     600     700     3000    500     600     500     800     600     1000    400     1800    
	20603  2008 1800    1800    1300    1800    1300    800     1000    500     1800    300     700     1300    600     500     800     1000    700     600     1100    
	20603  2009 2000    1000    1600    900     1000    1400    2000    800     400     1000    700     800     1000    800     700     1600    700     300     700     
	20603  2010 2100    1300    2100    1300    2100    1300    1200    1300    700     1300    2100    900     1100    1100    500     600     1200    800     400     
	20603  2011 2500    1800    1400    1500    1700    600     2500    600     900     1700    1400    1000    400     500     400     1200    600     2500    400     
	20603  2012 1600    1400    1600    1000    1400    1600    1000    800     1000    1400    500     1100    500     800     1600    1000    700     600     400     
	20603  2013 2100    900     2100    900     1600    2100    1300    500     900     800     900     500     700     2100    600     1100    500     800     700     
	20603  2014 1900    1400    1900    400     1600    1600    1900    400     400     1400    1500    500     1600    700     500     1900    400     1000    400     
	20603  2015 1300    1100    1300    1100    1300    1000    1100    400     1100    1000    1300    600     800     400     600     600     700     700     400     
	20603  2016 1400    1400    1000    700     1400    900     1200    500     700     1400    800     900     600     600     900     1000    1100    900     800     
	20603  2017 -999999 800     -999999 800     1400    -999999 -999999 800     700     800     1400    700     -999999 300     900     700     700     500     300     
	20603  2018 3200    -999999 3200    1300    1300    3200    -999999 400     1300    400     1300    1200    2300    1000    700     700     1400    -999999 600     
	20603  2019 2000    -999999 2000    1700    2000    1600    1000    400     1700    1400    2000    1500    1100    1400    900     1000    500     700     500     
	20603  2020 2800    1100    2500    1100    2800    800     1800    1100    300     1100    1700    2100    400     800     700     1800    1000    700     300     
	20603  2021 -999999 1800    -999999 1000    -999999 1300    1500    200     1000    900     -999999 600     1300    900     900     1500    700     800     1000    
	20603  2022 3800    3400    3800    600     3800    1400    800     600     400     3000    2300    1500    1000    1300    1400    400     700     800     900     
	20603  2023 3500    1400    3500    1400    1600    1900    900     1100    1200    500     600     1600    1900    700     1100    900     800     300     500     
	20603  2024 1300    800     1300    800     800     1200    1100    800     200     800     500     700     800     500     1200    900     800     1000    700     
	20603  2025 2900    1200    2900    1000    2900    2600    1100    500     1000    1200    1200    2300    1700    700     2600    900     1100    700     1200    
	20603  2026 -999999 900     -999999 500     -999999 -999999 -999999 500     300     900     1200    -999999 -999999 -999999 -999999 -999999 -999999 -999999 -999999 
	