EUROPEAN CLIMATE ASSESSMENT & DATASET (ECA&D), file created on: 17-05-2026
THESE DATA CAN BE USED FOR NON-COMMERCIAL RESEARCH AND EDUCATION PROVIDED THAT THE FOLLOWING SOURCE IS ACKNOWLEDGED: 

Klein Tank, A.M.G. and Coauthors, 2002. Daily dataset of 20th-century surface
air temperature and precipitation series for the European Climate Assessment.
Int. J. of Climatol., 22, 1441-1453.
Data and metadata available at http://www.ecad.eu

FILE FORMAT (MISSING VALUE CODE = -999999):

THIS FILE HOLDS DATA FOR STATION NETHERLANDS                              SCHEEMDA                                 (STAID:  20598)
LATITUDE: dd:mm:ss +53:10:00
LONGITUDE: ddd:mm:ss +006:58:00
ELEVATION: m -100

DATA IS FOR INDEX Maximum no of consecutive dry days (RR < 1 mm) (CDD) with unit 0.01 No of days

01-06 SOUID: Source identifier
08-11 YEAR : YYYY
13-20 ANNUAL DATA VALUES
21-28 WINTER HALF YEAR DATA VALUES
29-36 SUMMER HALF YEAR DATA VALUES
37-44 WINTER (DJF) DATA VALUES
45-52 SPRING (MAM) DATA VALUES
53-60 SUMMER (JJA) DATA VALUES
61-68 AUTUMN (SON) DATA VALUES
69-76 JANUARY DATA VALUES
etc. 
157-164 DECEMBER DATA VALUES

20598  1917 -999999 -999999 -999999 -999999 -999999 2000    1000    -999999 -999999 -999999 -999999 1000    2000    1000    700     800     300     500     -999999 
	20598  1918 -999999 -999999 1000    -999999 1400    1000    1300    -999999 600     1400    800     1000    500     800     700     200     1000    800     400     
	20598  1919 1700    1200    1400    1200    1300    1000    1700    1000    800     900     900     1300    600     600     1000    1300    900     1200    700     
	20598  1920 4000    1700    1900    1200    900     1900    4000    600     1200    900     500     400     1900    500     700     700     2800    1500    1500    
	20598  1921 4000    1700    2200    1300    1500    2200    2300    300     1300    1500    700     1500    400     2200    700     1100    1600    2300    1700    
	20598  1922 2000    2000    1300    2000    1800    1300    1400    2000    1100    1800    900     1200    1300    400     500     900     1400    1000    400     
	20598  1923 2000    1600    2000    1300    1600    2000    800     500     1300    1600    900     700     600     1400    1100    700     300     800     400     
	20598  1924 1500    1400    1400    1400    1400    1000    1500    1400    1000    1400    800     1400    800     800     700     600     1000    1500    1300    
	20598  1925 2000    900     2000    900     1200    1700    900     900     500     800     1100    1200    1700    700     800     700     600     900     500     
	20598  1926 1500    1500    800     1200    1500    800     800     1200    900     1500    700     400     400     800     600     800     600     400     900     
	20598  1927 1700    1300    1300    900     1300    900     1000    800     900     1300    300     1000    900     700     600     700     1000    800     1200    
	20598  1928 3300    3300    2100    1200    2100    800     2000    700     1200    2100    1000    800     600     800     700     2000    600     400     600     
	20598  1929 -999999 -999999 1400    -999999 1600    1200    800     -999999 -999999 1600    1400    800     600     1200    700     800     600     500     -999999 
	20598  1930 -999999 -999999 -999999 -999999 -999999 -999999 -999999 -999999 -999999 -999999 900     500     1200    500     -999999 -999999 -999999 -999999 -999999 
	20598  1931 2300    -999999 2300    -999999 2300    1000    1200    500     700     800     700     2100    600     400     500     600     1200    1100    1100    
	20598  1932 -999999 -999999 -999999 2500    -999999 1800    1000    1800    700     -999999 -999999 -999999 1800    500     700     600     300     1000    1700    
	20598  1933 3200    1700    2500    1700    1600    1000    1400    1100    500     1100    1000    1600    900     800     700     1100    700     600     2600    
	20598  1934 2100    2100    1500    2100    1200    1500    1700    700     2100    700     700     1200    1200    1200    1500    1400    500     1700    700     
	20598  1935 1900    1600    1900    800     1900    1800    600     800     600     1600    600     1300    400     1100    1800    600     600     500     700     
	20598  1936 2600    2600    1600    1200    1400    1200    1100    400     1200    1400    500     800     800     400     1200    600     1000    1000    900     
	20598  1937 1400    900     1400    900     1000    1400    1000    900     200     400     600     600     700     800     1200    500     1000    800     400     
	20598  1938 2600    1800    2600    1400    2600    1600    1300    600     1400    1800    1200    1400    500     500     1100    1300    1200    1000    1200    
	20598  1939 2300    1500    2300    1500    1300    1400    800     700     800     600     600     1300    1000    300     1400    800     400     500     2000    
	20598  1940 1800    1400    1800    1400    1800    1100    900     1400    800     500     500     1800    1100    300     700     900     800     500     800     
	20598  1941 2300    1500    2200    1500    2200    1200    2300    1200    600     1100    1000    1300    1200    1000    200     1500    800     1300    700     
	20598  1942 3100    3100    2000    1900    2000    1400    700     1900    1500    1600    2000    900     1400    600     800     700     400     400     800     
	20598  1943 -999999 1700    -999999 1300    1600    1900    -999999 900     1300    1300    1600    1200    900     1800    600     -999999 -999999 500     1700    
	20598  1944 -999999 -999999 1100    1400    900     1100    1000    700     1400    800     900     800     800     1100    1000    600     1000    300     -999999 
	20598  1945 -999999 -999999 1500    -999999 1300    1500    -999999 -999999 -999999 1100    800     1300    400     1500    700     1300    1700    -999999 -999999 
	20598  1946 -999999 -999999 1700    -999999 1700    700     1900    -999999 400     1000    1700    1200    400     700     300     700     1900    400     1800    
	20598  1947 3700    3700    2300    3700    2000    2300    1600    1100    2600    900     1400    2000    2000    1600    2300    500     1500    300     1000    
	20598  1948 2200    2200    1900    1500    1900    1000    900     400     1500    1100    1900    1100    500     1000    600     500     600     900     1100    
	20598  1949 3400    1200    1800    800     1400    1800    3400    800     700     1200    800     600     1400    900     700     1300    2100    600     700     
	20598  1950 1600    1300    1600    1300    1000    1300    1000    1300    300     800     1000    900     1300    400     600     300     1000    400     1500    
	20598  1951 2700    1300    1200    1000    1200    1200    2700    600     700     1000    1100    1200    900     1200    600     800     2000    400     1300    
	20598  1952 -999999 -999999 1500    -999999 1500    800     1300    -999999 1100    1000    1100    1500    700     700     800     1300    700     500     1000    
	20598  1953 -999999 2000    -999999 1300    -999999 -999999 -999999 1400    1100    1700    1100    -999999 -999999 -999999 -999999 -999999 -999999 -999999 -999999 
	