EUROPEAN CLIMATE ASSESSMENT & DATASET (ECA&D), file created on: 17-05-2026
THESE DATA CAN BE USED FOR NON-COMMERCIAL RESEARCH AND EDUCATION PROVIDED THAT THE FOLLOWING SOURCE IS ACKNOWLEDGED: 

Klein Tank, A.M.G. and Coauthors, 2002. Daily dataset of 20th-century surface
air temperature and precipitation series for the European Climate Assessment.
Int. J. of Climatol., 22, 1441-1453.
Data and metadata available at http://www.ecad.eu

FILE FORMAT (MISSING VALUE CODE = -999999):

THIS FILE HOLDS DATA FOR STATION NETHERLANDS                              VROUWENPOLDER                            (STAID:   2544)
LATITUDE: dd:mm:ss +51:34:59
LONGITUDE: ddd:mm:ss +003:34:59
ELEVATION: m   16

DATA IS FOR INDEX Maximum no of consecutive dry days (RR < 1 mm) (CDD) with unit 0.01 No of days

01-06 SOUID: Source identifier
08-11 YEAR : YYYY
13-20 ANNUAL DATA VALUES
21-28 WINTER HALF YEAR DATA VALUES
29-36 SUMMER HALF YEAR DATA VALUES
37-44 WINTER (DJF) DATA VALUES
45-52 SPRING (MAM) DATA VALUES
53-60 SUMMER (JJA) DATA VALUES
61-68 AUTUMN (SON) DATA VALUES
69-76 JANUARY DATA VALUES
etc. 
157-164 DECEMBER DATA VALUES

2544   1950 -999999 -999999 -999999 -999999 -999999 -999999 -999999 -999999 -999999 -999999 -999999 -999999 -999999 -999999 -999999 -999999 -999999 -999999 -999999 
	2544   1951 2500    -999999 1400    -999999 1400    1000    2500    400     400     900     1400    400     1000    900     600     700     2000    300     1500    
	2544   1952 1500    1100    1500    1100    1500    1000    800     400     1100    700     1500    1300    800     900     900     800     600     300     600     
	2544   1953 3800    3800    1500    1100    2700    1500    1700    800     1100    2700    1000    1300    1000    800     1400    900     1600    1700    800     
	2544   1954 2600    1600    2600    1600    2600    700     700     1000    600     1000    2600    1700    500     700     400     400     700     600     700     
	2544   1955 2000    1800    2000    1400    2000    1400    800     900     1400    1200    2000    300     800     1300    1200    800     800     500     700     
	2544   1956 2500    800     2500    800     2500    1000    1400    500     800     700     1700    1600    1000    800     400     1400    800     1100    1000    
	2544   1957 1400    1100    1300    1100    1400    1300    1200    1100    400     600     1000    800     1300    400     700     300     1200    800     600     
	2544   1958 2000    1400    1100    600     1400    1100    2000    500     300     1400    1000    700     1100    800     500     600     800     2000    600     
	2544   1959 2200    2100    2200    2100    2000    1600    2000    500     2000    300     800     2000    1600    1300    1500    2000    1600    700     900     
	2544   1960 1600    1400    1600    1000    1600    1400    900     400     1000    1400    1600    1100    1400    400     800     900     300     400     600     
	2544   1961 1700    1700    1300    1400    1700    900     1300    600     1400    1700    500     900     700     900     700     1300    800     1200    700     
	2544   1962 2200    2000    2200    1300    1100    1700    2100    600     1300    1100    700     800     1700    700     800     800     2100    700     700     
	2544   1963 2400    2100    2000    1300    900     1200    1300    1100    1300    800     700     800     1200    700     200     1300    1000    900     1500    
	2544   1964 1700    1700    1500    1700    1200    1400    1000    1700    700     1200    800     1100    800     900     1200    900     700     900     500     
	2544   1965 1500    1400    1100    700     1500    1100    1400    200     700     1300    900     700     800     300     800     700     1400    700     300     
	2544   1966 1600    1000    1500    1000    900     1300    1600    1000    400     500     600     600     500     400     1300    1500    400     400     200     
	2544   1967 1500    1000    1500    1000    900     1500    1000    1000    800     700     900     500     1500    900     1200    500     700     1000    400     
	2544   1968 1400    1300    1300    800     1300    800     1200    500     800     700     1300    600     600     800     800     600     1200    1100    1400    
	2544   1969 2600    1100    2600    900     1100    1200    2500    900     400     1100    1000    400     1100    1200    900     2500    2000    300     600     
	2544   1970 3000    1400    3000    600     1000    2000    1400    500     400     500     400     1000    2000    500     1100    1400    1300    700     1000    
	2544   1971 2100    1200    2100    1200    1000    2100    1500    1200    900     500     900     600     800     1900    1200    1300    1100    400     900     
	2544   1972 2200    1400    2000    800     1400    1300    2200    600     800     1400    900     400     600     900     1300    700     1800    400     1500    
	2544   1973 2800    2500    1900    1700    2500    1900    1500    1300    600     2500    400     400     1600    400     1900    1500    900     1000    400     
	2544   1974 2100    1100    1300    600     2100    1300    800     500     600     1100    1300    800     800     700     1300    800     200     400     700     
	2544   1975 1900    1100    1100    1000    1100    1000    1900    800     1000    300     1100    800     1000    600     800     800     1900    700     500     
	2544   1976 2800    1300    2800    1300    1800    2800    700     800     900     700     1600    800     1800    1200    2800    300     700     400     600     
	2544   1977 1300    600     1300    600     1100    800     1100    300     600     500     500     1100    600     800     500     700     1100    400     600     
	2544   1978 2100    700     2100    700     1700    2100    1500    500     700     500     900     1700    700     2100    1600    900     1500    900     700     
	2544   1979 1400    800     1400    800     600     1300    1400    600     800     500     600     500     700     900     500     1400    1100    600     400     
	2544   1980 3100    1400    3100    1400    3100    800     1100    1400    600     1100    1000    2700    800     800     700     700     400     900     700     
	2544   1981 2100    1600    2100    1600    1100    1000    1100    400     1600    500     1000    500     700     600     1000    1100    200     600     600     
	2544   1982 1800    1500    1800    1500    1800    1200    1700    1500    1500    700     1800    1000    900     1200    500     1700    800     800     900     
	2544   1983 2400    1700    2400    1700    1300    2400    1700    400     1700    1300    400     400     2400    1600    1400    600     1000    1400    700     
	2544   1984 2600    1300    2600    1100    2300    2400    900     500     1100    1300    1900    800     800     1000    2400    200     700     900     800     
	2544   1985 2000    2000    1900    2000    1200    1900    1900    600     2000    700     1200    700     500     1700    500     900     1900    700     400     
	2544   1986 2900    2900    1500    2600    1000    1400    2100    400     2600    1000    600     700     1100    1400    600     1500    700     600     400     
	2544   1987 1700    1300    1300    1300    1200    1300    1200    1300    1000    1200    800     700     400     1300    700     500     500     900     1400    
	2544   1988 2300    1200    2300    1200    1100    2300    700     300     1200    400     1100    800     2300    300     700     600     500     700     700     
	2544   1989 1900    1300    1900    1300    1900    1300    1200    1000    600     700     500     1900    1300    1300    1000    900     500     1200    800     
	2544   1990 2000    900     2000    800     2000    2000    1100    600     600     900     900     2000    1100    2000    1600    600     1100    500     700     
	2544   1991 2300    2000    2200    2000    1500    1600    1400    1300    1100    1100    700     1500    400     600     1000    1400    700     800     1500    
	2544   1992 1700    1300    1700    1300    1700    1300    1300    1200    600     600     1000    1700    1000    700     600     900     500     600     1200    
	2544   1993 1600    1600    1500    900     1600    1500    1600    700     900     1600    800     600     1200    300     600     300     1000    1400    500     
	2544   1994 2500    1300    2500    1300    900     2500    1800    500     1300    400     900     700     2000    2000    600     600     1800    800     300     
	2544   1995 2700    1300    2700    300     1200    2700    1200    200     300     500     800     1100    1300    800     2300    500     1200    600     1600    
	2544   1996 2200    2200    1900    2200    1900    1200    1200    2100    600     1600    1900    600     1200    1200    900     1200    400     300     1100    
	2544   1997 2300    1800    1900    1800    1900    1900    2300    1700    300     1200    1900    900     500     1100    1900    1800    1700    500     700     
	2544   1998 1700    1700    1700    1700    1700    1600    900     1200    1300    1400    300     1700    200     1000    1600    900     300     600     300     
	2544   1999 1500    900     1500    700     1400    1100    1200    300     400     900     800     800     900     900     1100    700     1200    400     200     
	2544   2000 1100    900     1100    700     900     1100    800     700     400     900     600     600     1100    700     900     800     400     300     800     
	2544   2001 1500    800     1500    800     1500    1300    700     800     800     400     300     1500    1300    1000    600     300     400     700     1500    
	2544   2002 2200    1000    1300    1000    2200    800     1100    900     500     1000    1200    500     700     800     800     1100    400     600     900     
	2544   2003 2100    2100    1900    2100    1600    1900    1400    300     2100    1600    1200    600     800     1300    1700    1000    1400    900     1000    
	2544   2004 1700    1000    1400    1000    1400    800     1000    300     700     900     1000    1400    800     400     400     1000    700     500     1500    
	2544   2005 1700    800     1700    800     900     1700    1500    600     600     600     700     900     1100    1700    600     900     1500    700     700     
	2544   2006 1500    1300    1500    1200    1500    1200    1500    600     600     1300    700     1500    1200    1000    500     1500    1000    400     1000    
	2544   2007 4600    1100    3500    900     4600    1200    1300    400     800     1100    3000    500     1200    600     1000    1300    1000    400     1400    
	2544   2008 2200    1800    2200    1800    2200    1100    1000    600     1800    400     2200    1300    1100    500     800     1000    800     600     1100    
	2544   2009 2000    1200    1900    900     1200    1900    2000    800     600     1200    900     800     1500    400     1900    1600    700     300     600     
	2544   2010 2100    1300    2100    1300    2100    1200    900     1300    1100    900     2100    1200    1100    1000    400     600     900     700     700     
	2544   2011 2500    1800    1600    700     1700    500     2500    600     700     1700    1500    1600    400     500     400     1200    600     2500    500     
	2544   2012 1900    1400    1100    1100    1900    1000    700     1100    800     1400    500     1100    500     800     1000    700     500     400     300     
	2544   2013 2300    1300    2300    800     2200    2300    1900    500     800     1300    1100    600     1100    2300    900     1100    800     300     700     
	2544   2014 2000    1700    2000    500     1700    1800    1900    400     500     1700    900     600     1800    600     500     1900    400     600     400     
	2544   2015 2000    2000    1300    1500    2000    1200    1000    300     1500    2000    1300    1200    800     400     900     600     700     300     500     
	2544   2016 1600    1600    1400    500     1600    1400    1200    200     500     1600    600     700     700     1400    700     1200    1000    700     1000    
	2544   2017 2500    1300    1400    1300    2500    1300    1000    1300    400     1200    1300    1300    1300    400     900     500     1000    300     400     
	2544   2018 3200    1000    3200    900     1800    3200    1900    400     900     500     1100    1800    2300    1600    1000    800     1900    1200    800     
	2544   2019 2100    1700    2100    1700    2100    1700    1000    500     1700    1500    2100    1000    1200    600     1200    1000    500     400     500     
	2544   2020 3700    2000    3300    900     3700    1500    1800    900     500     2000    1700    3000    900     800     1500    1800    600     800     600     
	2544   2021 -999999 -999999 1600    -999999 1600    1200    1600    -999999 700     800     1600    700     1200    1100    600     1600    500     600     1100    
	2544   2022 3300    3300    2100    1000    2900    2100    700     1000    500     2900    1800    1000    900     1900    1500    400     700     600     400     
	2544   2023 3200    1100    3200    1100    1600    1600    1000    600     1100    300     800     1600    1600    1000    900     1000    800     200     400     
	2544   2024 1200    -999999 1200    -999999 700     1100    900     600     -999999 400     600     700     800     600     1100    900     700     500     900     
	2544   2025 2900    1500    2900    1000    2900    2500    900     1000    900     1500    1300    2200    1000    800     2500    600     900     800     1000    
	2544   2026 -999999 -999999 -999999 600     -999999 -999999 -999999 600     400     -999999 -999999 -999999 -999999 -999999 -999999 -999999 -999999 -999999 -999999 
	