EUROPEAN CLIMATE ASSESSMENT & DATASET (ECA&D), file created on: 17-05-2026
THESE DATA CAN BE USED FOR NON-COMMERCIAL RESEARCH AND EDUCATION PROVIDED THAT THE FOLLOWING SOURCE IS ACKNOWLEDGED: 

Klein Tank, A.M.G. and Coauthors, 2002. Daily dataset of 20th-century surface
air temperature and precipitation series for the European Climate Assessment.
Int. J. of Climatol., 22, 1441-1453.
Data and metadata available at http://www.ecad.eu

FILE FORMAT (MISSING VALUE CODE = -999999):

THIS FILE HOLDS DATA FOR STATION NETHERLANDS                              ZUIDBARGE                                (STAID:  20653)
LATITUDE: dd:mm:ss +52:45:24
LONGITUDE: ddd:mm:ss +006:54:11
ELEVATION: m -100

DATA IS FOR INDEX Maximum no of consecutive dry days (RR < 1 mm) (CDD) with unit 0.01 No of days

01-06 SOUID: Source identifier
08-11 YEAR : YYYY
13-20 ANNUAL DATA VALUES
21-28 WINTER HALF YEAR DATA VALUES
29-36 SUMMER HALF YEAR DATA VALUES
37-44 WINTER (DJF) DATA VALUES
45-52 SPRING (MAM) DATA VALUES
53-60 SUMMER (JJA) DATA VALUES
61-68 AUTUMN (SON) DATA VALUES
69-76 JANUARY DATA VALUES
etc. 
157-164 DECEMBER DATA VALUES

20653  1898 -999999 -999999 -999999 -999999 -999999 -999999 -999999 -999999 -999999 -999999 -999999 -999999 -999999 -999999 -999999 -999999 -999999 1000    600     
	20653  1899 3300    -999999 3300    1400    1600    2700    900     800     1200    1600    900     600     2700    800     1400    600     900     700     1300    
	20653  1900 1600    1400    1200    1100    1200    1200    1400    500     1000    1100    1200    900     600     1200    700     600     600     1400    600     
	20653  1901 2600    2600    1500    2600    1500    1200    1400    1800    2200    700     800     1500    800     1200    900     1200    1000    800     800     
	20653  1902 2000    1900    1600    1900    700     1600    1700    900     1900    700     700     700     1600    900     600     1200    600     1100    1400    
	20653  1903 2000    2000    1600    1300    2000    1600    1100    1300    700     2000    700     1000    1100    500     500     900     900     500     2000    
	20653  1904 3000    1500    2100    1100    1100    2100    1600    1100    800     1100    900     1000    900     2100    500     1600    600     800     800     
	20653  1905 2000    2000    1300    2000    1000    1300    900     2000    1000    700     700     1000    800     1300    600     900     500     900     1200    
	20653  1906 1800    700     1800    700     1700    1800    1200    400     700     700     1700    500     1000    1500    500     1100    1000    400     1700    
	20653  1907 2300    1500    2300    1500    1400    1200    2300    1500    1100    1000    1000    600     400     1200    700     2300    600     1100    800     
	20653  1908 1800    1600    1800    1300    1600    1800    1800    900     700     1600    500     400     1200    1000    400     1000    1300    1100    1300    
	20653  1909 3100    3100    1300    1400    1700    1300    1200    1000    1400    1700    1100    1000    700     600     1300    500     700     900     800     
	20653  1910 1500    1000    1500    600     1000    1100    1500    600     400     1000    600     900     1100    700     700     1500    1200    600     300     
	20653  1911 1800    1200    1800    1200    1600    1400    800     700     800     1100    1600    700     1100    1000    1400    500     600     800     800     
	20653  1912 2000    2000    2000    2000    2000    1700    1800    1400    1100    600     1900    800     600     1700    300     1800    1300    400     600     
	20653  1913 1900    1900    1700    1900    1200    1700    1300    1500    1900    400     800     600     600     900     1700    900     600     800     700     
	20653  1914 2300    1700    2300    1700    2300    1400    1300    1700    1200    300     1900    900     1200    800     1400    1100    1300    1200    500     
	20653  1915 2300    900     2300    900     1400    1200    1900    700     900     700     1400    1400    1200    700     700     1100    1900    900     400     
	20653  1916 2800    1400    2800    1400    1000    2800    1100    900     500     1000    800     900     1000    1500    1300    1000    800     900     800     
	20653  1917 4400    4400    1800    4400    1800    1800    1300    2800    1600    1800    600     1100    1800    900     600     1000    700     1100    800     
	20653  1918 -999999 -999999 -999999 -999999 -999999 -999999 -999999 1000    -999999 -999999 -999999 -999999 -999999 -999999 -999999 -999999 -999999 -999999 -999999 
	