EUROPEAN CLIMATE ASSESSMENT & DATASET (ECA&D), file created on: 17-05-2026
THESE DATA CAN BE USED FOR NON-COMMERCIAL RESEARCH AND EDUCATION PROVIDED THAT THE FOLLOWING SOURCE IS ACKNOWLEDGED: 

Klein Tank, A.M.G. and Coauthors, 2002. Daily dataset of 20th-century surface
air temperature and precipitation series for the European Climate Assessment.
Int. J. of Climatol., 22, 1441-1453.
Data and metadata available at http://www.ecad.eu

FILE FORMAT (MISSING VALUE CODE = -999999):

THIS FILE HOLDS DATA FOR STATION NETHERLANDS                              BOORNBERGUM FR                           (STAID:  20487)
LATITUDE: dd:mm:ss +53:50:45
LONGITUDE: ddd:mm:ss +006:27:32
ELEVATION: m    1

DATA IS FOR INDEX Maximum no of consecutive dry days (RR < 1 mm) (CDD) with unit 0.01 No of days

01-06 SOUID: Source identifier
08-11 YEAR : YYYY
13-20 ANNUAL DATA VALUES
21-28 WINTER HALF YEAR DATA VALUES
29-36 SUMMER HALF YEAR DATA VALUES
37-44 WINTER (DJF) DATA VALUES
45-52 SPRING (MAM) DATA VALUES
53-60 SUMMER (JJA) DATA VALUES
61-68 AUTUMN (SON) DATA VALUES
69-76 JANUARY DATA VALUES
etc. 
157-164 DECEMBER DATA VALUES

20487  1930 -999999 -999999 -999999 -999999 -999999 -999999 700     -999999 -999999 -999999 -999999 -999999 -999999 -999999 -999999 500     700     300     800     
	20487  1931 1600    1100    1100    1100    1600    1000    1200    500     700     1100    700     900     600     300     900     600     500     1200    1200    
	20487  1932 2500    2500    1900    2500    1900    1900    1000    1800    1400    1900    700     400     1200    500     1900    500     500     1000    1700    
	20487  1933 2100    2100    1500    2100    1500    1100    1100    2100    1000    1200    900     1500    1000    900     900     1100    600     600     1400    
	20487  1934 2400    2400    1900    2400    1400    1400    1700    600     2400    700     600     1400    1100    1200    900     1100    400     1700    700     
	20487  1935 2000    1600    2000    1000    2000    1400    700     1000    600     1600    800     1200    400     1100    1400    600     600     700     600     
	20487  1936 1600    1600    1500    1100    1600    1500    1000    400     1100    1600    800     900     1500    400     1100    500     500     1000    900     
	20487  1937 1400    900     1400    700     800     1400    1300    700     200     800     500     700     700     800     1000    500     1000    700     400     
	20487  1938 1700    1700    1100    1300    1700    1100    1300    400     1300    1700    800     1000    1100    1000    600     900     800     1300    1200    
	20487  1939 2500    1500    2500    1500    1500    1900    700     700     800     500     600     1500    1000    400     1900    700     400     500     1500    
	20487  1940 1800    1500    1800    1500    1800    1100    700     1500    700     400     800     1800    1100    300     700     700     700     400     600     
	20487  1941 2500    1400    2500    1400    2500    2300    1500    1100    700     1100    1100    1400    2100    900     300     1500    800     800     700     
	20487  1942 3000    1400    3000    1400    3000    1200    700     1400    1100    1100    2000    1000    1200    600     600     700     300     600     800     
	20487  1943 3700    3700    1800    1400    2300    1800    1400    800     1400    2300    1100    1100    900     1800    700     1200    1400    500     1500    
	20487  1944 1900    1900    1900    1900    1300    1900    900     600     1900    1100    900     700     900     1400    1800    700     900     300     1100    
	20487  1945 2300    2300    1400    500     2300    800     1400    500     300     2300    1400    700     800     800     500     1300    1300    1400    500     
	20487  1946 2200    1000    2200    1000    2200    800     1400    1000    700     1000    1700    1500    400     800     300     700     1400    700     1200    
	20487  1947 -999999 1200    -999999 1200    1800    -999999 -999999 1000    1000    800     1100    1800    -999999 -999999 -999999 -999999 -999999 -999999 -999999 
	20487  1948 -999999 -999999 -999999 -999999 1900    -999999 -999999 -999999 1500    1000    1900    1100    900     1300    -999999 -999999 -999999 -999999 -999999 
	20487  1949 -999999 -999999 -999999 -999999 -999999 -999999 -999999 -999999 -999999 -999999 -999999 -999999 -999999 -999999 -999999 -999999 -999999 -999999 -999999 
	20487  1950 -999999 -999999 -999999 -999999 -999999 1100    900     -999999 -999999 -999999 -999999 900     1100    500     500     200     900     700     1400    
	20487  1951 -999999 -999999 -999999 -999999 -999999 -999999 2400    -999999 700     1400    -999999 -999999 -999999 -999999 -999999 700     2000    500     -999999 
	