EUROPEAN CLIMATE ASSESSMENT & DATASET (ECA&D), file created on: 17-05-2026
THESE DATA CAN BE USED FOR NON-COMMERCIAL RESEARCH AND EDUCATION PROVIDED THAT THE FOLLOWING SOURCE IS ACKNOWLEDGED: 

Klein Tank, A.M.G. and Coauthors, 2002. Daily dataset of 20th-century surface
air temperature and precipitation series for the European Climate Assessment.
Int. J. of Climatol., 22, 1441-1453.
Data and metadata available at http://www.ecad.eu

FILE FORMAT (MISSING VALUE CODE = -999999):

THIS FILE HOLDS DATA FOR STATION NETHERLANDS                              WIJK AAN ZEE                             (STAID:    437)
LATITUDE: dd:mm:ss +52:30:19
LONGITUDE: ddd:mm:ss +004:36:11
ELEVATION: m    9

DATA IS FOR INDEX Maximum no of consecutive dry days (RR < 1 mm) (CDD) with unit 0.01 No of days

01-06 SOUID: Source identifier
08-11 YEAR : YYYY
13-20 ANNUAL DATA VALUES
21-28 WINTER HALF YEAR DATA VALUES
29-36 SUMMER HALF YEAR DATA VALUES
37-44 WINTER (DJF) DATA VALUES
45-52 SPRING (MAM) DATA VALUES
53-60 SUMMER (JJA) DATA VALUES
61-68 AUTUMN (SON) DATA VALUES
69-76 JANUARY DATA VALUES
etc. 
157-164 DECEMBER DATA VALUES

437    1880 -999999 -999999 -999999 -999999 -999999 -999999 900     -999999 -999999 -999999 -999999 -999999 -999999 800     2300    800     600     500     400     
	437    1881 3500    3500    1000    3500    1600    900     900     3000    1800    1100    900     600     500     900     700     300     600     800     600     
	437    1882 3600    3600    1200    3600    2100    600     1000    2300    1300    2100    1200    700     500     600     500     500     1000    600     600     
	437    1883 6700    3100    3600    3000    6700    600     1200    2900    1700    3100    3000    1000    600     600     600     1200    600     400     800     
	437    1884 2000    2000    1500    2000    1500    1500    1300    900     2000    1000    1400    1100    600     500     1300    1300    700     700     600     
	437    1885 4800    2800    4800    2800    1500    4800    900     2700    300     1000    1500    200     1200    3100    900     300     200     900     1600    
	437    1886 1700    1700    1500    1700    1500    1300    1500    500     1700    1500    700     1000    900     600     1000    1500    900     400     300     
	437    1887 4100    4100    3000    2600    1500    3000    800     1700    2600    1500    900     800     2700    1800    1100    800     100     600     400     
	437    1888 1700    1700    1300    1700    1300    600     1200    1700    800     400     1100    1300    600     300     400     700     1200    900     1000    
	437    1889 2200    1100    2200    1100    700     2200    1500    900     300     600     700     600     2100    400     500     1500    400     700     700     
	437    1890 2200    2200    1900    2200    1500    800     1900    500     2200    600     900     1500    700     800     700     1900    700     1400    1800    
	437    1891 2700    2100    1100    2100    1100    800     1300    2100    1300    600     1100    900     800     800     400     1000    600     800     1200    
	437    1892 1800    1200    1500    1100    1800    1100    700     900     1100    1000    1500    1300    900     1000    1100    600     100     700     1200    
	437    1893 -999999 -999999 -999999 -999999 -999999 -999999 -999999 1200    -999999 -999999 -999999 -999999 -999999 -999999 -999999 -999999 -999999 -999999 -999999 
	437    1894 -999999 -999999 -999999 -999999 -999999 -999999 -999999 -999999 -999999 -999999 -999999 -999999 -999999 -999999 -999999 -999999 -999999 -999999 -999999 
	437    1895 -999999 -999999 -999999 -999999 -999999 -999999 -999999 -999999 -999999 -999999 -999999 -999999 -999999 -999999 -999999 -999999 -999999 -999999 -999999 
	437    1896 -999999 -999999 -999999 -999999 -999999 -999999 -999999 -999999 -999999 -999999 -999999 -999999 -999999 -999999 -999999 -999999 -999999 -999999 -999999 
	437    1897 -999999 -999999 -999999 -999999 -999999 -999999 -999999 -999999 -999999 -999999 -999999 -999999 -999999 -999999 -999999 -999999 -999999 -999999 -999999 
	437    1898 -999999 -999999 -999999 -999999 -999999 -999999 -999999 -999999 -999999 -999999 -999999 -999999 -999999 -999999 -999999 -999999 -999999 -999999 -999999 
	437    1899 -999999 -999999 -999999 -999999 -999999 -999999 -999999 -999999 -999999 -999999 -999999 -999999 -999999 -999999 -999999 -999999 -999999 -999999 -999999 
	437    1900 -999999 -999999 -999999 -999999 -999999 -999999 -999999 -999999 -999999 -999999 -999999 -999999 -999999 -999999 -999999 -999999 -999999 -999999 -999999 
	437    1901 -999999 -999999 -999999 -999999 -999999 -999999 -999999 -999999 -999999 -999999 -999999 -999999 -999999 -999999 -999999 -999999 -999999 -999999 -999999 
	437    1902 -999999 -999999 -999999 -999999 -999999 -999999 -999999 -999999 -999999 -999999 -999999 -999999 -999999 -999999 -999999 -999999 -999999 -999999 -999999 
	437    1903 -999999 -999999 -999999 -999999 -999999 -999999 -999999 -999999 -999999 -999999 -999999 -999999 -999999 -999999 -999999 -999999 -999999 -999999 -999999 
	437    1904 -999999 -999999 -999999 -999999 -999999 -999999 -999999 -999999 -999999 -999999 -999999 -999999 -999999 -999999 -999999 -999999 -999999 -999999 -999999 
	437    1905 -999999 -999999 -999999 -999999 -999999 -999999 -999999 -999999 -999999 -999999 -999999 -999999 -999999 -999999 -999999 -999999 -999999 -999999 -999999 
	437    1906 -999999 -999999 -999999 -999999 -999999 -999999 -999999 -999999 -999999 -999999 -999999 -999999 -999999 -999999 -999999 -999999 -999999 -999999 -999999 
	437    1907 -999999 -999999 -999999 -999999 -999999 -999999 -999999 -999999 -999999 -999999 -999999 -999999 -999999 -999999 -999999 -999999 -999999 -999999 -999999 
	437    1908 -999999 -999999 -999999 -999999 -999999 -999999 -999999 -999999 -999999 -999999 -999999 -999999 -999999 -999999 -999999 -999999 -999999 -999999 -999999 
	437    1909 -999999 -999999 -999999 -999999 -999999 -999999 -999999 -999999 -999999 -999999 -999999 -999999 -999999 -999999 -999999 -999999 -999999 -999999 -999999 
	437    1910 -999999 -999999 -999999 -999999 -999999 -999999 -999999 -999999 -999999 -999999 -999999 -999999 -999999 -999999 -999999 -999999 -999999 -999999 -999999 
	437    1911 -999999 -999999 -999999 -999999 -999999 -999999 -999999 -999999 -999999 -999999 -999999 -999999 -999999 -999999 -999999 -999999 -999999 -999999 -999999 
	437    1912 -999999 -999999 -999999 -999999 -999999 -999999 -999999 -999999 -999999 -999999 -999999 -999999 -999999 -999999 -999999 -999999 -999999 -999999 -999999 
	437    1913 -999999 -999999 -999999 -999999 -999999 -999999 -999999 -999999 -999999 -999999 -999999 -999999 -999999 -999999 -999999 -999999 -999999 -999999 -999999 
	437    1914 -999999 -999999 -999999 -999999 -999999 -999999 -999999 -999999 -999999 -999999 -999999 -999999 -999999 -999999 -999999 -999999 -999999 -999999 -999999 
	437    1915 -999999 -999999 -999999 -999999 -999999 -999999 -999999 -999999 -999999 -999999 -999999 -999999 -999999 -999999 -999999 -999999 -999999 -999999 -999999 
	437    1916 -999999 -999999 -999999 -999999 -999999 -999999 -999999 -999999 -999999 -999999 -999999 -999999 -999999 -999999 -999999 -999999 -999999 -999999 -999999 
	437    1917 -999999 -999999 -999999 -999999 -999999 -999999 -999999 -999999 -999999 -999999 -999999 -999999 -999999 -999999 -999999 -999999 -999999 -999999 -999999 
	437    1918 1600    -999999 1600    -999999 900     1300    1000    800     600     700     500     900     700     600     1100    200     900     600     400     
	437    1919 2400    2000    2400    2000    2200    2400    1800    600     1500    500     900     2200    700     1000    1800    1800    900     500     200     
	437    1920 2900    1400    1500    1400    1100    1500    2900    600     1400    1100    400     900     1500    500     700     700     1600    1300    900     
	437    1921 2700    1500    2200    1500    1700    2200    2200    500     1000    700     1200    1700    900     2200    800     1700    1500    2200    500     
	437    1922 2000    1500    2000    1000    1200    800     1500    500     1000    1100    600     1200    800     500     800     300     1500    700     500     
	437    1923 1900    1100    1900    700     1900    1900    600     600     700     1100    1100    700     500     1400    1300    600     100     500     500     
	437    1924 1400    1300    1200    700     1300    1200    1400    700     600     1300    700     300     1000    1100    600     400     800     1400    1000    
	437    1925 1300    800     1300    800     700     1100    1300    800     500     500     700     600     1100    1000    1000    800     1000    600     500     
	437    1926 2700    2100    1200    900     2700    1200    800     500     900     2100    700     500     600     1200    600     800     600     500     600     
	437    1927 1800    1100    1500    1000    1500    1000    1100    600     1000    1100    700     1100    500     1000    600     700     1100    600     1200    
	437    1928 1900    1900    1800    1400    1500    1800    1000    100     1400    1000    800     900     600     1800    500     1000    700     400     400     
	437    1929 2500    1600    2500    1400    2400    1500    800     800     1300    1600    1000    2400    1400    1400    800     800     700     400     700     
	437    1930 2100    2100    1400    1200    1500    1000    900     1200    1200    1000    900     500     1000    600     800     500     900     300     900     
	437    1931 1500    1100    1500    600     1100    1500    1200    300     500     1100    400     700     1100    400     1000    700     1200    1100    600     
	437    1932 2500    2500    2100    2500    1900    2100    900     1800    800     1900    400     700     2100    500     1000    600     200     900     1100    
	437    1933 1500    1100    1400    1100    1000    1000    1100    1100    500     1000    900     1000    800     700     1000    1100    600     700     1500    
	437    1934 2100    2100    2000    2100    1500    1600    800     700     2100    900     500     1500    1300    1300    700     600     600     800     600     
	437    1935 1800    1600    1800    400     1800    1200    800     300     400     1600    600     1200    500     900     1100    800     600     500     600     
	437    1936 1900    1900    1400    900     1900    1200    1000    300     900     1900    900     900     800     400     1200    400     900     1000    900     
	437    1937 2000    600     2000    500     1300    1200    1000    500     200     400     800     1300    800     700     1000    500     1000    700     400     
	437    1938 2300    2300    1800    1200    2300    1800    600     300     1200    2300    1300    1200    1800    800     900     500     600     500     1000    
	437    1939 2400    1300    2400    1300    1400    1000    600     500     800     400     600     1400    1000    500     1000    600     300     400     1500    
	437    1940 2100    1000    2100    800     2100    1100    900     700     800     800     700     2100    1100    400     700     900     800     500     600     
	437    1941 2200    1100    2200    1100    1400    2200    1500    1100    600     1100    1000    1200    1000    1700    500     1500    800     700     800     
	437    1942 3000    1500    3000    1500    3000    1100    1000    1500    1100    1000    2000    1000    1100    400     600     1000    300     800     500     
	437    1943 2900    2900    2000    1000    1900    2000    1400    400     1000    1900    1400    1300    900     2000    500     500     1000    500     1000    
	437    1944 1900    1400    1900    1400    1300    1900    700     500     1400    1100    1000    700     1000    1800    1800    600     700     200     1400    
	437    1945 1800    1800    1400    500     1800    1200    1400    300     400     1800    800     1400    400     1200    600     800     1100    1400    400     
	437    1946 1700    1200    1700    900     1700    1600    900     900     300     1200    1100    1500    300     1400    200     600     900     500     1300    
	437    1947 3100    1400    3100    700     1400    2500    1000    600     700     1400    1100    1300    1000    1400    2500    900     900     500     400     
	437    1948 3100    3100    1500    1600    1500    1500    1300    400     1600    1500    1200    1300    600     1400    600     700     1100    900     1100    
	437    1949 2300    1500    2300    1500    900     2300    1400    1500    600     900     900     600     2000    1300    700     600     800     600     500     
	437    1950 1500    1300    1500    1300    900     1100    1000    1300    400     800     800     900     1100    400     600     300     1000    300     1300    
	437    1951 2400    1400    1600    700     1100    1100    2400    500     400     1000    1100    700     1100    900     300     700     2000    200     800     
	437    1952 1900    1000    1900    1000    1900    1100    600     500     1000    1000    1000    1900    800     800     1100    500     600     300     800     
	437    1953 3300    3000    1700    3000    2300    1400    1600    3000    1100    2300    1100    1400    600     500     1400    600     1600    1000    800     
	437    1954 1800    1800    1600    1800    1600    700     600     1100    700     1600    1600    1500    500     600     700     300     400     600     600     
	437    1955 1500    1400    1400    1000    1200    1400    1000    900     1000    800     1200    800     800     1300    1100    1000    700     700     400     
	437    1956 2400    1100    2400    800     2400    1100    1800    500     800     1100    1600    1200    1100    500     400     1800    800     900     900     
	437    1957 1500    1200    1100    1200    1500    1100    1100    1200    300     600     1100    800     1100    400     700     500     700     1100    700     
	437    1958 1900    1300    1000    600     1300    1000    1900    500     300     1300    600     400     1000    900     400     500     900     1900    400     
	437    1959 3500    2100    3500    2100    2800    1700    2000    500     2000    400     800     2800    1700    1400    1400    2000    1100    700     500     
	437    1960 1900    1100    1900    600     1700    1900    900     300     600     1100    1200    1200    1900    400     500     700     500     300     500     
	437    1961 1900    1900    1200    1100    1900    700     1600    900     1100    1900    300     900     700     700     700     1200    1500    1600    700     
	437    1962 2100    1400    1400    1300    1400    900     2100    700     1300    1100    900     700     900     500     400     800     2100    1000    700     
	437    1963 2000    1900    1400    1100    900     900     1400    1100    1100    800     600     900     600     700     300     1400    900     500     1500    
	437    1964 1700    1700    1600    1400    1200    1600    1000    1400    500     1200    800     600     800     1000    600     800     600     900     300     
	437    1965 1500    1500    1000    1000    1300    1000    1400    400     1000    1300    400     700     800     300     700     700     1400    600     200     
	437    1966 1600    1300    1600    1300    1400    1000    1500    1300    500     500     300     1400    1000    300     800     1500    900     400     300     
	437    1967 1200    1000    1200    1000    800     1200    1000    1000    700     700     800     700     900     1000    1100    800     400     1000    400     
	437    1968 1400    1200    1400    800     1400    800     1000    400     800     700     1400    700     800     700     700     700     1000    1000    1400    
	437    1969 1700    1100    1300    700     1100    1200    1700    600     500     1100    1000    700     1200    1200    900     1300    1700    300     700     
	437    1970 3200    1100    3200    600     1000    2200    1400    600     300     800     400     1000    2200    500     1200    1400    1000    700     1300    
	437    1971 2000    1000    1700    1000    2000    1700    1800    600     500     800     1500    800     900     1600    400     1200    1200    600     900     
	437    1972 3200    1500    2100    1300    1500    1300    3200    1000    800     1500    800     400     500     1000    1300    1400    1800    300     1300    
	437    1973 2300    2100    2300    1500    2100    2300    1600    1400    600     2100    600     500     2300    400     2100    1600    800     700     800     
	437    1974 2400    1400    1100    600     2400    1000    800     500     600     1400    1100    700     800     600     1000    800     500     400     500     
	437    1975 2100    1100    2100    1100    1500    2100    1600    700     1100    400     900     1500    1100    700     1400    600     1600    700     500     
	437    1976 2400    1600    2400    1600    1900    2400    800     500     1600    1100    1700    900     1700    1200    2400    400     800     400     300     
	437    1977 2000    800     2000    600     1500    2000    1300    400     600     400     500     1500    800     1600    600     1300    1100    500     600     
	437    1978 2200    800     2200    700     1400    2200    1100    400     700     700     1400    1000    700     2200    900     1100    800     900     800     
	437    1979 1200    700     1000    700     600     900     1200    600     700     300     600     500     900     700     700     1000    1200    300     400     
	437    1980 2200    1400    2200    1400    2200    1700    1000    1400    700     1200    1000    2200    800     1100    600     700     400     500     400     
	437    1981 2800    1300    2200    1300    2800    1800    1100    500     1300    700     2100    500     900     700     1800    1100    200     300     1400    
	437    1982 1900    1400    1900    1400    1700    1900    1400    1400    1400    600     1700    1100    500     1600    300     1200    800     600     800     
	437    1983 1900    1700    1900    1700    1500    1900    1600    400     1700    1500    500     300     900     1900    1800    900     700     1300    800     
	437    1984 2700    1300    2700    1200    2600    2600    900     500     1200    1300    1900    700     700     800     2600    300     600     900     600     
	437    1985 2300    2300    1200    2300    1000    1200    1200    400     2200    500     1000    900     300     1200    500     900     1100    700     400     
	437    1986 2500    2500    1500    2500    1300    1200    2100    400     2100    1300    1300    800     1100    1200    700     1500    1000    400     500     
	437    1987 1800    1300    1800    1300    1300    1800    900     1200    1100    1300    1000    800     500     1300    400     400     600     900     600     
	437    1988 2000    800     2000    500     1300    2000    900     500     400     300     1200    1300    2000    600     900     600     900     700     500     
	437    1989 1800    1700    1800    1700    1800    1800    1300    1400    600     700     500     1800    1800    1300    900     800     400     1300    1100    
	437    1990 2700    1100    2700    1100    1900    2700    1100    500     700     900     600     1900    800     2200    800     600     1100    500     1000    
	437    1991 2400    1800    2100    1800    1600    2100    1300    1100    700     1100    900     1600    300     600     1500    1300    1000    800     1600    
	437    1992 1800    1300    1800    1300    1800    1700    1200    1200    1300    500     1200    1800    1100    1100    600     700     500     300     1200    
	437    1993 1800    1800    1600    1800    1600    1600    1600    500     1500    1000    800     800     1300    400     600     300     1000    800     500     
	437    1994 1700    1300    1700    1300    1000    1700    1600    400     1300    800     900     600     1400    1300    700     600     1600    1200    400     
	437    1995 2800    1600    2800    300     1500    2800    2000    200     300     500     900     600     1400    700     2400    400     2000    1100    1600    
	437    1996 2900    2900    2100    2900    2100    1300    1000    2100    800     1700    1900    600     1000    1300    700     1000    900     300     900     
	437    1997 2000    1900    2000    1900    2000    1900    1600    1800    400     1200    2000    1000    700     1000    1900    1600    900     600     500     
	437    1998 1900    1400    1900    1300    1900    1600    1100    1200    1300    1400    300     1900    200     800     1600    700     500     1100    300     
	437    1999 2000    700     2000    600     1300    1600    1400    300     400     700     600     1300    900     1600    600     1400    1100    400     200     
	437    2000 2200    1300    2200    1300    2200    1000    700     1300    400     800     700     1500    700     500     600     700     400     300     600     
	437    2001 2100    1200    2100    1200    1300    2100    600     1200    900     500     300     1300    1500    1100    600     200     500     600     1200    
	437    2002 2400    1100    1300    1000    2400    1200    1100    1000    500     1100    1300    800     500     700     1200    1100    600     700     1200    
	437    2003 2300    2300    2300    2200    2300    2300    1500    700     2200    2300    1000    600     1200    1100    2200    1100    1500    800     900     
	437    2004 2200    800     2200    700     2200    1000    1200    400     700     700     800     2200    700     600     400     1200    900     600     1100    
	437    2005 1400    800     1400    800     800     900     1000    600     700     500     500     800     900     900     500     900     1000    400     800     
	437    2006 1800    1800    1500    1800    1300    1300    1100    1100    900     1300    700     1300    1300    1000    500     1100    1100    700     1100    
	437    2007 4700    1100    3600    900     4700    1000    900     400     600     1100    3000    600     700     500     1000    600     900     500     1400    
	437    2008 1600    1600    1600    1600    1600    900     1600    600     1600    400     900     1500    900     400     800     1600    900     700     1200    
	437    2009 2400    1200    2400    900     1700    1700    2400    700     900     1200    1700    700     1100    600     1700    2400    500     300     600     
	437    2010 2000    900     2000    900     2000    900     800     900     700     900     2000    1600    900     900     500     600     800     800     800     
	437    2011 3400    3000    3400    800     3400    800     2500    600     800     2900    1900    1500    500     700     400     900     600     2500    400     
	437    2012 1800    1300    1100    900     1800    1100    1000    400     900     1300    600     1000    600     700     800     1000    600     600     200     
	437    2013 2300    1300    2300    900     2100    2300    1300    900     900     1300    1200    700     1100    2300    700     1100    500     400     500     
	437    2014 2400    1700    2400    500     1700    1300    2300    500     400     1700    800     600     1300    900     200     2300    400     600     400     
	437    2015 1600    1600    1600    1600    1600    1100    1300    500     1600    1100    1600    600     1100    500     800     600     900     400     800     
	437    2016 2400    1700    2400    500     1700    1000    2400    500     400     1700    600     1300    800     1000    600     2400    1000    900     900     
	437    2017 1400    1400    1400    1400    1400    1400    800     1400    600     1000    1400    900     1400    600     1000    500     800     300     400     
	437    2018 3500    1600    3500    1300    1100    3500    1700    900     1300    600     800     1100    1900    2700    900     800     1300    1700    800     
	437    2019 2100    900     2100    800     2100    1600    600     700     700     700     2100    1600    1100    1000    1200    500     500     600     600     
	437    2020 2400    1800    2400    700     2400    1200    1700    700     500     1800    2400    1100    700     500     1200    1700    500     800     400     
	437    2021 1900    1700    1900    1000    1600    1300    1400    600     1000    900     1600    400     1200    1300    900     1400    700     700     1000    
	437    2022 4100    1500    4100    1000    4100    2000    900     1000    400     1500    2300    1800    1000    2000    1400    400     900     500     900     
	437    2023 3800    1000    3800    1000    1900    1900    900     600     1000    400     600     1900    1900    900     1100    900     700     400     500     
	437    2024 1200    700     1200    700     800     1200    1200    700     500     500     600     800     900     500     700     1000    800     1000    700     
	437    2025 4400    3200    2800    1100    4300    1600    1000    1100    900     3100    1200    2200    1100    700     1600    800     800     700     1000    
	437    2026 -999999 1000    -999999 500     -999999 -999999 -999999 500     400     1000    1000    -999999 -999999 -999999 -999999 -999999 -999999 -999999 -999999 
	