EUROPEAN CLIMATE ASSESSMENT & DATASET (ECA&D), file created on: 17-05-2026
THESE DATA CAN BE USED FOR NON-COMMERCIAL RESEARCH AND EDUCATION PROVIDED THAT THE FOLLOWING SOURCE IS ACKNOWLEDGED: 

Klein Tank, A.M.G. and Coauthors, 2002. Daily dataset of 20th-century surface
air temperature and precipitation series for the European Climate Assessment.
Int. J. of Climatol., 22, 1441-1453.
Data and metadata available at http://www.ecad.eu

FILE FORMAT (MISSING VALUE CODE = -999999):

THIS FILE HOLDS DATA FOR STATION NETHERLANDS                              DELLE                                    (STAID:  20505)
LATITUDE: dd:mm:ss +52:24:06
LONGITUDE: ddd:mm:ss +005:58:31
ELEVATION: m   25

DATA IS FOR INDEX Maximum no of consecutive dry days (RR < 1 mm) (CDD) with unit 0.01 No of days

01-06 SOUID: Source identifier
08-11 YEAR : YYYY
13-20 ANNUAL DATA VALUES
21-28 WINTER HALF YEAR DATA VALUES
29-36 SUMMER HALF YEAR DATA VALUES
37-44 WINTER (DJF) DATA VALUES
45-52 SPRING (MAM) DATA VALUES
53-60 SUMMER (JJA) DATA VALUES
61-68 AUTUMN (SON) DATA VALUES
69-76 JANUARY DATA VALUES
etc. 
157-164 DECEMBER DATA VALUES

20505  1866 -999999 -999999 -999999 -999999 -999999 -999999 2200    -999999 -999999 -999999 -999999 -999999 -999999 -999999 -999999 700     1500    400     1000    
	20505  1867 1700    1500    1700    1500    1000    1700    900     1500    1100    800     400     1000    1600    500     1100    700     900     400     1300    
	20505  1868 3100    1800    2200    1800    1200    2200    1600    1800    600     500     500     1200    1200    2200    600     1500    1000    1600    500     
	20505  1869 2500    2500    2000    1100    2500    2000    1300    1100    1100    2500    1200    400     800     1200    1400    600     400     1300    1300    
	20505  1870 5200    5200    3100    4400    2100    2200    1900    1600    2800    900     1200    900     2200    900     400     1300    600     900     1400    
	20505  1871 -999999 5100    1400    5100    2400    1300    -999999 2500    2600    2200    800     1400    600     400     1300    1200    -999999 -999999 1200    
	20505  1872 -999999 -999999 -999999 3300    -999999 -999999 1200    1000    2400    1000    -999999 -999999 -999999 -999999 -999999 800     1200    1200    900     
	20505  1873 6200    3400    6200    3400    1900    6100    1900    1000    2400    1900    1800    700     2900    3000    200     1400    600     1900    2000    
	20505  1874 2800    2800    2200    2800    2200    1900    1700    1200    1600    1600    2000    800     1300    1000    1900    700     1300    1100    800     
	20505  1875 2600    2100    2600    2100    2600    1200    1700    1400    1600    1300    2300    1200    1200    900     900     1700    1100    900     3000    
	20505  1876 -999999 -999999 -999999 -999999 -999999 -999999 -999999 -999999 -999999 -999999 -999999 2200    2100    -999999 -999999 -999999 -999999 -999999 -999999 
	20505  1877 -999999 -999999 -999999 -999999 -999999 -999999 -999999 -999999 -999999 1000    -999999 600     -999999 -999999 -999999 -999999 -999999 400     600     
	20505  1878 -999999 -999999 -999999 -999999 -999999 -999999 -999999 700     -999999 -999999 -999999 -999999 -999999 -999999 -999999 -999999 -999999 -999999 -999999 
	20505  1879 -999999 -999999 -999999 -999999 -999999 -999999 -999999 -999999 -999999 -999999 -999999 -999999 -999999 -999999 -999999 -999999 -999999 -999999 -999999 
	20505  1880 -999999 -999999 -999999 -999999 -999999 -999999 -999999 -999999 -999999 -999999 -999999 -999999 -999999 -999999 -999999 -999999 -999999 -999999 -999999 
	20505  1881 -999999 -999999 -999999 -999999 -999999 -999999 -999999 -999999 -999999 -999999 -999999 -999999 -999999 -999999 -999999 -999999 -999999 -999999 -999999 
	20505  1882 -999999 -999999 -999999 -999999 -999999 -999999 -999999 -999999 -999999 -999999 -999999 -999999 -999999 -999999 -999999 -999999 -999999 -999999 -999999 
	20505  1883 -999999 -999999 -999999 -999999 -999999 -999999 -999999 -999999 -999999 -999999 -999999 -999999 -999999 -999999 -999999 -999999 -999999 -999999 -999999 
	20505  1884 -999999 -999999 -999999 -999999 -999999 -999999 -999999 -999999 -999999 -999999 -999999 -999999 -999999 -999999 -999999 -999999 -999999 -999999 -999999 
	20505  1885 -999999 -999999 -999999 -999999 -999999 -999999 -999999 -999999 -999999 -999999 -999999 -999999 -999999 -999999 -999999 -999999 -999999 -999999 -999999 
	20505  1886 -999999 -999999 -999999 -999999 -999999 -999999 -999999 -999999 -999999 -999999 -999999 -999999 -999999 -999999 -999999 -999999 -999999 -999999 -999999 
	20505  1887 -999999 -999999 -999999 -999999 -999999 -999999 -999999 -999999 -999999 -999999 -999999 -999999 -999999 -999999 -999999 -999999 -999999 -999999 -999999 
	20505  1888 -999999 -999999 -999999 -999999 -999999 -999999 -999999 -999999 -999999 -999999 -999999 -999999 -999999 -999999 -999999 -999999 -999999 -999999 -999999 
	20505  1889 -999999 -999999 -999999 -999999 -999999 -999999 -999999 -999999 -999999 -999999 -999999 -999999 -999999 -999999 -999999 -999999 -999999 -999999 -999999 
	20505  1890 -999999 -999999 -999999 -999999 -999999 -999999 -999999 -999999 -999999 -999999 -999999 -999999 -999999 -999999 -999999 -999999 -999999 -999999 -999999 
	20505  1891 -999999 -999999 -999999 -999999 -999999 -999999 -999999 -999999 -999999 -999999 -999999 -999999 -999999 -999999 -999999 -999999 -999999 -999999 -999999 
	20505  1892 -999999 -999999 -999999 -999999 -999999 -999999 800     -999999 -999999 -999999 -999999 -999999 -999999 -999999 -999999 500     400     800     1500    
	20505  1893 4400    1700    3100    1700    4400    1800    1100    1700    400     1300    2900    1100    1800    700     600     500     700     1100    600     
	20505  1894 2900    1700    1200    1500    2900    1100    1100    1400    800     1700    1200    700     1000    600     400     1100    700     1000    1200    
	20505  1895 2300    2100    2300    2100    1200    1700    1800    500     2100    800     1100    1200    800     700     1700    1700    500     700     1400    
	20505  1896 1700    1500    1700    1500    1700    1100    1100    1000    1500    600     700     1400    600     1100    400     400     300     1100    600     
	20505  1897 2500    2000    1500    2000    1500    1200    2500    2000    600     600     600     1500    600     1200    500     900     1200    1300    1300    
	20505  1898 1800    1100    1800    1100    1500    1200    1700    1100    400     500     1500    400     700     800     1200    1700    1100    1200    700     
	20505  1899 2300    1700    2300    1400    1300    1900    1300    700     1400    1300    500     600     1800    600     1400    400     1300    900     700     
	20505  1900 1500    1500    1300    1300    1300    1200    900     400     1000    1300    1300    900     600     1200    700     700     400     900     600     
	20505  1901 1800    1800    1400    1800    1400    1100    1500    1800    1300    600     900     1400    800     1100    1000    1300    800     700     300     
	20505  1902 1800    1500    1200    1500    800     1200    1800    500     1500    800     600     600     1200    600     300     1200    600     1100    1300    
	20505  1903 2200    1200    2200    1200    1300    1500    800     1200    700     1000    400     1300    1100    400     400     800     500     500     2100    
	20505  1904 2700    1300    2000    1200    1400    2000    1300    1000    800     600     1400    1000    900     2000    500     1300    800     800     1100    
	20505  1905 1500    1400    1500    1400    1100    1500    1200    1400    600     600     1100    1100    1500    400     700     1200    300     1000    800     
	20505  1906 1800    700     1700    600     1800    1000    1200    400     600     700     1700    500     1000    700     600     1100    700     500     900     
	20505  1907 1600    800     1600    800     1300    1100    1600    800     700     800     600     600     200     1100    600     1600    500     1100    800     
	20505  1908 1300    1300    1100    1300    1100    1100    1300    900     1100    1100    300     500     1100    700     500     800     1300    700     1300    
	20505  1909 2500    2500    1300    1400    1100    1300    700     900     1400    1100    1000    1100    800     600     1300    700     600     700     1000    
	20505  1910 1700    1400    1200    800     1700    1000    1400    800     400     1400    500     1200    900     1000    600     800     1400    600     400     
	20505  1911 1500    1300    1500    1300    1500    900     1200    1300    1000    900     1500    500     400     900     900     1200    700     600     300     
	20505  1912 2000    1100    2000    1100    2000    1400    1000    1100    600     500     1900    400     700     1400    400     1000    1000    300     300     
	20505  1913 1700    1600    1700    1600    700     1700    1000    1400    1600    300     500     700     700     400     1700    900     700     400     600     
	20505  1914 1800    1700    1800    1700    1300    1800    1200    1700    1000    400     1300    900     800     600     1800    1000    1100    1200    800     
	20505  1915 1400    1100    1200    600     1000    1200    1400    600     300     500     700     1000    1200    700     700     1000    1400    600     400     
	20505  1916 2700    800     2700    700     1300    2700    1100    700     500     800     800     800     400     1400    1300    1000    700     900     500     
	20505  1917 1800    1800    1400    1700    1800    1100    1200    1200    1600    1800    700     1100    900     900     400     1000    600     500     800     
	20505  1918 1900    1900    1400    1200    1800    1300    700     700     700     1800    500     1000    800     700     800     300     700     700     500     
	20505  1919 2000    2000    2000    2000    1900    1600    1200    700     1500    800     900     1900    700     400     1400    1200    1000    400     300     
	20505  1920 2700    1200    1300    1200    1200    1300    2700    600     1200    1200    400     300     1300    200     700     1100    1600    1400    1100    
	20505  1921 2800    1400    1600    1400    1200    1600    2300    400     1000    800     1000    600     900     1600    700     1100    1500    2300    500     
	20505  1922 1600    1600    1400    1200    1600    1200    1400    1200    1200    1600    700     1200    1200    300     500     400     1400    900     500     
	20505  1923 1800    1100    1800    600     1200    1800    800     400     600     1100    1100    700     500     1400    1300    700     200     800     600     
	20505  1924 1600    1400    1200    800     1400    1200    1600    800     700     1400    700     500     1000    900     500     400     900     1600    1200    
	20505  1925 1700    1200    1700    1200    1200    1600    700     1200    400     400     600     1200    1600    800     700     400     700     700     700     
	20505  1926 1500    1500    1400    700     1500    1300    800     700     600     1500    900     400     500     1300    900     800     600     500     1000    
	20505  1927 1900    1000    1500    1000    1500    800     1400    700     1000    1000    600     1100    400     800     500     800     1400    600     1300    
	20505  1928 2400    1500    2400    1000    1300    1500    2300    300     1000    1300    600     700     600     1500    400     2300    700     600     700     
	20505  1929 2000    1600    2000    1400    1600    2000    600     1300    1300    1600    800     700     500     2000    700     600     600     500     400     
	20505  1930 2200    2200    2000    1300    1200    2000    800     1200    1300    1000    500     500     2000    500     800     500     800     500     600     
	20505  1931 2100    1200    2100    1100    1200    2100    1200    500     900     1200    400     500     1600    500     700     600     1200    1200    900     
	20505  1932 1800    1800    1200    1200    1800    1200    1000    1200    1200    1800    700     600     1200    500     900     400     300     1000    1100    
	20505  1933 2500    1800    1500    1800    1500    1100    1200    1800    400     1400    1500    900     1000    900     1100    1200    800     600     1900    
	20505  1934 2100    2100    1900    2100    1400    1400    1000    700     2100    600     700     1400    1100    1200    800     700     300     1000    700     
	20505  1935 1600    1600    1400    600     1600    1200    800     600     600     1600    400     1200    400     900     1100    500     600     800     600     
	20505  1936 1900    1900    1400    900     1900    1100    1000    600     900     1900    800     1000    1000    300     1100    400     1000    1000    900     
	20505  1937 1500    700     1500    700     800     1500    1300    500     200     500     400     600     600     700     900     500     1000    700     700     
	20505  1938 1800    1300    1800    1300    1800    1100    1400    300     1300    1300    1200    700     1100    700     700     1400    1200    1200    1200    
	20505  1939 2400    1200    2400    1200    1400    1000    800     400     800     300     600     1400    1000    700     900     600     400     300     1400    
	20505  1940 1400    1400    1300    1400    900     1100    700     1300    900     400     800     900     1100    400     700     700     700     500     600     
	20505  1941 1700    1200    1700    1200    1100    1700    1500    1200    800     1100    1100    800     1500    800     400     1500    800     500     500     
	20505  1942 2000    1800    2000    1500    2000    1100    1000    1400    1500    1100    2000    900     1100    500     600     1000    500     800     500     
	20505  1943 3100    3100    2000    1300    1800    2000    1400    500     1300    1800    700     1100    900     1800    600     1000    1400    400     1000    
	20505  1944 1900    1900    1900    1900    1000    1900    1100    500     1900    1000    500     700     900     900     1800    700     1100    200     1400    
	20505  1945 2000    2000    1300    500     2000    1000    1300    400     300     2000    500     1100    800     900     700     1300    1300    1300    600     
	20505  1946 1800    1500    1800    1500    1800    900     1400    1500    400     1100    1100    1200    400     900     700     700     1400    700     1200    
	20505  1947 2300    1200    2300    1200    1400    2300    1000    1200    500     700     1400    1000    600     1300    2300    700     800     500     300     
	20505  1948 2000    2000    1400    1400    1400    1000    1000    300     1400    1000    1000    1400    900     1000    600     700     1000    1000    1100    
	20505  1949 1800    1800    1600    1800    1500    1600    1800    1000    800     1300    800     1300    1200    1100    1300    700     1800    500     500     
	20505  1950 1600    1400    1600    1400    800     1300    1000    1400    400     800     600     800     1300    400     500     200     1000    400     700     
	20505  1951 2200    1500    1000    1100    1000    900     2200    900     500     1000    1000    500     900     700     300     700     2000    300     700     
	20505  1952 2800    1000    2700    800     2800    1100    1000    600     800     1000    2700    1900    800     800     1100    1000    800     300     700     
	20505  1953 2400    1600    1400    800     1600    1000    1800    800     700     1600    1200    1300    700     800     1000    700     1800    1600    800     
	20505  1954 1800    1800    1300    1800    1300    700     600     1100    700     700     1200    1200    600     400     700     300     200     600     500     
	20505  1955 1700    1700    1700    1100    1200    1700    900     900     1100    700     1200    800     600     900     1700    900     800     600     300     
	20505  1956 1300    1100    1300    800     1300    800     1300    500     800     1100    900     800     800     300     300     1300    800     800     600     
	20505  1957 1500    1100    1500    1100    1500    1100    600     1100    400     500     1200    800     1100    300     800     400     500     600     600     
	20505  1958 2800    1300    1100    600     1300    1100    2100    500     200     1300    800     500     1000    1100    600     500     800     2100    700     
	20505  1959 3000    2700    3000    2700    1500    1600    2700    700     2000    400     1000    1500    1500    1600    1000    2000    1800    700     800     
	20505  1960 1500    1500    1300    600     1500    800     900     300     600     1500    900     1100    800     400     400     900     400     400     500     
	20505  1961 1500    1000    1000    1000    900     700     1400    600     1000    900     500     900     700     500     700     600     1200    1400    1500    
	20505  1962 2100    1800    1000    1100    1400    800     2100    400     1100    1400    1000    400     800     600     600     400     2100    600     700     
	20505  1963 2300    2300    1300    1500    900     900     1000    800     1500    800     500     900     400     800     400     1000    1000    500     1500    
	20505  1964 2400    2400    1000    1800    1800    1000    1000    1800    600     1800    800     1000    800     800     700     700     700     900     700     
	20505  1965 1500    1500    900     1200    1300    900     1400    700     1200    1300    400     600     800     200     800     900     1400    700     300     
	20505  1966 1700    1100    1700    1100    600     1100    1600    1100    600     500     300     600     1100    200     800     1500    1000    800     400     
	20505  1967 1800    900     1800    900     1300    1800    1400    800     900     600     800     500     1800    700     1100    800     300     1400    500     
	20505  1968 1700    1300    1700    1300    1700    700     1000    400     1300    700     1700    500     600     400     700     600     1000    1000    1500    
	20505  1969 2100    1600    2100    800     1200    2100    2000    800     700     1200    900     800     800     2000    900     2000    2000    300     600     
	20505  1970 1600    1200    1600    800     1300    1600    1200    800     300     800     300     1300    1600    500     900     1200    1100    800     600     
	20505  1971 2100    800     2100    700     2000    1500    2100    600     700     500     1500    900     600     1300    400     2100    1100    700     900     
	20505  1972 2200    1500    1400    1300    1500    900     2200    1000    800     1500    900     600     300     900     600     900     1800    300     2100    
	20505  1973 4000    2300    2500    2300    1800    2500    1300    1900    500     1800    700     400     2500    1000    2100    1200    900     700     500     
	20505  1974 3300    1100    2200    1000    3300    900     500     400     1000    1100    2200    700     700     600     900     500     300     400     500     
	20505  1975 2100    1100    2100    1100    700     2100    1400    600     1100    300     700     600     1100    700     1400    900     1400    700     600     
	20505  1976 2500    1500    2500    1500    2500    2100    1100    500     1500    1100    2300    800     1700    1100    900     500     1100    400     500     
	20505  1977 1900    1100    1900    600     1800    1100    1900    400     300     600     500     1800    1000    1100    400     1900    1400    500     600     
	20505  1978 1500    1100    1200    1100    1000    1200    1500    1100    600     500     900     700     500     900     1200    500     1500    900     800     
	20505  1979 1100    900     1000    900     800     700     1100    900     600     400     600     800     500     700     500     1000    1100    700     300     
	20505  1980 1600    1600    1600    1400    1600    800     700     1400    1400    700     900     1600    800     800     700     700     600     500     400     
	20505  1981 1800    1400    1800    1400    1100    1800    900     1300    700     500     1100    700     800     600     1800    800     300     400     600     
	20505  1982 1900    1400    1900    1400    1600    1500    1900    1400    1400    1000    1600    1000    500     1300    300     1900    800     600     400     
	20505  1983 1700    1700    1600    1700    1500    1600    1700    300     1700    1500    400     200     800     1600    1400    1000    600     1300    700     
	20505  1984 3100    1600    3100    1100    1300    2900    1700    400     1100    1300    1300    1000    800     1300    2900    300     700     1400    500     
	20505  1985 2300    2200    900     2200    900     600     2300    600     2200    500     700     900     300     600     400     800     2300    900     400     
	20505  1986 3400    3400    1500    3100    1100    1500    2100    400     2800    1100    800     500     700     1500    700     1500    600     400     500     
	20505  1987 1500    1500    900     1500    1200    800     900     1500    700     1200    900     800     300     800     300     500     600     800     900     
	20505  1988 1400    1100    1400    1100    1400    1200    1000    1100    600     200     1400    1000    1200    300     900     500     900     1000    500     
	20505  1989 2000    1300    2000    1300    1800    1800    1700    1000    800     700     500     1800    1800    1300    800     600     400     1700    1100    
	20505  1990 2000    1400    1800    1400    1600    1800    800     1200    600     900     900     1600    800     1800    1000    600     800     600     800     
	20505  1991 2800    2100    2800    2100    1100    1400    1400    1100    1000    1100    1000    800     200     900     1400    1400    800     1100    1600    
	20505  1992 2500    1000    2500    1000    1900    2500    2100    1000    700     500     900     1900    2300    700     800     1700    600     300     1100    
	20505  1993 1700    1000    1100    900     1000    1100    1600    400     900     1000    1000    700     1100    500     600     500     1000    1600    400     
	20505  1994 1700    1700    1300    1700    900     1300    1600    600     1700    300     900     500     500     1300    800     500     1600    500     400     
	20505  1995 2500    1500    2500    500     1300    2500    1400    500     300     500     800     700     1300    1000    2200    800     1400    700     1700    
	20505  1996 3300    3300    2000    3300    2000    1300    1200    2400    900     1600    2000    600     1100    1300    500     1000    1200    400     1100    
	20505  1997 2000    1800    2000    1800    1900    2000    1800    1800    300     1200    1900    1000    600     600     2000    1600    1500    600     600     
	20505  1998 1600    1000    1600    1000    1400    1600    1000    1000    800     1000    300     1400    200     600     1600    1000    200     700     300     
	20505  1999 1300    700     1300    600     1300    1200    1000    300     400     700     900     900     900     900     500     800     1000    700     200     
	20505  2000 1500    1200    1500    1200    1300    1500    600     1200    300     600     900     1300    800     800     1500    500     600     300     600     
	20505  2001 1300    1000    1300    1000    1300    900     1100    1000    300     500     500     1300    600     700     900     200     1100    700     1200    
	20505  2002 2300    1100    1300    1100    2300    700     1000    1000    500     1000    1300    600     700     500     700     1000    700     900     1300    
	20505  2003 2300    2300    2200    2300    2200    2200    1200    400     2300    2000    2200    700     800     1200    2100    1100    1100    1200    1000    
	20505  2004 1900    1000    1900    900     1900    1500    900     400     700     900     1900    1400    600     600     900     900     800     300     1400    
	20505  2005 1800    1000    1400    800     1000    1100    1800    500     600     1000    600     800     1100    1000    600     1100    1800    700     700     
	20505  2006 1700    1700    1500    1700    1500    1300    1200    1100    900     1200    700     1500    1300    1100    300     1200    1000    600     1100    
	20505  2007 2900    1000    2900    800     2900    1000    1300    400     700     800     2400    500     900     300     1000    600     1300    1000    1500    
	20505  2008 1600    1600    1300    1600    1300    900     1000    300     1600    200     800     1300    600     400     900     1000    700     600     1200    
	20505  2009 1400    1000    1400    1000    1400    1100    1300    800     200     1000    1400    800     900     400     700     1300    500     200     600     
	20505  2010 1700    800     1700    800     1700    1000    1200    600     800     500     1300    1700    1000    900     300     500     1200    500     300     
	20505  2011 2000    1300    1500    700     1500    600     2000    600     700     1200    1500    800     500     600     300     700     1200    2000    500     
	20505  2012 1800    1300    1400    800     1800    800     1000    500     800     1300    500     1400    600     700     800     1000    500     600     200     
	20505  2013 2200    1400    2100    800     2200    2100    1300    600     800     1400    900     600     1100    2100    700     1100    500     800     400     
	20505  2014 1900    1300    1900    600     1300    900     1900    500     600     1300    500     800     900     600     400     1900    500     600     600     
	20505  2015 1600    1600    1300    1600    1600    800     1300    400     1600    1600    1300    1100    700     400     800     700     1000    300     400     
	20505  2016 1700    1100    1300    500     1100    800     1300    500     400     1100    500     1100    800     400     700     1300    1100    1000    700     
	20505  2017 2200    1400    1200    1400    2200    1200    900     1400    400     1100    1100    900     1200    500     900     700     900     500     900     
	20505  2018 2000    1700    1700    1400    800     1700    2000    400     1400    400     800     800     900     1700    600     800     2000    700     600     
	20505  2019 1600    1000    1600    1000    1000    1600    700     500     1000    700     1000    900     1100    900     700     500     500     700     600     
	20505  2020 2500    1500    2500    700     2500    900     1300    700     300     1500    2500    2000    700     500     900     1300    900     800     400     
	20505  2021 -999999 -999999 1600    -999999 1500    1200    1600    -999999 1000    800     1500    400     1200    800     500     1600    500     700     400     
	20505  2022 3900    2300    3900    700     3900    1600    800     700     400     1900    2100    1800    1000    800     1600    500     700     800     1000    
	20505  2023 2900    1100    2900    1100    1000    1900    900     600     1100    300     600     1000    1900    400     1200    900     700     300     400     
	20505  2024 1200    -999999 1200    -999999 1100    1100    1200    600     -999999 1000    500     1100    800     600     700     1200    700     900     700     
	20505  2025 2700    1200    2700    1200    2700    2300    1200    1200    900     1100    1100    2100    1100    500     2300    1000    600     800     1200    
	20505  2026 -999999 -999999 -999999 1300    -999999 -999999 -999999 1300    400     -999999 -999999 -999999 -999999 -999999 -999999 -999999 -999999 -999999 -999999 
	