EUROPEAN CLIMATE ASSESSMENT & DATASET (ECA&D), file created on: 17-05-2026
THESE DATA CAN BE USED FOR NON-COMMERCIAL RESEARCH AND EDUCATION PROVIDED THAT THE FOLLOWING SOURCE IS ACKNOWLEDGED: 

Klein Tank, A.M.G. and Coauthors, 2002. Daily dataset of 20th-century surface
air temperature and precipitation series for the European Climate Assessment.
Int. J. of Climatol., 22, 1441-1453.
Data and metadata available at http://www.ecad.eu

FILE FORMAT (MISSING VALUE CODE = -999999):

THIS FILE HOLDS DATA FOR STATION NETHERLANDS                              ALMELO                                   (STAID:   2355)
LATITUDE: dd:mm:ss +52:21:00
LONGITUDE: ddd:mm:ss +006:40:00
ELEVATION: m   11

DATA IS FOR INDEX Maximum no of consecutive dry days (RR < 1 mm) (CDD) with unit 0.01 No of days

01-06 SOUID: Source identifier
08-11 YEAR : YYYY
13-20 ANNUAL DATA VALUES
21-28 WINTER HALF YEAR DATA VALUES
29-36 SUMMER HALF YEAR DATA VALUES
37-44 WINTER (DJF) DATA VALUES
45-52 SPRING (MAM) DATA VALUES
53-60 SUMMER (JJA) DATA VALUES
61-68 AUTUMN (SON) DATA VALUES
69-76 JANUARY DATA VALUES
etc. 
157-164 DECEMBER DATA VALUES

2355   1904 -999999 -999999 -999999 -999999 -999999 -999999 -999999 -999999 -999999 -999999 -999999 -999999 -999999 -999999 -999999 -999999 -999999 1100    1100    
	2355   1905 1800    -999999 1600    1800    1200    1300    1000    1800    700     600     1100    1200    1300    400     600     800     500     1000    700     
	2355   1906 1800    800     1700    600     1800    1100    1200    400     600     800     1700    500     1100    700     700     1100    900     600     900     
	2355   1907 1600    1000    1600    800     1500    1600    1500    800     700     1000    700     500     200     1600    400     1500    500     1100    900     
	2355   1908 1500    1400    1500    1400    800     1500    1400    900     1100    800     800     600     1200    900     600     1000    1400    800     1200    
	2355   1909 1300    1300    1200    1300    1000    1200    1300    1000    1300    400     1000    1000    800     600     1200    1100    700     800     900     
	2355   1910 1800    1300    1500    800     1500    1200    1800    800     400     1300    400     1200    900     1000    1200    1500    1700    600     400     
	2355   1911 2200    1100    2200    1100    1500    1600    1200    1100    800     700     1500    1100    500     1000    1600    1200    700     500     600     
	2355   1912 1800    800     1800    800     1800    1600    1700    800     500     500     1700    900     600     1600    500     1700    1200    300     500     
	2355   1913 1900    1900    1700    1900    1100    1700    1400    1400    1900    300     900     300     800     900     1700    1000    800     400     600     
	2355   1914 2500    1700    2500    1700    2500    1300    1400    1700    1000    400     2100    1000    900     600     1300    1000    1400    1200    500     
	2355   1915 1500    900     1200    900     1100    1200    1500    900     300     700     700     1100    1200    700     700     900     1500    600     500     
	2355   1916 2700    800     2700    500     1300    2700    1100    500     400     800     800     1200    400     1400    1300    1000    1100    900     500     
	2355   1917 2400    1700    2400    1700    2400    1000    900     1200    1600    1700    1100    1300    900     1000    700     800     500     900     1000    
	2355   1918 1900    1900    1100    1200    1800    1100    800     700     800     1800    700     1000    600     700     700     300     700     800     600     
	2355   1919 2100    2100    2100    2100    2000    1500    1200    700     1600    900     800     2000    1500    800     1400    1200    1000    800     800     
	2355   1920 2900    1400    1200    1400    1200    1200    2900    600     1400    1200    500     500     1200    300     700     1000    1600    1400    1600    
	2355   1921 3100    1400    2000    900     1300    2000    2300    400     900     1300    700     600     900     2000    1300    1200    1500    2300    800     
	2355   1922 1700    1800    1400    1200    1500    1200    1700    1200    1100    1500    700     1200    1200    400     500     400     1400    1700    900     
	2355   1923 1500    1500    1400    800     1500    1400    800     500     700     1500    900     500     900     1400    1400    800     300     800     800     
	2355   1924 2300    2300    1200    2300    1900    1200    1500    1200    2300    1900    900     500     1000    900     500     400     800     1500    1200    
	2355   1925 1700    1200    1700    1200    1200    1600    1300    1200    500     600     1000    1200    1600    800     500     500     1100    700     700     
	2355   1926 1400    800     1400    600     1000    1000    800     500     600     800     600     400     500     1000    900     800     600     600     900     
	2355   1927 1800    1100    1600    1000    1600    800     1300    700     1000    1100    700     1100    400     400     600     900     1300    600     1200    
	2355   1928 2100    1700    2100    1200    1300    1800    2000    400     1200    1300    800     700     600     1800    900     2000    400     700     500     
	2355   1929 2400    1800    2400    1400    2300    1900    900     1300    1300    1800    1000    2300    700     1900    1300    800     700     700     800     
	2355   1930 2200    2200    1300    2200    1400    1000    600     1900    1300    1200    700     600     1000    500     800     500     600     600     800     
	2355   1931 2100    1200    2100    1000    1200    2100    1200    500     800     1200    300     800     1600    500     1000    600     1200    1200    600     
	2355   1932 -999999 1800    -999999 1300    -999999 -999999 -999999 1300    700     1800    -999999 -999999 -999999 -999999 -999999 -999999 -999999 -999999 -999999 
	2355   1933 -999999 -999999 -999999 -999999 -999999 -999999 -999999 -999999 -999999 -999999 -999999 -999999 -999999 -999999 -999999 -999999 -999999 -999999 -999999 
	2355   1934 -999999 -999999 -999999 -999999 -999999 -999999 -999999 -999999 -999999 -999999 -999999 -999999 -999999 -999999 -999999 -999999 -999999 -999999 -999999 
	2355   1935 -999999 -999999 -999999 -999999 -999999 -999999 -999999 -999999 -999999 -999999 -999999 -999999 -999999 -999999 -999999 -999999 -999999 -999999 -999999 
	2355   1936 -999999 -999999 -999999 -999999 -999999 -999999 -999999 -999999 -999999 -999999 -999999 -999999 -999999 -999999 -999999 -999999 -999999 -999999 -999999 
	2355   1937 -999999 -999999 -999999 -999999 -999999 -999999 -999999 -999999 -999999 -999999 -999999 -999999 -999999 -999999 -999999 -999999 -999999 -999999 -999999 
	2355   1938 -999999 -999999 -999999 -999999 -999999 -999999 -999999 -999999 -999999 -999999 -999999 -999999 -999999 -999999 -999999 -999999 -999999 -999999 -999999 
	2355   1939 -999999 -999999 -999999 -999999 -999999 -999999 -999999 -999999 -999999 -999999 -999999 -999999 -999999 -999999 -999999 -999999 -999999 -999999 -999999 
	2355   1940 -999999 -999999 -999999 -999999 -999999 -999999 -999999 -999999 -999999 -999999 -999999 -999999 -999999 -999999 -999999 -999999 -999999 -999999 -999999 
	2355   1941 -999999 -999999 -999999 -999999 -999999 -999999 -999999 -999999 -999999 -999999 -999999 -999999 -999999 -999999 -999999 -999999 -999999 -999999 -999999 
	2355   1942 -999999 -999999 -999999 -999999 -999999 -999999 -999999 -999999 -999999 -999999 -999999 -999999 -999999 -999999 -999999 -999999 -999999 -999999 -999999 
	2355   1943 -999999 -999999 -999999 -999999 -999999 -999999 -999999 -999999 -999999 -999999 -999999 -999999 -999999 -999999 -999999 -999999 -999999 -999999 -999999 
	2355   1944 -999999 -999999 -999999 -999999 -999999 -999999 -999999 -999999 -999999 -999999 -999999 -999999 -999999 -999999 -999999 -999999 -999999 -999999 -999999 
	2355   1945 -999999 -999999 -999999 -999999 -999999 -999999 -999999 -999999 -999999 -999999 -999999 -999999 -999999 -999999 -999999 -999999 -999999 -999999 -999999 
	2355   1946 -999999 -999999 -999999 -999999 -999999 -999999 -999999 -999999 -999999 -999999 -999999 -999999 -999999 -999999 -999999 -999999 -999999 -999999 -999999 
	2355   1947 -999999 -999999 -999999 -999999 -999999 -999999 -999999 -999999 -999999 -999999 -999999 -999999 -999999 -999999 -999999 -999999 -999999 -999999 -999999 
	2355   1948 -999999 -999999 -999999 -999999 -999999 -999999 -999999 -999999 -999999 -999999 -999999 -999999 -999999 -999999 -999999 -999999 -999999 -999999 -999999 
	2355   1949 -999999 -999999 -999999 -999999 -999999 -999999 -999999 -999999 -999999 -999999 -999999 -999999 -999999 -999999 -999999 -999999 -999999 -999999 -999999 
	2355   1950 -999999 -999999 -999999 -999999 -999999 -999999 -999999 -999999 -999999 -999999 -999999 -999999 -999999 -999999 -999999 -999999 -999999 -999999 -999999 
	2355   1951 2200    -999999 1200    -999999 1000    800     2200    900     400     900     1000    1000    800     800     600     800     1900    500     700     
	2355   1952 1900    1000    1900    900     1900    800     1500    500     900     1000    1900    1400    500     800     500     1500    800     300     800     
	2355   1953 2400    1600    1400    1100    1600    900     1600    800     600     1600    1400    700     500     500     900     700     1200    1600    900     
	2355   1954 3000    1800    3000    1800    3000    600     900     1100    700     1700    1200    1800    600     300     500     300     900     600     400     
	2355   1955 1600    1600    1300    1200    1200    1300    1000    900     1200    900     1200    400     1300    1200    900     800     700     1000    800     
	2355   1956 1400    1300    1300    1300    1400    500     1300    500     1300    1200    800     800     500     400     300     1300    800     800     600     
	2355   1957 1400    1200    1100    1200    1400    900     1200    1200    300     600     1100    800     600     600     700     400     500     1200    600     
	2355   1958 1600    1300    1000    600     1300    1000    1600    500     500     1300    600     600     1000    900     500     600     800     1600    500     
	2355   1959 3300    2700    3300    2700    2800    1700    2700    700     2000    700     1000    2800    1100    1700    700     2000    1800    1400    800     
	2355   1960 2100    2100    1500    900     2100    900     900     400     900     2100    600     1100    900     400     400     900     400     300     500     
	2355   1961 1500    1000    1300    1000    900     700     1300    700     1000    900     800     500     700     500     700     1300    900     1300    1500    
	2355   1962 1400    1400    1300    1200    1400    1000    1200    400     1200    1400    1200    400     1000    500     600     500     1000    1100    700     
	2355   1963 2100    2100    1700    1300    800     1100    1700    1000    1300    800     600     800     700     1100    400     1700    900     500     1600    
	2355   1964 2400    2400    1400    1800    1800    1400    1000    1800    600     1800    800     1000    700     800     700     700     700     900     700     
	2355   1965 2500    900     1200    800     800     1200    2500    600     800     700     400     700     800     200     1200    1100    1400    1400    400     
	2355   1966 1600    1200    1600    1200    700     1100    1500    1200    600     700     500     600     1100    600     900     1500    800     400     400     
	2355   1967 1200    900     1200    900     900     1200    1100    900     800     500     800     400     1100    800     1200    900     500     1100    400     
	2355   1968 2400    1100    2300    900     2300    700     1000    500     900     800     2300    600     600     600     700     700     1000    1000    1700    
	2355   1969 2000    1700    1200    1300    1300    1200    2000    1300    800     1300    1000    800     1000    1200    600     900     2000    300     900     
	2355   1970 2300    1400    2300    1400    800     2200    1300    1400    600     800     500     500     2200    500     900     1300    1100    800     700     
	2355   1971 2200    700     2200    700     1400    2200    1700    700     600     500     1100    900     300     2000    400     1200    1100    600     800     
	2355   1972 2200    2000    1600    1800    1500    1200    2200    1000    1800    1500    900     700     400     1200    1100    700     1800    800     1800    
	2355   1973 3100    1800    2500    1700    1800    2500    1300    1300    600     1800    600     400     2500    900     2100    1300    800     700     500     
	2355   1974 3300    1100    2200    700     3300    900     500     400     700     1100    2200    600     900     400     900     400     300     400     500     
	2355   1975 2000    1100    2000    1100    1800    2000    1800    700     1100    600     700     1800    1000    700     1400    700     1800    800     600     
	2355   1976 2500    1500    2500    1500    2500    2200    1200    500     1500    1100    2300    700     1800    1200    900     500     1000    400     500     
	2355   1977 1700    800     1700    600     1100    1700    1500    500     500     600     400     1100    900     1600    500     1500    1500    400     1200    
	2355   1978 1700    1100    1700    1100    1600    1100    1400    1100    700     500     1500    1600    1100    1000    800     500     1400    1000    800     
	2355   1979 1300    800     1000    800     1000    900     1300    800     600     300     1000    800     600     600     900     1000    1000    400     400     
	2355   1980 2500    1400    2500    1400    2500    800     700     1400    1300    700     800     2300    700     800     500     700     600     500     400     
	2355   1981 2300    1300    2000    1300    2300    1500    1100    1200    500     700     1800    800     800     600     1000    1000    300     500     600     
	2355   1982 1700    1400    1500    1400    1700    1400    1400    1400    1400    1200    1000    1000    1100    1300    800     1400    800     600     400     
	2355   1983 1800    1700    1600    1700    1200    1600    1800    400     1700    1200    700     200     1100    1600    1300    900     800     1400    700     
	2355   1984 2300    1700    2300    1100    1300    1800    1900    200     1100    1300    1300    900     700     700     1800    500     700     1600    700     
	2355   1985 2800    2800    1000    2800    900     700     1800    900     2800    400     800     900     300     700     400     1000    1800    600     500     
	2355   1986 2700    2700    2300    2700    1400    2300    2100    600     2100    1400    700     500     1300    600     1800    1500    600     400     500     
	2355   1987 1300    1200    1300    1200    1200    1300    900     1200    700     1200    1000    700     500     800     300     500     600     800     900     
	2355   1988 1700    1100    1700    1100    1600    1700    1000    1100    600     200     1400    1400    1700    400     900     600     1000    900     400     
	2355   1989 2000    2000    2000    2000    1800    1800    1200    1700    700     700     500     1800    1800    1200    900     900     500     1200    800     
	2355   1990 1700    900     1700    700     1500    1700    1100    700     600     900     600     1500    700     1700    1000    600     1100    600     700     
	2355   1991 2700    2000    1800    2000    1600    1500    1100    1000    1000    1200    800     900     200     1100    1400    700     900     1100    1600    
	2355   1992 1900    1300    1900    1300    1800    1900    1200    1200    600     500     1100    1800    1900    700     500     800     700     400     1100    
	2355   1993 1700    1100    1000    900     900     1000    1700    400     900     900     800     700     1000    400     600     500     1100    1600    200     
	2355   1994 1600    1200    1100    1200    900     1100    1600    500     1200    300     900     600     600     1100    1000    500     1600    600     500     
	2355   1995 2800    1600    2500    500     800     2500    2000    500     500     500     800     700     1300    900     2100    700     2000    1100    1700    
	2355   1996 2000    1800    2000    1800    2000    1300    800     1800    800     1500    2000    600     900     1300    600     700     800     400     1200    
	2355   1997 2100    1800    1900    1800    1900    1700    2100    1800    300     1200    1900    1000    600     700     1700    1500    1800    1200    600     
	2355   1998 1600    900     1600    800     1600    1600    1000    800     800     500     300     1600    400     500     1600    800     400     1000    300     
	2355   1999 1600    700     1600    600     1200    1200    1100    600     400     700     800     700     800     900     1100    800     1100    400     300     
	2355   2000 1100    1100    800     1100    800     800     600     1100    400     600     600     800     600     600     800     600     500     300     700     
	2355   2001 1300    1000    1000    1000    1000    900     1100    1000    300     500     400     1000    900     700     500     300     1100    400     1300    
	2355   2002 2300    1000    1500    800     2300    900     1100    500     500     1000    1300    700     500     700     900     1100    500     800     700     
	2355   2003 2300    2300    2100    2300    2000    2100    1100    600     2300    2000    1900    700     800     1200    1600    1100    1000    1000    1000    
	2355   2004 2000    1600    2000    1300    2000    1500    1300    400     1300    1100    2000    2000    700     600     900     1200    1300    800     1400    
	2355   2005 2000    1300    2000    800     700     1200    1800    600     800     400     600     700     1200    1100    600     1400    1800    400     700     
	2355   2006 2800    1500    2800    1500    1500    1500    2800    1000    500     1300    700     1500    1300    1500    400     2800    500     600     1300    
	2355   2007 3600    1200    3500    1200    3600    900     1300    400     600     700     3000    500     900     300     800     600     1300    1000    1800    
	2355   2008 1700    1700    1300    1700    1300    700     900     300     1700    200     900     1300    600     400     700     900     700     600     1200    
	2355   2009 1700    1400    1700    1400    1700    1100    1300    800     600     900     1700    800     900     300     700     1300    500     300     900     
	2355   2010 2000    800     2000    800     1400    2000    1200    800     600     500     1200    1400    2000    600     400     600     1200    600     600     
	2355   2011 3300    1600    1500    800     1600    1000    3300    700     800     1600    1500    900     300     1000    200     1200    1200    2100    500     
	2355   2012 2100    1700    1000    1700    2100    800     1100    500     1200    1400    700     700     300     700     800     900     1100    700     200     
	2355   2013 2200    1400    2100    500     2200    2100    1300    500     400     1400    1000    700     1100    2100    700     1100    500     700     500     
	2355   2014 1400    1400    1300    600     1400    1000    1300    500     600     1400    600     700     800     800     700     1300    400     600     600     
	2355   2015 1400    1000    1300    900     1300    700     1400    400     900     1000    1300    800     700     300     600     600     1000    400     500     
	2355   2016 1600    1100    1300    700     1100    900     1300    700     700     1100    700     1100    900     800     800     1300    1000    900     700     
	2355   2017 1400    1400    1200    1400    1400    1200    800     1400    400     800     1100    700     1200    400     1000    800     800     400     600     
	2355   2018 1800    1700    1800    1400    1200    1800    1600    500     1400    500     900     1200    600     1800    800     700     1600    800     700     
	2355   2019 2100    1000    2100    1000    2100    1600    700     400     1000    600     2100    900     1100    1000    700     500     500     700     700     
	2355   2020 4500    1800    2700    500     4500    1000    1300    300     500     1800    2700    2000    900     1000    900     1300    800     800     400     
	2355   2021 -999999 -999999 1600    -999999 1600    1300    1000    -999999 1000    700     1600    400     1300    800     500     1000    600     700     400     
	2355   2022 2100    1500    2100    700     2100    1400    800     700     300     1300    1400    1500    600     900     1400    500     800     800     1000    
	2355   2023 3900    1100    3900    1100    2000    1900    900     600     1100    400     800     2000    1900    400     600     900     300     300     500     
	2355   2024 1300    -999999 1100    -999999 1300    800     1100    600     -999999 1300    500     1100    800     400     700     1100    500     900     800     
	2355   2025 4300    3200    2700    1300    4200    2500    1500    1200    1300    3100    1100    2100    1200    500     2500    1300    500     800     1000    
	2355   2026 -999999 -999999 -999999 1300    -999999 -999999 -999999 1300    500     -999999 -999999 -999999 -999999 -999999 -999999 -999999 -999999 -999999 -999999 
	