EUROPEAN CLIMATE ASSESSMENT & DATASET (ECA&D), file created on: 17-05-2026
THESE DATA CAN BE USED FOR NON-COMMERCIAL RESEARCH AND EDUCATION PROVIDED THAT THE FOLLOWING SOURCE IS ACKNOWLEDGED: 

Klein Tank, A.M.G. and Coauthors, 2002. Daily dataset of 20th-century surface
air temperature and precipitation series for the European Climate Assessment.
Int. J. of Climatol., 22, 1441-1453.
Data and metadata available at http://www.ecad.eu

FILE FORMAT (MISSING VALUE CODE = -999999):

THIS FILE HOLDS DATA FOR STATION NETHERLANDS                              DOORN                                    (STAID:   2393)
LATITUDE: dd:mm:ss +52:03:00
LONGITUDE: ddd:mm:ss +005:19:59
ELEVATION: m   20

DATA IS FOR INDEX Maximum no of consecutive dry days (RR < 1 mm) (CDD) with unit 0.01 No of days

01-06 SOUID: Source identifier
08-11 YEAR : YYYY
13-20 ANNUAL DATA VALUES
21-28 WINTER HALF YEAR DATA VALUES
29-36 SUMMER HALF YEAR DATA VALUES
37-44 WINTER (DJF) DATA VALUES
45-52 SPRING (MAM) DATA VALUES
53-60 SUMMER (JJA) DATA VALUES
61-68 AUTUMN (SON) DATA VALUES
69-76 JANUARY DATA VALUES
etc. 
157-164 DECEMBER DATA VALUES

2393   1880 -999999 -999999 -999999 -999999 -999999 2300    900     -999999 -999999 -999999 -999999 2100    400     300     2300    800     600     600     400     
	2393   1881 1900    1200    1200    1200    1900    900     1100    1000    1000    1000    1200    600     900     800     700     600     600     1100    1000    
	2393   1882 1700    1700    1200    1700    1600    800     600     1700    1200    1600    1200    700     300     600     500     600     500     400     600     
	2393   1883 -999999 -999999 2100    -999999 2200    600     1100    -999999 -999999 1500    2100    1300    400     200     600     1100    1000    500     900     
	2393   1884 1500    1200    1500    1200    1300    1400    1300    500     700     700     1300    1100    1300    300     1100    1300    1100    1100    1100    
	2393   1885 2200    1500    1600    1500    1500    1600    2200    1500    1100    1000    1500    400     1000    1100    900     500     400     2200    1600    
	2393   1886 4700    4700    2500    2800    2500    1800    3300    700     2800    1900    1400    1100    700     800     1800    2300    1000    500     900     
	2393   1887 2900    2400    2900    2400    1600    2900    1200    1700    2300    1200    1600    500     2500    900     800     800     600     1200    900     
	2393   1888 2500    2200    2500    1500    2500    600     1500    1200    1500    700     300     2500    500     400     600     1200    1500    1300    1300    
	2393   1889 1800    1800    1600    1800    1100    1600    1300    1700    900     600     1100    500     1600    500     400     1200    500     1300    800     
	2393   1890 -999999 -999999 1500    -999999 -999999 800     1400    600     -999999 -999999 900     1500    500     800     500     1400    700     700     1700    
	2393   1891 3500    3500    1300    3200    1400    1200    1300    1900    2700    1400    1300    600     1200    500     500     900     1000    800     1100    
	2393   1892 2600    1800    2100    1200    2600    1100    1100    1200    1200    1400    2100    1300    400     1100    1000    500     500     1100    1500    
	2393   1893 4400    1800    3100    1800    4400    1700    1200    1200    600     1300    3000    1400    1700    900     800     600     700     1200    600     
	2393   1894 2800    2000    1100    1700    2800    1100    1100    1600    1300    2000    800     800     1000    600     300     1100    200     1000    600     
	2393   1895 3000    3000    1600    3000    1100    1000    1600    700     2300    800     1000    1100    1000    800     800     1600    400     400     1500    
	2393   1896 2400    1700    2200    1700    2200    1300    1500    1000    1700    700     600     1900    800     1300    300     400     300     1500    1200    
	2393   1897 2500    2000    1200    2000    900     1200    2500    2000    900     600     800     900     600     1200    400     1000    1200    1300    1200    
	2393   1898 1400    1200    1300    1200    1200    1300    1400    1200    400     500     1200    800     700     800     1300    1100    1100    700     700     
	2393   1899 2200    1600    2200    1500    1400    1700    1300    1100    1300    1400    300     1000    1700    700     1300    400     1300    700     1700    
	2393   1900 1700    1600    1700    1100    1700    1000    600     400     1000    1400    1700    900     600     1000    700     600     500     600     500     
	2393   1901 1900    1000    1900    1000    1900    1100    1500    1000    900     1000    900     1900    1100    1100    1000    1200    800     800     400     
	2393   1902 1300    1300    1100    1300    800     800     1100    500     1300    700     600     800     800     700     300     1100    900     1000    1200    
	2393   1903 1500    1200    1500    1200    1000    1500    800     1200    700     900     300     1000    1100    800     600     800     500     700     2200    
	2393   1904 2800    1300    2100    1300    1500    2100    1600    1300    700     1200    1500    1000    900     2100    500     1600    800     700     1100    
	2393   1905 1800    900     1800    900     1200    700     1700    600     700     400     1100    1200    700     700     600     1700    400     1000    1800    
	2393   1906 3000    1300    1700    1000    3000    1200    1200    400     700     1300    1700    500     1200    600     600     1100    900     500     900     
	2393   1907 1700    1700    1700    1700    1400    1500    1700    1700    1000    900     500     500     200     1500    200     1700    700     1100    1700    
	2393   1908 3200    1700    1900    1700    1500    1900    3200    900     1100    1500    700     700     1200    700     600     1500    2100    1100    1200    
	2393   1909 2200    2200    1300    2200    1300    900     1200    1500    2200    1100    1100    1300    900     600     600     1100    600     900     900     
	2393   1910 2500    1300    1200    900     2500    1000    1800    800     700     1300    1200    900     1000    1000    600     800     1700    500     400     
	2393   1911 3400    3400    1500    3400    1500    1500    1200    1900    1500    500     1500    1200    400     1300    1500    1200    500     400     300     
	2393   1912 2300    900     2300    900     2300    1900    1300    900     500     300     1900    1100    500     1900    400     1200    1300    600     700     
	2393   1913 2100    2100    1700    1900    1200    1700    1200    900     1900    300     900     1000    500     900     1700    800     900     500     600     
	2393   1914 1600    1600    1500    1600    1300    1100    1100    1600    1200    400     1300    900     700     700     1100    1000    1100    900     500     
	2393   1915 1300    1100    1300    700     1300    1200    1300    700     400     1000    1300    1000    1200    700     700     1000    1300    600     300     
	2393   1916 2800    1000    2800    600     1300    2800    1500    300     400     1000    1000    800     800     1500    1300    1200    500     1500    400     
	2393   1917 2300    2000    2300    2000    2300    1100    1200    1200    1900    1300    1100    1200    900     1000    400     1100    500     1000    900     
	2393   1918 2200    2200    1800    1300    1800    1200    800     800     600     1800    1000    1800    500     700     900     200     700     800     700     
	2393   1919 3200    1900    3200    1900    2900    1700    1800    800     1500    900     1000    2900    1500    400     1700    1800    800     400     900     
	2393   1920 2800    1200    2100    1200    1200    1900    2800    700     1200    1200    400     400     1900    500     800     900     1600    1400    1600    
	2393   1921 3700    1700    3700    1700    2300    3700    2300    500     1300    1400    1600    1500    900     2800    700     1700    800     2300    700     
	2393   1922 2100    1500    1400    1100    1500    1200    2100    900     1100    1500    600     1200    1200    500     700     300     2100    1000    800     
	2393   1923 1900    1400    1900    500     1900    1900    800     500     500     1400    1100    500     500     1400    1300    600     300     800     400     
	2393   1924 1700    1700    1200    800     1700    1200    1500    800     700     1700    1000    300     1000    1000    700     600     900     1500    1200    
	2393   1925 1600    1400    1600    1400    1600    1100    1500    1400    400     600     600     1600    1100    600     600     600     1200    1000    700     
	2393   1926 1500    1500    1500    1100    1500    1500    800     1100    700     1500    600     400     1300    800     1000    800     600     600     900     
	2393   1927 1500    1300    1500    1100    1500    800     1400    700     1100    1300    700     1100    300     300     600     900     1400    600     800     
	2393   1928 2100    1900    2100    1300    1300    1900    2000    300     1300    1300    800     900     600     1900    400     2000    500     700     500     
	2393   1929 2000    1800    2000    1400    1800    2000    800     1200    1300    1800    1000    700     500     2000    1300    800     700     500     500     
	2393   1930 2300    2100    1100    1200    2300    1000    500     1200    1200    1200    1100    500     1000    500     700     500     400     300     600     
	2393   1931 2300    2000    2100    600     2300    2100    1200    600     600     2000    400     700     1600    500     700     600     1200    1200    1300    
	2393   1932 2100    1800    1900    1400    1800    1900    1000    1400    1200    1800    800     700     1900    500     800     500     300     1000    2100    
	2393   1933 2200    1900    2200    1900    2200    1400    1100    1900    800     1200    2200    900     800     800     1400    1100    400     700     1200    
	2393   1934 2400    2400    2300    2400    1600    2300    1600    700     2400    800     800     1400    1100    2000    800     1600    400     900     500     
	2393   1935 1900    1600    1900    500     1900    1300    500     400     400     1600    600     1300    400     1100    1300    400     500     500     400     
	2393   1936 1900    1900    1400    1200    1900    1200    1100    600     1200    1900    800     800     700     300     1200    400     900     1100    900     
	2393   1937 1900    600     1900    600     1300    1000    1200    500     400     600     400     1300    600     1000    600     400     1100    600     900     
	2393   1938 1700    1400    1600    1400    1400    1400    1700    200     1400    1400    900     1200    1300    1400    800     1600    800     900     1000    
	2393   1939 2500    1100    2500    1100    1500    1700    1900    600     500     400     600     1500    1000    900     1700    900     1000    300     1700    
	2393   1940 2100    1000    2100    800     2100    1100    1300    600     500     800     500     2100    1100    300     700     1000    1300    400     700     
	2393   1941 3400    1200    3400    1200    1700    3400    1900    1100    400     1200    900     1700    1500    1900    200     1900    800     600     500     
	2393   1942 2900    1900    2900    1600    2900    1100    900     1400    1600    1200    2000    900     1100    400     600     800     600     800     600     
	2393   1943 3100    3100    1800    1200    1900    1800    1800    500     1200    1900    1000    1300    900     1800    500     1600    1600    700     1300    
	2393   1944 1900    1900    1900    1900    1300    1900    1200    500     1900    1100    900     700     800     700     1800    1200    900     300     800     
	2393   1945 1400    1100    1300    600     1100    1300    1400    600     400     1100    800     1100    900     1300    700     1000    800     1400    500     
	2393   1946 1900    1500    1900    1500    1900    900     1400    1500    400     1200    1100    1200    600     900     700     700     1400    700     1200    
	2393   1947 3000    2300    3000    2300    1100    2500    1300    1700    2300    400     1100    700     900     2000    2500    500     1300    400     300     
	2393   1948 3000    3000    2100    1500    2100    1400    900     200     1500    1500    900     2100    900     1400    1000    900     900     900     1100    
	2393   1949 2300    2200    2300    2200    1100    2300    900     1600    800     1000    800     600     1700    1200    2300    600     800     500     600     
	2393   1950 1700    1200    1700    1000    900     1300    1100    1000    400     800     800     900     1300    500     500     200     1100    500     1200    
	2393   1951 2200    1400    1400    1100    1000    1100    2200    900     400     1000    1000    500     1100    700     700     800     2000    300     1300    
	2393   1952 1300    800     1300    800     1300    1100    1200    500     800     800     1300    1300    800     1000    1100    1200    800     300     1000    
	2393   1953 2100    2100    1500    1100    1600    1500    1300    800     1100    1600    1200    1000    700     600     1500    700     1300    1100    800     
	2393   1954 6100    1800    6000    1800    6100    700     600     1100    700     1700    3000    3000    500     300     700     300     500     600     600     
	2393   1955 1700    1700    1200    1200    1200    1100    800     900     1200    900     1200    400     900     800     1100    800     700     800     500     
	2393   1956 1500    1300    1500    1300    1500    1000    1200    500     1300    1200    1500    800     1000    400     300     1200    900     900     600     
	2393   1957 1400    1100    1100    1100    900     900     1100    1100    400     600     500     800     600     300     700     200     1000    1100    600     
	2393   1958 3000    1400    1100    600     1400    900     2300    500     200     1400    600     500     800     900     600     800     900     2300    700     
	2393   1959 2600    2100    2200    2100    1500    1900    2600    600     2000    900     800     1500    1400    1900    1600    2000    1700    800     800     
	2393   1960 1300    1000    1300    500     1000    900     900     400     500     1000    600     900     900     400     400     900     300     300     600     
	2393   1961 1500    1500    1200    1100    1500    1200    1400    500     1100    1500    700     1000    1200    700     700     1200    1200    1400    1500    
	2393   1962 2100    2000    1600    1200    1400    1400    2100    400     1200    1000    900     500     1400    500     400     700     2100    1300    700     
	2393   1963 2900    2400    1600    1600    900     1000    1000    1000    1600    800     600     900     700     800     300     1000    900     500     2400    
	2393   1964 1800    1800    1500    1300    1200    1200    1000    1300    600     1200    400     1000    600     900     1200    800     600     1000    600     
	2393   1965 2600    2600    1100    1300    1300    1100    1500    700     1300    1300    500     600     800     300     600     900     1500    1400    300     
	2393   1966 1500    900     1500    900     1100    900     1500    900     600     500     400     1100    900     300     800     1500    1200    300     200     
	2393   1967 2200    900     2200    900     2200    1200    1100    900     900     600     1800    400     900     900     1200    900     300     1100    400     
	2393   1968 2200    1200    1100    800     1100    800     1200    500     800     700     1100    500     600     700     800     600     1000    1200    1500    
	2393   1969 2200    1500    2200    1000    1300    1100    2000    1000    600     1300    900     600     1000    1100    900     2000    2000    300     600     
	2393   1970 2500    1200    2500    600     800     2300    1300    600     400     800     300     700     2300    500     900     1300    1100    800     900     
	2393   1971 2300    900     2300    900     2000    1900    2200    900     800     500     1500    800     600     1700    400     2200    1100    600     900     
	2393   1972 3100    1600    1700    1400    1500    1000    3100    900     1400    1500    900     500     500     1000    1000    1200    1900    400     2100    
	2393   1973 4000    2300    2400    2300    1800    2400    1300    1900    500     1800    600     400     2400    400     2100    1300    800     700     600     
	2393   1974 3300    1000    2600    1000    3300    900     700     500     1000    700     2600    700     800     600     900     700     500     400     300     
	2393   1975 1800    1100    1600    1100    1400    1500    1800    600     1100    300     700     1400    1000    700     800     900     1800    800     1100    
	2393   1976 2100    1500    2100    1500    1500    2100    800     500     1500    1100    1500    700     1700    1100    1500    400     800     400     600     
	2393   1977 1300    800     1300    600     1100    1000    1100    400     300     400     900     1100    500     1000    500     900     1100    600     600     
	2393   1978 2100    1000    2100    1000    2000    1400    1500    1000    700     500     900     2000    500     1200    1100    500     1500    1500    800     
	2393   1979 1400    1000    1400    700     800     800     1400    700     500     400     800     800     800     600     600     1400    1200    700     400     
	2393   1980 1900    1900    1400    1400    1200    800     1900    1400    1400    1100    900     1200    600     800     500     1400    800     500     400     
	2393   1981 3200    1300    2700    1300    3200    1000    1100    500     1300    500     2700    500     400     600     1000    1000    300     400     600     
	2393   1982 2400    1600    2400    1600    1900    2400    1400    1600    1400    1100    1900    1100    500     1600    800     1300    800     600     600     
	2393   1983 2200    2000    2200    2000    1300    2200    2000    500     2000    1300    400     200     800     2200    1000    900     600     1400    700     
	2393   1984 2100    1300    2100    1100    1400    2100    700     400     1100    1300    1400    700     800     1500    2100    500     700     700     600     
	2393   1985 2000    2000    1400    2000    900     1400    1900    600     2000    500     800     900     300     1400    400     800     1900    600     500     
	2393   1986 3400    3400    1700    3100    1100    1700    2100    300     2800    1100    700     400     1100    1700    700     1500    600     400     400     
	2393   1987 1300    1300    1300    1300    1200    1300    1000    1300    700     1200    1000    700     300     1300    400     600     600     900     900     
	2393   1988 1300    900     1300    900     900     1300    900     900     500     200     800     900     1300    300     700     600     900     900     500     
	2393   1989 2100    800     2100    800     1900    1400    1200    600     800     700     500     1900    1300    1200    1400    800     400     1200    1100    
	2393   1990 1800    900     1800    600     1600    1800    1100    600     600     900     600     1600    900     1800    1000    500     1100    600     500     
	2393   1991 2700    1900    2300    1900    1600    1000    1400    1200    700     1200    800     1500    200     500     1000    1400    1200    1100    1600    
	2393   1992 1900    1300    1900    1300    1900    1500    1600    1200    600     500     900     1900    1100    700     800     1600    400     400     1100    
	2393   1993 1700    1000    1600    900     1600    800     1700    400     900     1000    800     800     600     400     800     500     1100    1500    200     
	2393   1994 1700    1100    1700    1100    900     1700    1700    400     1100    700     900     500     800     1700    800     1000    1700    800     400     
	2393   1995 2700    1400    2700    500     1700    2700    1800    300     500     500     900     800     1300    1000    2300    1300    1800    1200    1600    
	2393   1996 3000    3000    2000    3000    2000    1300    900     2100    900     1500    1900    1300    900     1300    800     900     800     500     1400    
	2393   1997 2000    1800    2000    1800    900     2000    1600    1800    300     900     900     900     600     500     2000    1600    1100    600     800     
	2393   1998 1600    1300    1600    1300    1600    1600    700     800     1300    500     300     1600    400     500     1600    600     200     700     300     
	2393   1999 1200    700     1200    400     1200    1200    1100    300     400     700     800     700     500     900     500     800     1100    400     200     
	2393   2000 1500    900     1500    900     900     1500    600     900     300     500     900     700     700     800     1500    600     400     300     700     
	2393   2001 1900    1100    1900    1100    1400    1900    1000    1100    300     400     600     1400    1300    900     800     200     1000    700     1300    
	2393   2002 2400    1100    1300    1000    2400    1000    1300    1000    600     1100    1300    600     400     600     1000    1300    700     900     1300    
	2393   2003 2300    2000    2300    1900    2000    2300    1200    600     1900    2000    1800    600     1200    700     2100    1100    1200    800     1000    
	2393   2004 1700    1000    1500    1000    1300    1500    900     400     700     1000    900     1300    600     600     900     900     800     300     1500    
	2393   2005 1700    900     1400    800     900     1100    1700    600     600     900     600     500     1100    900     700     800     1700    400     700     
	2393   2006 1600    1500    1600    1500    1500    1600    1500    1100    900     1300    900     1500    1300    1600    200     1500    700     600     900     
	2393   2007 4600    1100    3500    800     4600    900     1200    300     600     1100    3000    500     700     300     900     600     1200    500     1500    
	2393   2008 1800    1800    1500    1800    1500    900     1000    400     1800    300     900     1400    700     500     900     1000    700     600     1100    
	2393   2009 1900    1000    1900    1000    1000    1900    1400    800     600     800     900     800     1400    500     700     1400    500     200     500     
	2393   2010 2300    800     2300    800     2100    2300    1400    600     800     700     2100    1600    2100    600     400     500     1200    1400    800     
	2393   2011 2800    1300    2800    1000    2800    600     2300    600     1000    1200    1900    900     300     500     400     1300    600     2300    500     
	2393   2012 2900    2400    1000    800     2900    900     1000    500     800     2400    500     600     400     700     900     1000    900     600     200     
	2393   2013 2300    1400    2300    800     2300    2300    1400    600     800     1400    900     700     1100    2300    600     1200    600     800     500     
	2393   2014 2300    1700    2300    500     1700    1000    2300    500     300     1700    600     500     1000    700     300     2300    400     600     400     
	2393   2015 1200    1000    1200    900     1200    1100    1100    400     900     1000    1200    700     1100    500     900     600     700     400     800     
	2393   2016 1500    1100    1500    500     1500    900     1100    500     500     1100    500     1500    900     700     900     1000    1100    900     1000    
	2393   2017 1300    1300    1200    1300    1100    1200    900     1300    700     1100    1000    700     1200    400     900     900     900     300     300     
	2393   2018 2700    1700    2700    1400    800     2700    2100    400     1400    500     700     800     1800    1700    700     1200    2100    1500    600     
	2393   2019 2100    1700    2100    1700    2100    1600    700     400     1700    700     2100    1600    1100    600     1000    600     500     700     500     
	2393   2020 4500    1800    2700    700     4500    1000    1700    700     400     1800    2700    1000    700     700     1000    1700    800     800     400     
	2393   2021 1700    1700    1300    1000    1300    1200    1200    300     1000    900     1300    500     1200    900     500     1200    600     700     1100    
	2393   2022 3600    3300    3600    700     3600    1500    800     700     400     2900    2100    1500    900     1400    1500    500     800     800     900     
	2393   2023 3900    1100    3900    1100    2000    1900    900     400     1100    500     700     2000    1900    500     1200    900     700     300     400     
	2393   2024 1200    900     1200    700     900     1100    1200    700     200     900     400     900     800     600     900     1200    600     900     700     
	2393   2025 4300    3200    2700    1100    4200    1600    1200    1100    900     3100    1100    2100    1400    800     1600    1000    500     800     1200    
	2393   2026 -999999 1100    -999999 1100    -999999 -999999 -999999 1100    300     900     1900    -999999 -999999 -999999 -999999 -999999 -999999 -999999 -999999 
	