EUROPEAN CLIMATE ASSESSMENT & DATASET (ECA&D), file created on: 17-05-2026
THESE DATA CAN BE USED FOR NON-COMMERCIAL RESEARCH AND EDUCATION PROVIDED THAT THE FOLLOWING SOURCE IS ACKNOWLEDGED: 

Klein Tank, A.M.G. and Coauthors, 2002. Daily dataset of 20th-century surface
air temperature and precipitation series for the European Climate Assessment.
Int. J. of Climatol., 22, 1441-1453.
Data and metadata available at http://www.ecad.eu

FILE FORMAT (MISSING VALUE CODE = -999999):

THIS FILE HOLDS DATA FOR STATION NETHERLANDS                              BUCHTEN                                  (STAID:   2380)
LATITUDE: dd:mm:ss +51:03:00
LONGITUDE: ddd:mm:ss +005:48:00
ELEVATION: m   15

DATA IS FOR INDEX Maximum no of consecutive dry days (RR < 1 mm) (CDD) with unit 0.01 No of days

01-06 SOUID: Source identifier
08-11 YEAR : YYYY
13-20 ANNUAL DATA VALUES
21-28 WINTER HALF YEAR DATA VALUES
29-36 SUMMER HALF YEAR DATA VALUES
37-44 WINTER (DJF) DATA VALUES
45-52 SPRING (MAM) DATA VALUES
53-60 SUMMER (JJA) DATA VALUES
61-68 AUTUMN (SON) DATA VALUES
69-76 JANUARY DATA VALUES
etc. 
157-164 DECEMBER DATA VALUES

2380   1950 -999999 -999999 -999999 -999999 -999999 -999999 -999999 -999999 -999999 -999999 -999999 -999999 -999999 -999999 -999999 -999999 -999999 -999999 -999999 
	2380   1951 2200    -999999 1100    -999999 1100    900     2200    900     400     900     1100    600     900     700     700     1000    1900    300     1300    
	2380   1952 1700    1700    1400    1700    1400    1000    800     400     1700    1000    1300    1400    800     900     1000    600     400     800     800     
	2380   1953 3300    1700    1400    700     1400    800     2500    700     700     1400    1400    1100    600     500     800     700     800     2500    900     
	2380   1954 1700    1700    1500    1700    1500    600     800     1000    700     1400    1000    1500    600     600     300     500     700     800     600     
	2380   1955 1900    900     1900    800     1900    1700    800     800     400     900     1900    300     900     1200    1700    800     700     800     500     
	2380   1956 1400    1200    1200    800     1400    600     1200    600     800     1200    1000    800     400     400     600     1200    900     1000    300     
	2380   1957 1400    1200    1000    1200    1400    900     800     1200    300     700     1000    800     900     600     500     300     800     800     900     
	2380   1958 2400    1400    1100    800     1300    900     1700    500     300     1300    600     400     900     700     600     900     800     1700    700     
	2380   1959 3700    2800    3700    2800    1100    1700    2000    800     2000    400     900     1100    1500    1400    1700    2000    900     800     800     
	2380   1960 1200    1000    1200    1000    1100    1000    800     200     1000    900     700     1000    1000    400     300     800     300     400     1100    
	2380   1961 1700    1700    1600    1100    1700    1500    1600    1000    1100    1700    400     1100    1200    700     1100    1600    900     900     1500    
	2380   1962 2200    1500    2100    1100    1500    1800    2200    500     1100    1000    1000    500     1800    500     700     600     2200    500     700     
	2380   1963 2000    2000    1500    1200    900     1100    1300    1000    1200    800     600     900     600     1100    500     1100    1300    600     1300    
	2380   1964 2400    2400    1500    1300    1400    1200    1000    1300    1200    1200    800     1400    600     1200    1200    800     800     900     700     
	2380   1965 1400    1300    1400    1100    1200    1400    1400    300     1100    1200    600     700     800     600     700     1300    1400    700     300     
	2380   1966 2100    1600    2100    1600    1100    1600    1500    1600    600     400     300     1100    1600    400     700     1500    600     400     400     
	2380   1967 1600    900     1600    900     700     1200    1000    500     900     600     700     600     700     1200    1200    700     700     1000    400     
	2380   1968 2400    1100    2400    700     2400    900     1500    400     700     400     2400    700     600     700     900     700     1500    1100    1300    
	2380   1969 1900    1900    1100    1000    1100    1000    1900    800     900     1000    1000    700     800     700     1000    800     1900    500     1000    
	2380   1970 1400    1300    1400    600     1200    800     1200    500     300     600     400     1200    800     600     700     1200    1200    600     1000    
	2380   1971 2200    1700    2200    1700    2000    2200    2100    1700    800     500     1500    800     400     2100    600     2100    1100    500     800     
	2380   1972 3300    1900    1800    1700    1500    1200    3300    600     1700    1500    800     500     400     1200    1200    1400    1900    700     2100    
	2380   1973 3400    1800    2600    1400    1800    2600    1200    1300    600     1800    500     400     2600    1000    1400    900     900     1000    600     
	2380   1974 3300    1100    2200    1000    3300    1300    700     500     1000    1100    2200    700     700     600     1300    500     400     500     500     
	2380   1975 2100    1100    2100    1100    2000    1100    1400    1000    1100    400     900     2000    1100    800     1000    900     1400    700     1100    
	2380   1976 2300    1500    2300    1500    1100    2300    900     500     1500    1100    900     600     1700    1100    2300    500     800     900     900     
	2380   1977 1500    1300    1500    600     1100    1200    1500    400     400     1000    500     1100    500     1100    600     1500    1300    500     900     
	2380   1978 1500    1500    1400    1400    1200    1000    1200    1000    1400    500     900     1200    700     1000    1000    1200    1100    900     700     
	2380   1979 2800    700     2200    700     1100    1200    2800    700     500     200     1100    400     600     600     500     2200    1300    500     400     
	2380   1980 2000    1500    2000    1500    2000    700     1100    1400    1500    700     800     2000    600     400     700     600     500     700     600     
	2380   1981 1800    700     1800    700     1100    1100    900     600     700     600     1100    500     500     1000    1100    800     200     500     600     
	2380   1982 1600    1400    1600    1400    1600    1100    1600    1400    1400    900     1600    800     500     1100    400     1200    800     800     900     
	2380   1983 1700    1600    1300    1600    1300    1300    1700    400     1600    1300    800     200     1100    1000    1300    600     1000    1400    600     
	2380   1984 2000    1700    1400    1100    1500    1100    1700    500     1100    1500    1400    700     700     1100    1100    500     800     1400    1500    
	2380   1985 1900    1900    1200    1900    1000    1200    1700    800     1900    600     1000    900     600     1200    500     700     1700    500     600     
	2380   1986 2200    2200    1400    1900    1300    1200    1800    700     1900    1300    600     500     1200    1100    600     1400    1200    600     700     
	2380   1987 1700    1300    1300    1300    1300    700     1000    800     500     1300    1100    700     400     700     700     600     400     900     1400    
	2380   1988 1100    1100    1100    1100    1100    900     800     1100    600     200     1100    700     900     400     700     600     700     800     400     
	2380   1989 2100    1700    2100    1700    1900    2000    1200    1400    800     700     400     1900    1100    2000    800     800     800     1000    1100    
	2380   1990 2000    1600    2000    900     1900    2000    1600    800     600     1600    800     1900    700     2000    1400    600     1500    800     800     
	2380   1991 2800    1800    2800    1800    1500    1400    1400    1100    1200    1200    700     1500    200     500     1400    1400    1300    1000    1500    
	2380   1992 2200    1400    1700    1400    1700    1100    2200    1200    600     500     900     1700    1000    700     500     1700    500     400     900     
	2380   1993 2600    2600    1700    1700    2600    1700    1400    500     1500    2600    1200    600     1300    500     700     400     800     1000    300     
	2380   1994 2200    1100    2200    1100    1300    2200    1800    500     1100    400     1300    500     1900    1000    400     600     1800    600     600     
	2380   1995 2600    1500    2600    600     1600    2600    1400    400     600     500     800     1500    1300    800     2300    400     1400    700     1000    
	2380   1996 2200    2200    1300    1500    2000    1300    1500    1500    700     2000    1300    800     1100    1300    900     1000    1500    500     900     
	2380   1997 2500    1700    2000    1700    1900    2000    2500    1700    500     1100    1900    900     600     600     2000    1800    1700    700     800     
	2380   1998 3700    3700    1800    3700    1800    1700    1000    1100    2600    800     400     1800    300     1100    1700    600     300     1000    500     
	2380   1999 1800    700     1800    700     1300    1200    1200    400     400     700     900     1000    1200    900     600     1200    1200    500     400     
	2380   2000 1700    900     1700    900     900     1700    800     900     500     900     600     500     800     700     1500    800     600     300     500     
	2380   2001 1300    600     1200    600     1200    1200    1100    600     500     200     400     1200    1200    1100    700     300     1100    700     1300    
	2380   2002 2400    1100    1400    1100    2400    1000    1100    1000    400     1000    1400    700     1000    600     600     1100    600     600     1200    
	2380   2003 2300    2300    1800    2300    1800    1800    1400    900     2300    1700    1800    500     700     1800    1600    900     1400    1300    1000    
	2380   2004 1400    900     1200    900     1200    1000    900     300     700     600     900     1200    500     500     500     900     900     400     1400    
	2380   2005 1600    1000    1500    1000    900     1500    1600    600     800     900     500     900     1500    1300    600     700     1600    800     900     
	2380   2006 1500    1300    1500    1000    1300    1500    1300    1000    600     1300    700     1100    1200    1500    200     1300    1000    700     1100    
	2380   2007 3600    900     3500    900     3600    800     1000    400     600     700     3000    600     700     300     800     600     1000    500     1400    
	2380   2008 1700    1700    1300    1700    1300    800     900     500     1700    500     700     1300    700     400     800     900     600     700     1100    
	2380   2009 1400    1200    1100    1000    1000    900     1100    800     900     1000    700     800     700     400     900     1000    1000    500     900     
	2380   2010 2500    900     2500    600     1600    2500    1300    600     400     900     1600    800     2100    600     300     700     1300    900     800     
	2380   2011 2000    1300    1500    700     1500    1300    2000    600     700     1200    1500    1300    300     1100    400     1300    600     2000    500     
	2380   2012 1800    1300    1700    1300    1800    1700    1000    500     1200    1300    500     1000    400     600     1700    900     700     1000    400     
	2380   2013 1900    1100    1800    800     1900    1800    1300    600     800     1100    800     600     1200    1800    1000    1100    600     500     500     
	2380   2014 1800    1800    1700    700     1800    1000    1700    700     400     1800    1400    600     1000    500     200     1700    700     600     600     
	2380   2015 1800    1800    1200    1800    1700    1200    1100    700     1800    1700    1200    900     800     400     500     700     500     700     400     
	2380   2016 1800    1700    1500    600     1700    1400    1500    500     600     1700    900     1500    300     1400    800     1500    800     900     900     
	2380   2017 1400    1400    1400    1400    1300    1400    1000    1400    800     1300    1200    700     1400    900     900     800     1000    400     300     
	2380   2018 4400    1400    4400    1300    800     4400    1900    500     1300    500     700     800     1800    2600    600     700     1900    1200    600     
	2380   2019 2200    1700    2200    1700    2100    2200    1000    500     1700    1400    2100    800     1100    1100    800     1000    500     600     500     
	2380   2020 3200    1100    3200    800     2900    1200    1800    800     400     1100    1500    2900    400     800     700     1800    900     1000    500     
	2380   2021 -999999 -999999 2000    -999999 2000    1500    1200    -999999 700     800     1800    700     1500    800     500     1100    700     1200    1100    
	2380   2022 3400    3400    2700    1000    3000    2000    1100    1000    400     3000    1700    1000    1000    2000    1100    500     1100    800     1200    
	2380   2023 3500    1300    3500    1300    1600    1900    1100    500     1300    500     700     1600    1900    400     600     900     1000    200     500     
	2380   2024 1100    -999999 1100    -999999 900     700     1100    700     -999999 900     500     700     700     500     500     1100    700     900     700     
	2380   2025 4400    3200    2300    1000    4300    2300    1200    700     1000    3100    1200    2000    1000    1200    2300    1000    1200    700     1300    
	2380   2026 -999999 -999999 -999999 1000    -999999 -999999 -999999 1000    400     -999999 -999999 -999999 -999999 -999999 -999999 -999999 -999999 -999999 -999999 
	