EUROPEAN CLIMATE ASSESSMENT & DATASET (ECA&D), file created on: 17-05-2026
THESE DATA CAN BE USED FOR NON-COMMERCIAL RESEARCH AND EDUCATION PROVIDED THAT THE FOLLOWING SOURCE IS ACKNOWLEDGED: 

Klein Tank, A.M.G. and Coauthors, 2002. Daily dataset of 20th-century surface
air temperature and precipitation series for the European Climate Assessment.
Int. J. of Climatol., 22, 1441-1453.
Data and metadata available at http://www.ecad.eu

FILE FORMAT (MISSING VALUE CODE = -999999):

THIS FILE HOLDS DATA FOR STATION NETHERLANDS                              AKKRUM                                   (STAID:   2354)
LATITUDE: dd:mm:ss +53:03:00
LONGITUDE: ddd:mm:ss +005:49:00
ELEVATION: m    4

DATA IS FOR INDEX Maximum no of consecutive dry days (RR < 1 mm) (CDD) with unit 0.01 No of days

01-06 SOUID: Source identifier
08-11 YEAR : YYYY
13-20 ANNUAL DATA VALUES
21-28 WINTER HALF YEAR DATA VALUES
29-36 SUMMER HALF YEAR DATA VALUES
37-44 WINTER (DJF) DATA VALUES
45-52 SPRING (MAM) DATA VALUES
53-60 SUMMER (JJA) DATA VALUES
61-68 AUTUMN (SON) DATA VALUES
69-76 JANUARY DATA VALUES
etc. 
157-164 DECEMBER DATA VALUES

2354   1885 -999999 -999999 1500    -999999 -999999 1500    900     -999999 -999999 -999999 1300    400     900     1100    900     300     300     900     1300    
	2354   1886 4300    4300    1500    2400    1900    1500    1200    800     2400    1800    600     1000    900     700     700     1200    1100    400     600     
	2354   1887 2800    2800    2500    1800    2100    2500    1800    1100    1800    2100    1900    400     2200    1400    900     900     600     1800    1300    
	2354   1888 -999999 1200    -999999 1200    3300    -999999 -999999 1200    900     900     600     3000    -999999 -999999 -999999 -999999 -999999 -999999 -999999 
	2354   1889 -999999 -999999 -999999 -999999 -999999 -999999 -999999 -999999 -999999 -999999 -999999 -999999 -999999 -999999 -999999 -999999 -999999 -999999 -999999 
	2354   1890 -999999 -999999 -999999 -999999 -999999 -999999 -999999 -999999 -999999 -999999 -999999 -999999 -999999 -999999 -999999 -999999 -999999 -999999 -999999 
	2354   1891 -999999 -999999 -999999 -999999 1100    900     -999999 -999999 -999999 900     1100    500     900     400     400     -999999 -999999 -999999 -999999 
	2354   1892 2000    -999999 1400    -999999 1800    1300    1000    2000    800     1100    1500    1100    400     1100    1300    900     400     1000    1100    
	2354   1893 2800    1500    2700    1500    2800    2200    600     1500    600     1300    1500    1200    2200    1100    1300    600     600     600     600     
	2354   1894 3300    1900    1600    900     3300    1100    1600    900     900     1900    1400    1300    1000    500     800     1600    400     1000    1200    
	2354   1895 -999999 -999999 -999999 -999999 -999999 -999999 -999999 -999999 -999999 -999999 -999999 -999999 -999999 -999999 -999999 -999999 -999999 -999999 -999999 
	2354   1896 -999999 -999999 -999999 -999999 -999999 -999999 -999999 -999999 -999999 -999999 -999999 -999999 -999999 -999999 -999999 -999999 -999999 -999999 -999999 
	2354   1897 -999999 -999999 -999999 -999999 -999999 -999999 -999999 -999999 -999999 -999999 -999999 -999999 -999999 -999999 -999999 -999999 -999999 -999999 -999999 
	2354   1898 -999999 -999999 -999999 -999999 -999999 -999999 -999999 -999999 -999999 -999999 -999999 -999999 -999999 -999999 -999999 -999999 -999999 -999999 -999999 
	2354   1899 -999999 -999999 -999999 -999999 -999999 -999999 -999999 -999999 -999999 -999999 -999999 -999999 -999999 -999999 -999999 -999999 -999999 -999999 -999999 
	2354   1900 -999999 -999999 -999999 -999999 -999999 -999999 -999999 -999999 -999999 -999999 -999999 -999999 -999999 -999999 -999999 -999999 -999999 -999999 -999999 
	2354   1901 -999999 -999999 -999999 -999999 -999999 -999999 -999999 -999999 -999999 -999999 -999999 -999999 -999999 -999999 -999999 -999999 -999999 -999999 -999999 
	2354   1902 -999999 -999999 -999999 -999999 -999999 -999999 -999999 -999999 -999999 -999999 -999999 -999999 -999999 -999999 -999999 -999999 -999999 -999999 -999999 
	2354   1903 -999999 -999999 -999999 -999999 -999999 -999999 -999999 -999999 -999999 -999999 -999999 -999999 -999999 -999999 -999999 -999999 -999999 -999999 -999999 
	2354   1904 -999999 -999999 -999999 -999999 -999999 -999999 -999999 -999999 -999999 -999999 -999999 -999999 -999999 -999999 -999999 -999999 -999999 -999999 -999999 
	2354   1905 -999999 -999999 -999999 -999999 -999999 -999999 -999999 -999999 -999999 -999999 -999999 -999999 -999999 -999999 -999999 -999999 -999999 -999999 -999999 
	2354   1906 -999999 -999999 -999999 -999999 -999999 -999999 -999999 -999999 -999999 -999999 -999999 -999999 -999999 -999999 -999999 -999999 -999999 -999999 -999999 
	2354   1907 -999999 -999999 -999999 -999999 -999999 -999999 -999999 -999999 -999999 -999999 -999999 -999999 -999999 -999999 -999999 -999999 -999999 -999999 -999999 
	2354   1908 -999999 -999999 -999999 -999999 -999999 -999999 -999999 -999999 -999999 -999999 -999999 -999999 -999999 -999999 -999999 -999999 -999999 -999999 -999999 
	2354   1909 -999999 -999999 -999999 -999999 -999999 -999999 -999999 -999999 -999999 -999999 -999999 -999999 -999999 -999999 -999999 -999999 -999999 -999999 -999999 
	2354   1910 -999999 -999999 -999999 -999999 -999999 -999999 -999999 -999999 -999999 -999999 -999999 -999999 -999999 -999999 -999999 -999999 -999999 -999999 -999999 
	2354   1911 -999999 -999999 -999999 -999999 -999999 -999999 -999999 -999999 -999999 -999999 -999999 -999999 -999999 -999999 -999999 -999999 -999999 -999999 -999999 
	2354   1912 -999999 -999999 -999999 -999999 -999999 -999999 -999999 -999999 -999999 -999999 -999999 -999999 -999999 -999999 -999999 -999999 -999999 -999999 -999999 
	2354   1913 -999999 -999999 -999999 -999999 -999999 -999999 -999999 -999999 -999999 -999999 -999999 -999999 -999999 -999999 -999999 -999999 -999999 -999999 -999999 
	2354   1914 -999999 -999999 -999999 -999999 -999999 -999999 -999999 -999999 -999999 -999999 -999999 -999999 -999999 -999999 -999999 -999999 -999999 -999999 -999999 
	2354   1915 -999999 -999999 -999999 -999999 -999999 -999999 -999999 -999999 -999999 -999999 -999999 -999999 -999999 -999999 -999999 -999999 -999999 -999999 -999999 
	2354   1916 -999999 -999999 -999999 -999999 -999999 -999999 -999999 -999999 -999999 -999999 -999999 -999999 -999999 -999999 -999999 -999999 -999999 -999999 -999999 
	2354   1917 -999999 -999999 -999999 -999999 -999999 -999999 -999999 -999999 -999999 -999999 -999999 -999999 -999999 -999999 -999999 -999999 -999999 -999999 -999999 
	2354   1918 -999999 -999999 -999999 -999999 -999999 -999999 -999999 -999999 -999999 -999999 -999999 -999999 -999999 -999999 -999999 -999999 -999999 -999999 -999999 
	2354   1919 -999999 -999999 -999999 -999999 -999999 -999999 -999999 -999999 -999999 -999999 -999999 -999999 -999999 -999999 -999999 -999999 -999999 -999999 -999999 
	2354   1920 -999999 -999999 -999999 -999999 -999999 -999999 -999999 -999999 -999999 -999999 -999999 -999999 -999999 -999999 -999999 -999999 -999999 -999999 -999999 
	2354   1921 -999999 -999999 -999999 -999999 -999999 -999999 -999999 -999999 -999999 -999999 -999999 -999999 -999999 -999999 -999999 -999999 -999999 -999999 -999999 
	2354   1922 -999999 -999999 -999999 -999999 -999999 -999999 -999999 -999999 -999999 -999999 -999999 -999999 -999999 -999999 -999999 -999999 -999999 -999999 -999999 
	2354   1923 -999999 -999999 -999999 -999999 -999999 -999999 -999999 -999999 -999999 -999999 -999999 -999999 -999999 -999999 -999999 -999999 -999999 -999999 -999999 
	2354   1924 -999999 -999999 -999999 -999999 -999999 -999999 -999999 -999999 -999999 -999999 -999999 -999999 -999999 -999999 -999999 -999999 -999999 -999999 -999999 
	2354   1925 -999999 -999999 -999999 -999999 -999999 -999999 -999999 -999999 -999999 -999999 -999999 -999999 -999999 -999999 -999999 -999999 -999999 -999999 -999999 
	2354   1926 -999999 -999999 -999999 -999999 -999999 -999999 -999999 -999999 -999999 -999999 -999999 -999999 -999999 -999999 -999999 -999999 -999999 -999999 -999999 
	2354   1927 -999999 -999999 -999999 -999999 -999999 -999999 -999999 -999999 -999999 -999999 -999999 -999999 -999999 -999999 -999999 -999999 -999999 -999999 -999999 
	2354   1928 -999999 -999999 -999999 -999999 -999999 -999999 -999999 -999999 -999999 -999999 -999999 -999999 -999999 -999999 -999999 -999999 -999999 -999999 -999999 
	2354   1929 -999999 -999999 -999999 -999999 -999999 -999999 -999999 -999999 -999999 -999999 -999999 -999999 -999999 -999999 -999999 -999999 -999999 -999999 -999999 
	2354   1930 -999999 -999999 -999999 -999999 -999999 -999999 -999999 -999999 -999999 -999999 -999999 -999999 -999999 -999999 -999999 -999999 -999999 -999999 -999999 
	2354   1931 -999999 -999999 -999999 -999999 -999999 -999999 -999999 -999999 -999999 -999999 -999999 -999999 -999999 -999999 -999999 -999999 -999999 -999999 -999999 
	2354   1932 -999999 -999999 -999999 -999999 -999999 -999999 -999999 -999999 -999999 -999999 -999999 -999999 -999999 -999999 -999999 -999999 -999999 -999999 -999999 
	2354   1933 -999999 -999999 -999999 -999999 -999999 -999999 -999999 -999999 -999999 -999999 -999999 -999999 -999999 -999999 -999999 -999999 -999999 -999999 -999999 
	2354   1934 -999999 -999999 -999999 -999999 -999999 -999999 -999999 -999999 -999999 -999999 -999999 -999999 -999999 -999999 -999999 -999999 -999999 -999999 -999999 
	2354   1935 -999999 -999999 -999999 -999999 -999999 -999999 -999999 -999999 -999999 -999999 -999999 -999999 -999999 -999999 -999999 -999999 -999999 -999999 -999999 
	2354   1936 -999999 -999999 -999999 -999999 -999999 -999999 -999999 -999999 -999999 -999999 -999999 -999999 -999999 -999999 -999999 -999999 -999999 -999999 -999999 
	2354   1937 -999999 -999999 -999999 -999999 -999999 -999999 -999999 -999999 -999999 -999999 -999999 -999999 -999999 -999999 -999999 -999999 -999999 -999999 -999999 
	2354   1938 -999999 -999999 -999999 -999999 -999999 -999999 -999999 -999999 -999999 -999999 -999999 -999999 -999999 -999999 -999999 -999999 -999999 -999999 -999999 
	2354   1939 -999999 -999999 -999999 -999999 -999999 -999999 -999999 -999999 -999999 -999999 -999999 -999999 -999999 -999999 -999999 -999999 -999999 -999999 -999999 
	2354   1940 -999999 -999999 -999999 -999999 -999999 -999999 -999999 -999999 -999999 -999999 -999999 -999999 -999999 -999999 -999999 -999999 -999999 -999999 -999999 
	2354   1941 -999999 -999999 -999999 -999999 -999999 -999999 -999999 -999999 -999999 -999999 -999999 -999999 -999999 -999999 -999999 -999999 -999999 -999999 -999999 
	2354   1942 -999999 -999999 -999999 -999999 -999999 -999999 -999999 -999999 -999999 -999999 -999999 -999999 -999999 -999999 -999999 -999999 -999999 -999999 -999999 
	2354   1943 -999999 -999999 -999999 -999999 -999999 -999999 -999999 -999999 -999999 -999999 -999999 -999999 -999999 -999999 -999999 -999999 -999999 -999999 -999999 
	2354   1944 -999999 -999999 -999999 -999999 -999999 -999999 -999999 -999999 -999999 -999999 -999999 -999999 -999999 -999999 -999999 -999999 -999999 -999999 -999999 
	2354   1945 -999999 -999999 -999999 -999999 -999999 -999999 -999999 -999999 -999999 -999999 -999999 -999999 -999999 -999999 -999999 -999999 -999999 -999999 -999999 
	2354   1946 -999999 -999999 -999999 -999999 -999999 -999999 -999999 -999999 -999999 -999999 -999999 -999999 -999999 -999999 -999999 -999999 -999999 -999999 -999999 
	2354   1947 -999999 -999999 -999999 -999999 -999999 -999999 -999999 -999999 -999999 -999999 -999999 -999999 -999999 -999999 -999999 -999999 -999999 -999999 -999999 
	2354   1948 -999999 -999999 -999999 -999999 -999999 -999999 -999999 -999999 -999999 -999999 -999999 -999999 -999999 -999999 -999999 -999999 -999999 -999999 -999999 
	2354   1949 -999999 -999999 -999999 -999999 -999999 -999999 -999999 -999999 -999999 -999999 -999999 -999999 -999999 -999999 -999999 -999999 -999999 -999999 -999999 
	2354   1950 -999999 -999999 -999999 -999999 -999999 -999999 -999999 -999999 -999999 -999999 -999999 -999999 -999999 -999999 -999999 -999999 -999999 -999999 -999999 
	2354   1951 2400    -999999 1700    -999999 1100    1000    2400    900     500     900     1100    600     1000    900     600     900     1900    300     700     
	2354   1952 1400    1000    1400    500     1400    900     700     500     400     1000    1200    1400    700     900     700     700     700     600     800     
	2354   1953 2400    1700    1400    800     1700    1100    1600    800     600     1700    1100    1300    1100    500     800     700     800     1600    800     
	2354   1954 1800    1800    1300    1800    1600    700     600     1100    700     1600    1200    1300    400     400     700     300     500     600     700     
	2354   1955 1500    1500    1400    1100    1200    1400    800     900     1100    600     1200    400     800     1300    700     700     800     600     300     
	2354   1956 1400    1100    900     800     1400    700     900     500     700     1100    900     800     700     400     400     900     700     800     600     
	2354   1957 2000    1100    2000    1100    1300    2000    600     1100    300     500     1000    800     2000    300     800     400     500     600     1000    
	2354   1958 1800    1100    1100    600     1100    1000    1700    500     300     1100    600     400     1000    900     600     500     900     1700    500     
	2354   1959 3500    2000    3500    2000    2800    1500    2100    600     1400    400     1300    2800    1500    1500    800     2000    1700    700     500     
	2354   1960 1600    1200    1600    500     1600    700     1100    300     500     1200    900     1200    700     300     400     900     200     300     300     
	2354   1961 1500    1000    1000    1000    1000    800     1400    600     1000    900     500     1000    800     600     700     700     700     1400    1500    
	2354   1962 2100    1200    1000    1100    1000    800     2100    400     1100    500     1000    400     800     800     300     300     2100    1100    700     
	2354   1963 2400    2400    1300    1600    900     800     1200    1500    1600    800     600     900     800     700     500     1200    900     500     1700    
	2354   1964 2400    2400    1100    1100    1800    900     1000    1100    600     1800    800     1100    800     900     500     800     600     900     700     
	2354   1965 2100    800     2100    700     800     2100    1300    500     700     600     400     600     700     600     1900    700     1300    600     300     
	2354   1966 1600    900     1600    900     1200    1000    1500    900     500     600     300     1200    1000    300     600     1500    800     300     300     
	2354   1967 1200    1000    1200    1000    800     1200    800     1000    800     700     800     400     1200    700     1100    700     200     700     500     
	2354   1968 1700    1300    1700    1300    1700    800     1000    500     1300    900     1700    600     800     800     800     700     800     1000    1400    
	2354   1969 2000    1300    1500    900     1200    1300    2000    900     400     1200    900     700     1000    1300    600     1500    2000    200     600     
	2354   1970 2700    1200    2700    800     1300    2200    1300    800     400     800     300     1300    2200    400     900     1300    1100    700     1200    
	2354   1971 1900    1000    1500    1000    1900    1200    1500    500     700     500     1500    900     700     1100    500     1200    1100    400     900     
	2354   1972 3000    1600    2000    1300    1600    1200    3000    1000    800     1600    700     700     300     1000    1200    1200    1800    300     1800    
	2354   1973 2400    1300    2400    1300    900     2400    1200    1300    700     900     400     800     2400    500     2100    1200    900     600     400     
	2354   1974 3400    1100    2300    1100    3400    1300    800     500     1100    1100    2300    1000    800     500     1300    800     500     400     500     
	2354   1975 2000    1200    2000    1100    1400    2000    1400    800     1100    800     900     1400    1100    700     1400    900     1400    800     700     
	2354   1976 2500    1300    2500    1300    1800    2500    1200    500     1100    1100    1600    800     1600    1200    2500    1200    1000    500     300     
	2354   1977 1900    1000    1900    500     1800    1500    1800    300     500     600     400     1800    1100    1500    500     1800    1500    200     900     
	2354   1978 1700    1100    1700    1100    1700    1400    1400    1100    900     500     1700    1000    1400    1200    600     600     1400    900     800     
	2354   1979 1200    1000    1100    1000    800     1100    1200    1000    600     500     500     800     900     700     1100    1000    900     300     400     
	2354   1980 2200    1500    2200    1500    2200    1600    700     1500    1400    800     800     2200    700     1000    600     700     600     500     300     
	2354   1981 3200    1300    2700    1300    3200    900     1100    800     1300    500     2700    400     800     700     900     1100    300     400     600     
	2354   1982 2300    1400    2300    1400    1000    2300    1400    1200    1400    900     1000    1000    500     1600    700     1300    800     600     400     
	2354   1983 2300    1600    2300    1600    1300    2300    900     500     1600    1300    300     300     1100    2200    1800    900     600     600     900     
	2354   1984 2800    1200    2800    1100    2200    2600    800     300     1100    1200    1900    1100    1000    1100    2600    200     800     700     500     
	2354   1985 2200    2200    1000    2200    1000    600     1800    900     2200    400     800     1000    600     500     500     900     1800    1000    600     
	2354   1986 2500    2500    1500    2500    1500    1500    2100    400     2100    1500    1200    800     600     1500    600     1500    1000    400     500     
	2354   1987 1500    1500    1200    1500    1300    1200    900     1300    1100    1300    1000    800     300     900     400     500     600     800     600     
	2354   1988 1500    1000    1500    1000    1500    1300    1400    500     1000    300     1400    1500    1100    400     900     600     1400    900     500     
	2354   1989 1800    1000    1800    1000    1800    1800    1200    1000    600     700     500     1800    1800    1200    1100    800     400     1200    1100    
	2354   1990 1800    800     1800    700     1600    1800    1800    500     700     800     600     1600    1300    1800    800     500     1800    500     700     
	2354   1991 2200    2100    2200    2100    1200    1200    1400    1100    1000    1200    800     1000    500     700     900     1400    800     400     1600    
	2354   1992 2200    1300    2200    1300    1700    2200    1200    1200    700     400     700     1700    2200    700     800     700     500     300     1300    
	2354   1993 2500    1800    2500    1800    2500    1600    1600    500     1500    1500    1000    1700    1300    900     500     400     500     1600    200     
	2354   1994 2000    2000    1300    2000    1000    1300    1600    500     2000    500     900     900     700     1300    900     600     1600    900     400     
	2354   1995 2700    1600    2700    500     1900    2700    2000    500     300     500     1200    700     1300    500     2300    300     2000    1000    1800    
	2354   1996 3000    3000    1700    3000    1700    1000    1100    2200    800     1700    1700    600     800     1000    800     1100    800     400     1200    
	2354   1997 3000    1800    2200    1800    2200    2000    1500    1800    300     700     2200    1000    600     1000    2000    1500    700     1100    400     
	2354   1998 1600    1300    1600    1300    1600    1600    1300    800     1300    600     300     1600    200     900     1600    1300    200     500     400     
	2354   1999 2500    600     2500    600     1400    1400    1400    300     400     500     1000    1000    900     1400    1100    1400    1000    400     200     
	2354   2000 1100    700     1100    700     800     1100    600     700     200     600     800     800     700     1100    600     600     400     300     600     
	2354   2001 1300    1000    1200    1000    1200    1100    700     1000    900     600     400     1200    1100    600     500     300     700     400     1300    
	2354   2002 2200    1000    1200    1000    2200    900     1000    1000    500     1000    1200    800     600     600     900     1000    600     600     1300    
	2354   2003 2200    2200    1800    2200    2000    1800    1300    900     2200    2000    1400    700     1000    1200    1700    1100    1300    800     1000    
	2354   2004 1800    1500    1800    900     1800    1500    1000    400     700     1100    1800    1400    1300    600     900     1000    1000    400     1400    
	2354   2005 1100    1100    900     600     1100    900     1100    500     600     1100    600     700     800     900     500     700     1100    400     500     
	2354   2006 1900    1400    1900    1400    1500    1200    1900    1000    900     1400    700     1500    1200    1100    300     1900    700     400     900     
	2354   2007 3700    800     3500    800     3700    1200    1600    400     500     800     3000    500     1200    300     500     300     1500    1000    1500    
	2354   2008 1700    1500    1700    1500    1700    600     900     300     1500    500     900     1600    600     300     600     900     700     300     1200    
	2354   2009 2200    1200    2200    1000    1300    1100    2200    800     600     1200    1300    800     900     400     900     2200    500     200     500     
	2354   2010 2500    1200    2500    1200    2500    900     800     600     1200    900     2500    1000    900     600     400     400     800     800     900     
	2354   2011 2800    1900    2800    700     2800    700     2800    600     700     1900    1900    900     400     700     400     400     600     2800    500     
	2354   2012 2500    2200    1400    900     2500    800     1000    500     900     2200    700     1400    500     700     800     1000    500     500     200     
	2354   2013 2200    2000    2200    1300    2200    2200    1300    800     1300    1400    800     700     1100    2200    1200    1100    500     300     400     
	2354   2014 1900    1800    1900    400     1700    900     1900    400     300     1700    600     600     900     400     500     1900    400     600     600     
	2354   2015 1300    1000    1300    900     1300    1100    1300    400     900     1000    1300    900     1100    700     1000    600     1000    300     400     
	2354   2016 2000    1200    2000    600     1200    1000    2000    200     600     1200    600     1100    800     1000    700     2000    900     1000    800     
	2354   2017 1300    1300    1300    1300    1300    1100    1100    800     1300    1100    1000    1300    1100    400     900     800     1100    300     800     
	2354   2018 3600    1700    3600    1400    1300    3600    2000    900     1400    700     900     1300    900     2700    900     700     2000    1500    500     
	2354   2019 1600    1100    1600    1000    1600    1600    700     500     1000    700     1000    1600    1100    1000    1100    600     300     700     700     
	2354   2020 4600    1900    2700    700     4600    900     1500    700     500     1900    2700    900     800     800     900     1500    400     800     400     
	2354   2021 -999999 -999999 1700    -999999 1500    1200    1300    -999999 1000    900     1500    500     1200    900     500     1300    500     300     500     
	2354   2022 3100    1900    3100    700     3100    1500    700     700     500     1500    2100    1000    900     1300    1500    500     700     500     600     
	2354   2023 3900    1100    3900    1100    2000    1900    1000    400     1100    400     700     2000    1900    300     1100    1000    700     200     500     
	2354   2024 1400    -999999 1300    -999999 1400    1300    1200    600     -999999 1400    400     1100    800     600     700     1100    800     900     600     
	2354   2025 2700    2400    2700    1200    2700    2200    1200    1000    900     2200    1100    2100    1200    700     2200    1000    600     700     1200    
	2354   2026 -999999 -999999 -999999 1100    -999999 -999999 -999999 1100    500     -999999 -999999 -999999 -999999 -999999 -999999 -999999 -999999 -999999 -999999 
	