EUROPEAN CLIMATE ASSESSMENT & DATASET (ECA&D), file created on: 17-05-2026
THESE DATA CAN BE USED FOR NON-COMMERCIAL RESEARCH AND EDUCATION PROVIDED THAT THE FOLLOWING SOURCE IS ACKNOWLEDGED: 

Klein Tank, A.M.G. and Coauthors, 2002. Daily dataset of 20th-century surface
air temperature and precipitation series for the European Climate Assessment.
Int. J. of Climatol., 22, 1441-1453.
Data and metadata available at http://www.ecad.eu

FILE FORMAT (MISSING VALUE CODE = -999999):

THIS FILE HOLDS DATA FOR STATION NETHERLANDS                              OOSTKAPELLE                              (STAID:  20578)
LATITUDE: dd:mm:ss +51:33:47
LONGITUDE: ddd:mm:ss +003:33:05
ELEVATION: m -100

DATA IS FOR INDEX Maximum no of consecutive dry days (RR < 1 mm) (CDD) with unit 0.01 No of days

01-06 SOUID: Source identifier
08-11 YEAR : YYYY
13-20 ANNUAL DATA VALUES
21-28 WINTER HALF YEAR DATA VALUES
29-36 SUMMER HALF YEAR DATA VALUES
37-44 WINTER (DJF) DATA VALUES
45-52 SPRING (MAM) DATA VALUES
53-60 SUMMER (JJA) DATA VALUES
61-68 AUTUMN (SON) DATA VALUES
69-76 JANUARY DATA VALUES
etc. 
157-164 DECEMBER DATA VALUES

20578  1866 -999999 -999999 -999999 -999999 -999999 -999999 -999999 -999999 -999999 -999999 -999999 -999999 -999999 -999999 -999999 -999999 -999999 700     1000    
	20578  1867 1600    -999999 1600    800     1200    1600    800     400     800     700     500     1000    1500    900     1600    500     800     600     600     
	20578  1868 2200    700     2200    600     1700    2000    1800    400     600     700     900     1100    1500    1500    800     1800    700     700     600     
	20578  1869 2200    1100    2200    1000    1200    2200    1300    1000    800     1100    600     500     1100    1100    1200    700     1300    300     400     
	20578  1870 3300    1100    3300    1100    1800    2200    1800    800     1100    700     1800    1100    2200    1200    400     1300    500     500     1300    
	20578  1871 1700    1600    1300    1600    1300    1200    1700    500     1600    1200    800     1300    700     700     1200    900     1100    600     900     
	20578  1872 1500    1500    1500    1000    1500    1500    700     500     800     1500    800     1400    800     1100    1200    700     700     400     600     
	20578  1873 2600    1800    1500    800     2200    1500    2000    800     700     1800    1100    1200    1500    800     600     1500    500     1500    2500    
	20578  1874 2200    1400    2200    1400    2200    1200    1100    1300    600     700     2000    900     700     1200    1200    1100    900     800     700     
	20578  1875 2000    2000    1300    800     2000    1300    1100    800     800     2000    1200    900     700     1100    800     800     800     300     1400    
	20578  1876 2500    1300    2200    1300    2000    2200    2500    1300    200     900     700     2000    2200    1500    1700    500     2500    500     700     
	20578  1877 1400    600     1400    400     1200    1400    700     400     300     600     1200    700     1000    500     700     700     500     600     500     
	20578  1878 -999999 1200    -999999 1200    1200    -999999 1100    700     800     500     1200    400     -999999 -999999 -999999 1000    1100    700     900     
	20578  1879 2000    1800    1500    1800    1500    800     1200    1800    500     1100    400     1000    400     800     500     700     1200    700     2000    
	20578  1880 3700    3700    3700    3700    3700    2300    900     3100    700     2600    800     3100    600     700     2300    800     900     600     600     
	20578  1881 1900    1800    1900    1800    1700    1900    900     1700    900     1300    1000    1300    1000    1900    700     800     500     900     1100    
	20578  1882 -999999 3000    -999999 3000    -999999 -999999 -999999 1900    1100    1900    1200    -999999 -999999 -999999 -999999 -999999 -999999 -999999 -999999 
	20578  1883 -999999 -999999 -999999 -999999 -999999 -999999 -999999 -999999 -999999 -999999 -999999 -999999 -999999 300     -999999 -999999 -999999 -999999 -999999 
	