EUROPEAN CLIMATE ASSESSMENT & DATASET (ECA&D), file created on: 17-05-2026
THESE DATA CAN BE USED FOR NON-COMMERCIAL RESEARCH AND EDUCATION PROVIDED THAT THE FOLLOWING SOURCE IS ACKNOWLEDGED: 

Klein Tank, A.M.G. and Coauthors, 2002. Daily dataset of 20th-century surface
air temperature and precipitation series for the European Climate Assessment.
Int. J. of Climatol., 22, 1441-1453.
Data and metadata available at http://www.ecad.eu

FILE FORMAT (MISSING VALUE CODE = -999999):

THIS FILE HOLDS DATA FOR STATION NETHERLANDS                              NIJMEGEN                                 (STAID:    550)
LATITUDE: dd:mm:ss +51:49:00
LONGITUDE: ddd:mm:ss +005:52:00
ELEVATION: m   10

DATA IS FOR INDEX Maximum no of consecutive dry days (RR < 1 mm) (CDD) with unit 0.01 No of days

01-06 SOUID: Source identifier
08-11 YEAR : YYYY
13-20 ANNUAL DATA VALUES
21-28 WINTER HALF YEAR DATA VALUES
29-36 SUMMER HALF YEAR DATA VALUES
37-44 WINTER (DJF) DATA VALUES
45-52 SPRING (MAM) DATA VALUES
53-60 SUMMER (JJA) DATA VALUES
61-68 AUTUMN (SON) DATA VALUES
69-76 JANUARY DATA VALUES
etc. 
157-164 DECEMBER DATA VALUES

550    1950 -999999 -999999 -999999 -999999 -999999 -999999 -999999 -999999 -999999 -999999 -999999 -999999 -999999 -999999 -999999 -999999 -999999 -999999 -999999 
	550    1951 2200    -999999 1200    -999999 1000    900     2200    900     400     900     1000    500     900     600     700     800     1900    300     1300    
	550    1952 1300    1000    1300    800     1300    1000    900     500     800     1000    1300    1300    800     1000    900     900     800     500     800     
	550    1953 3700    1700    1600    800     1600    1600    3700    800     700     1600    1400    1300    900     500     1600    700     3000    1100    900     
	550    1954 1700    1700    1600    1700    1700    800     1000    1100    600     1700    1100    1600    600     400     500     1000    900     600     600     
	550    1955 1200    1200    1200    800     1200    1100    900     700     800     800     1200    400     900     700     1100    800     800     900     500     
	550    1956 1500    1300    1200    1300    1500    700     1200    500     1300    1200    600     900     700     300     400     1200    900     1000    600     
	550    1957 1500    900     1500    600     1500    1100    1500    600     300     600     1200    800     1100    600     700     200     1500    800     600     
	550    1958 1300    1300    1200    600     1300    800     1300    500     200     1300    600     400     800     800     700     900     800     1300    700     
	550    1959 2800    2800    2200    2800    1500    1700    2700    800     2000    400     900     1500    1600    1700    700     2000    1800    700     800     
	550    1960 1400    1000    1400    900     1400    500     900     400     900     1000    1000    1200    500     500     500     900     400     400     600     
	550    1961 1500    1500    1400    1100    1500    700     1400    500     1100    1500    700     500     700     700     600     1400    1200    900     1500    
	550    1962 2200    1300    1300    1200    1200    1000    2200    500     1200    1200    1000    400     1000    400     300     400     2200    600     700     
	550    1963 2900    2000    1800    1200    900     1800    1200    800     1200    800     600     900     500     1800    300     1200    1000    500     2400    
	550    1964 1800    1800    1600    1300    1400    1500    1000    1300    600     1200    800     1400    800     900     1200    800     800     900     700     
	550    1965 1500    1500    1200    600     1300    1200    1400    500     600     1300    500     700     800     400     700     1100    1400    1400    300     
	550    1966 1600    1200    1500    1200    600     1000    1600    1200    600     400     500     600     1000    400     800     1500    800     800     200     
	550    1967 1300    1100    1300    1100    1000    1300    1100    1100    900     700     1000    400     1300    900     1200    700     800     1100    400     
	550    1968 2300    1200    2300    800     2300    1000    1600    500     800     700     2300    500     600     800     700     600     1000    1600    1500    
	550    1969 1900    1800    1800    1200    1100    1100    1900    1200    800     1100    900     400     1100    700     900     1600    1900    600     900     
	550    1970 2000    1300    1300    600     1200    1300    1300    600     600     800     300     1200    1300    500     800     1300    1200    900     2000    
	550    1971 2100    1000    2100    1000    1900    2100    1700    1000    800     400     1500    800     500     2000    600     1300    1200    800     800     
	550    1972 3100    2000    2000    1800    1500    1200    3100    1000    1800    1500    900     700     400     1200    1200    1200    1900    700     2100    
	550    1973 4000    2300    2500    2300    1800    2500    1200    1900    600     1800    600     400     2500    600     2100    1200    900     700     600     
	550    1974 2500    1000    2300    1000    2500    900     500     600     1000    800     2300    900     400     500     900     300     300     400     400     
	550    1975 1900    1100    1900    1100    1800    1000    1700    600     1100    200     900     1800    1000    600     1000    600     1700    800     900     
	550    1976 2500    1600    2500    1600    2500    2300    800     500     1600    1100    2300    800     1700    1100    2300    800     800     700     500     
	550    1977 2300    800     2300    600     1100    1700    2300    400     500     800     700     1100    1100    1600    600     2300    2300    600     1200    
	550    1978 1400    1300    1200    1300    1000    1200    1400    1100    1300    400     900     800     700     1000    1200    500     1400    1000    800     
	550    1979 1200    700     1200    700     400     1200    1100    700     500     400     400     400     600     600     500     800     1100    700     300     
	550    1980 2000    1900    2000    1400    2000    700     1100    1400    1400    700     900     1900    500     700     700     700     900     500     400     
	550    1981 1800    1300    1800    1300    1100    1100    1100    600     1300    600     1100    400     500     600     1100    1000    300     400     600     
	550    1982 2000    1800    2000    1800    1600    2000    1500    1800    1500    1200    1600    1100    500     1600    400     1500    800     600     900     
	550    1983 2800    1700    2300    1700    1200    2300    2800    400     1700    1200    400     300     1300    2300    1100    900     1400    1400    600     
	550    1984 2900    1700    2900    1100    1300    2600    1700    400     1100    1300    1300    800     700     1600    2600    300     700     1400    700     
	550    1985 2200    2000    1400    2000    1100    700     2200    500     2000    500     800     1100    300     700     400     800     2200    600     500     
	550    1986 3500    3500    1500    3200    1400    1500    3200    400     2800    1400    1300    800     700     1500    700     1500    1700    600     700     
	550    1987 1800    1600    1800    1600    1200    1800    1200    1600    700     1200    1000    700     300     1500    500     400     600     900     900     
	550    1988 1300    1000    1300    1000    1300    900     900     1000    500     200     1000    1300    900     400     700     600     900     800     800     
	550    1989 2000    1300    2000    1300    1800    1500    1500    1000    800     700     500     1800    1500    1200    1300    900     700     1500    800     
	550    1990 2200    1400    1700    1400    1600    1700    1000    1400    300     1100    500     1600    1000    1700    1400    600     1000    800     800     
	550    1991 2800    2200    2800    2200    1500    1400    1400    1200    1200    1200    800     1500    300     1100    1400    1400    1300    1000    1600    
	550    1992 1900    1300    1900    1300    1900    1700    1000    1200    600     500     900     1900    1100    900     800     1000    700     400     900     
	550    1993 2300    2300    1100    900     2100    1100    1700    500     900     2100    800     700     1100    500     600     500     1100    1600    300     
	550    1994 1700    1700    1400    1700    1400    1300    1300    500     1700    600     1400    600     500     1300    900     1000    1300    500     600     
	550    1995 2900    900     2900    500     1600    2900    1200    500     500     500     800     1600    1300    1100    2500    800     1200    700     1800    
	550    1996 3400    3400    1900    3400    1900    1700    900     2400    1000    1600    1900    1200    1700    1300    500     900     800     500     1200    
	550    1997 2000    1800    2000    1800    1900    2000    1600    1800    500     1000    1900    900     600     600     2000    1600    1000    800     700     
	550    1998 1800    1300    1800    1300    1800    1700    1100    1000    1300    1000    400     1800    400     700     1700    1100    300     500     300     
	550    1999 2500    700     2500    700     1200    1200    1400    700     600     600     800     900     600     900     1100    1400    1100    600     200     
	550    2000 1000    1000    900     1000    900     800     800     1000    400     700     900     700     800     600     800     800     400     300     700     
	550    2001 2000    1100    2000    1100    1200    2000    1100    1100    400     400     300     1200    1300    700     800     100     1100    800     1300    
	550    2002 2300    1100    1600    1100    2300    1200    1100    1000    600     1000    1300    600     500     600     1200    1100    700     900     1200    
	550    2003 2200    2200    2100    2200    2000    2100    1200    600     2200    2000    1800    700     1000    1300    1600    900     1100    1200    1000    
	550    2004 1400    800     1400    700     1400    1000    1000    400     700     800     900     1400    600     400     900     1000    600     600     1100    
	550    2005 1800    1100    1400    1100    800     1100    1800    600     600     500     600     800     1100    1100    800     800     1800    600     1000    
	550    2006 2200    1300    2200    1100    1400    2200    1100    1100    500     1300    900     1400    1200    2200    500     1100    700     500     1000    
	550    2007 4600    1100    3500    1000    4600    700     1300    400     700     1100    3000    500     700     600     700     600     1300    1000    1500    
	550    2008 1800    1800    1500    1800    1500    700     1000    500     1800    400     600     1400    600     300     700     1000    700     300     1100    
	550    2009 1400    1000    1400    1000    1000    700     1400    800     200     1000    900     800     500     400     700     1400    500     400     600     
	550    2010 1700    1300    1700    1300    1700    1300    1400    1300    400     900     1700    800     1100    1000    400     600     1200    1400    800     
	550    2011 2500    1300    1500    800     1500    700     2500    600     800     1200    1500    800     400     500     400     1200    1200    2500    300     
	550    2012 2400    2100    1500    800     2400    800     1100    500     800     2100    300     600     600     700     800     1000    1100    700     200     
	550    2013 2000    1100    2000    600     1900    2000    1300    500     600     1100    800     1000    1100    2000    1100    1100    400     500     700     
	550    2014 1900    1700    1900    600     1700    800     1900    500     600     1700    600     700     800     500     300     1900    700     600     600     
	550    2015 1500    1500    1200    900     1500    1100    1300    400     900     1500    1200    800     700     500     1100    600     900     400     500     
	550    2016 1700    1300    1700    600     1700    1000    1400    500     600     1300    600     1700    1000    700     1000    1400    1100    900     700     
	550    2017 1400    1400    1200    1400    1200    1200    1000    1400    700     1100    1200    900     1200    400     900     400     1000    300     400     
	550    2018 5300    1700    5300    1400    800     5300    2400    400     1400    500     700     800     1600    3100    600     700     2400    1100    600     
	550    2019 2100    1600    2100    1600    2100    1600    600     600     1600    1400    2100    900     1100    1100    900     600     500     400     500     
	550    2020 4500    1800    2700    400     4500    1000    1700    300     400     1800    2700    1300    800     800     1000    1700    800     900     400     
	550    2021 -999999 -999999 1200    -999999 900     1200    1200    -999999 600     900     900     400     1200    900     400     1200    600     700     1000    
	550    2022 3600    3200    3600    700     3600    1400    1100    700     400     2900    2100    1500    1000    1300    1400    400     1100    700     700     
	550    2023 2900    1100    2900    1100    1000    1900    900     500     1100    500     700     1000    1900    300     1200    900     700     200     400     
	550    2024 1100    -999999 1100    -999999 1000    700     1100    700     -999999 400     500     1000    700     600     400     1100    500     900     700     
	550    2025 2900    2200    2900    1200    2900    2300    1000    1200    900     2100    1200    2300    1400    800     2300    800     1000    800     1200    
	550    2026 -999999 -999999 -999999 1300    -999999 -999999 -999999 1300    400     -999999 -999999 -999999 -999999 -999999 -999999 -999999 -999999 -999999 -999999 
	