EUROPEAN CLIMATE ASSESSMENT & DATASET (ECA&D), file created on: 17-05-2026
THESE DATA CAN BE USED FOR NON-COMMERCIAL RESEARCH AND EDUCATION PROVIDED THAT THE FOLLOWING SOURCE IS ACKNOWLEDGED: 

Klein Tank, A.M.G. and Coauthors, 2002. Daily dataset of 20th-century surface
air temperature and precipitation series for the European Climate Assessment.
Int. J. of Climatol., 22, 1441-1453.
Data and metadata available at http://www.ecad.eu

FILE FORMAT (MISSING VALUE CODE = -999999):

THIS FILE HOLDS DATA FOR STATION NETHERLANDS                              WOUDENBERG                               (STAID:    553)
LATITUDE: dd:mm:ss +52:04:59
LONGITUDE: ddd:mm:ss +005:27:00
ELEVATION: m    4

DATA IS FOR INDEX Maximum no of consecutive dry days (RR < 1 mm) (CDD) with unit 0.01 No of days

01-06 SOUID: Source identifier
08-11 YEAR : YYYY
13-20 ANNUAL DATA VALUES
21-28 WINTER HALF YEAR DATA VALUES
29-36 SUMMER HALF YEAR DATA VALUES
37-44 WINTER (DJF) DATA VALUES
45-52 SPRING (MAM) DATA VALUES
53-60 SUMMER (JJA) DATA VALUES
61-68 AUTUMN (SON) DATA VALUES
69-76 JANUARY DATA VALUES
etc. 
157-164 DECEMBER DATA VALUES

553    1880 -999999 -999999 -999999 -999999 -999999 2300    900     -999999 -999999 -999999 -999999 2100    400     300     2300    800     600     600     400     
	553    1881 1900    1200    1200    1200    1900    900     1100    1000    1000    1000    1200    600     900     800     700     600     600     1100    1000    
	553    1882 1700    1700    1200    1700    1600    800     600     1700    1200    1600    1200    700     300     600     500     600     500     400     600     
	553    1883 -999999 -999999 2100    -999999 2200    600     1100    -999999 -999999 1500    2100    1300    400     200     600     1100    1000    500     900     
	553    1884 1500    1200    1500    1200    1300    1400    1300    500     700     700     1300    1100    1300    300     1100    1300    1100    1100    1100    
	553    1885 2200    1500    1600    1500    1500    1600    2200    1500    1100    1000    1500    400     1000    1100    900     500     400     2200    1600    
	553    1886 4700    4700    2500    2800    2500    1800    3300    700     2800    1900    1400    1100    700     800     1800    2300    1000    500     900     
	553    1887 2900    2400    2900    2400    1600    2900    1200    1700    2300    1200    1600    500     2500    900     800     800     600     1200    900     
	553    1888 2500    2200    2500    1500    2500    600     1500    1200    1500    700     300     2500    500     400     600     1200    1500    1300    1300    
	553    1889 1800    1800    1600    1800    1100    1600    1300    1700    900     600     1100    500     1600    500     400     1200    500     1300    800     
	553    1890 -999999 -999999 1500    -999999 -999999 800     1400    600     -999999 -999999 900     1500    500     800     500     1400    700     700     1700    
	553    1891 3500    3500    1300    3200    1400    1200    1300    1900    2700    1400    1300    600     1200    500     500     900     1000    800     1100    
	553    1892 2600    1800    2100    1200    2600    1100    1100    1200    1200    1400    2100    1300    400     1100    1000    500     500     1100    1500    
	553    1893 4400    1800    3100    1800    4400    1700    1200    1200    600     1300    3000    1400    1700    900     800     600     700     1200    600     
	553    1894 2800    2000    1100    1700    2800    1100    1100    1600    1300    2000    800     800     1000    600     300     1100    200     1000    600     
	553    1895 3000    3000    1600    3000    1100    1000    1600    700     2300    800     1000    1100    1000    800     800     1600    400     400     1500    
	553    1896 2400    1700    2200    1700    2200    1300    1500    1000    1700    700     600     1900    800     1300    300     400     300     1500    1200    
	553    1897 2600    2000    1300    2000    900     1300    2600    2000    900     600     800     900     600     1300    400     900     1200    1400    1300    
	553    1898 1800    1600    1800    1600    1000    1300    1700    1600    400     1000    900     800     1300    800     1300    1700    1100    900     600     
	553    1899 2200    2000    2200    1700    1000    2200    1300    1100    1300    1000    400     500     900     800     1400    300     1300    700     2100    
	553    1900 1500    1500    1300    1500    1300    1200    1000    400     1400    1200    1300    900     500     1200    700     1000    300     900     600     
	553    1901 1700    1600    1400    1600    1400    1100    1700    1600    700     600     1000    1400    800     1100    1000    1300    700     800     600     
	553    1902 2000    2000    1300    2000    800     1300    1700    500     1700    600     600     800     1300    800     400     1200    700     1100    1100    
	553    1903 1500    1300    1500    1100    1300    1500    1000    1100    600     1300    300     1000    1100    400     500     1000    300     500     2200    
	553    1904 2800    1400    2800    1400    1400    2800    1100    1100    800     1100    1400    1100    900     2300    500     900     900     900     1300    
	553    1905 -999999 -999999 1200    -999999 -999999 800     1200    -999999 -999999 -999999 1200    800     700     800     700     1200    700     1000    800     
	553    1906 1900    800     1700    700     1900    1200    1000    600     400     800     1700    600     1200    1000    600     1000    600     600     900     
	553    1907 1600    1400    1600    1400    1400    1600    1200    1400    700     900     500     800     700     1600    500     800     600     1100    800     
	553    1908 1700    1500    1700    1300    1500    1700    1600    900     1100    1500    500     600     1200    1200    600     800     1400    700     1700    
	553    1909 2600    1500    1300    1500    1200    900     800     1500    1100    400     1000    1200    900     500     600     400     600     800     800     
	553    1910 1900    1300    1300    1000    1900    1300    1500    800     400     1300    600     900     900     1000    1300    800     1500    500     500     
	553    1911 2000    2000    1500    2000    1500    1200    1200    1900    1300    700     1500    1200    300     1200    900     1200    600     500     300     
	553    1912 2300    2300    2000    2300    1700    2000    1400    2300    1000    300     1700    400     400     2000    300     1200    1400    700     600     
	553    1913 2600    1700    2600    1700    1000    1800    1300    1400    1700    500     900     1000    700     900     1800    900     800     400     600     
	553    1914 2000    2000    1300    2000    900     1100    1000    2000    1300    400     900     900     900     700     1100    1000    700     900     300     
	553    1915 2000    800     2000    500     1300    1200    1400    500     400     800     700     1300    1200    600     800     1200    1400    600     400     
	553    1916 2100    700     2100    700     1400    2100    1600    400     400     500     900     600     700     900     1200    1000    200     1600    400     
	553    1917 3000    3000    2400    3000    2400    900     1100    1400    1600    1300    1100    1300    600     900     500     1000    600     800     700     
	553    1918 1900    1200    1900    1200    1900    1500    1100    700     600     700     1900    900     700     800     600     100     1000    700     500     
	553    1919 3100    1500    3100    1500    2900    1100    1800    800     1100    700     900     2900    800     400     1100    1800    800     600     800     
	553    1920 2500    1200    1400    1000    1200    1400    2500    600     1000    1200    400     400     1400    500     700     900     1600    1400    1500    
	553    1921 2700    1500    2000    1300    1300    2000    2200    300     1300    1300    800     700     900     2000    800     1900    1500    2200    500     
	553    1922 2400    1400    1400    1100    1300    700     2400    1000    900     1000    500     1300    500     500     700     300     2400    600     500     
	553    1923 1900    1500    1900    800     1500    1900    1200    400     800     1500    1100    500     700     1400    1400    600     300     1200    1100    
	553    1924 1600    1600    1200    1600    1400    1200    1400    1200    700     1200    1000    500     1000    1000    600     500     1000    1400    1200    
	553    1925 1800    1000    1800    1000    1300    1700    1400    1000    400     600     700     1300    1700    800     900     500     1100    700     500     
	553    1926 1500    1500    1500    1400    1500    1000    800     1400    700     1500    600     400     800     1000    1000    800     600     600     800     
	553    1927 1600    1300    1600    1000    1600    700     1000    500     1000    1300    700     1100    300     300     600     900     1000    400     800     
	553    1928 4100    4100    1800    3500    1600    1800    1100    1900    2900    1300    1000    700     600     1800    800     1100    700     600     1000    
	553    1929 2400    2400    2000    2400    1100    2000    1100    600     2300    1100    600     800     500     2000    700     1100    700     400     500     
	553    1930 2400    1700    1100    1700    2400    1000    800     1100    1700    1300    1100    500     1000    700     700     500     700     800     800     
	553    1931 1800    1700    1500    1000    1800    1500    1400    600     900     1600    400     900     1000    500     800     500     1400    700     1400    
	553    1932 2300    1700    1800    1700    1700    1800    1000    1000    800     1700    900     600     1800    500     1600    800     400     1000    2300    
	553    1933 2600    1900    1700    1900    1700    1100    1100    1900    1700    1100    1700    1000    800     900     1100    1100    600     900     1900    
	553    1934 2100    2100    1900    2100    1600    1500    1000    700     2100    800     800     1500    1100    1200    1400    800     400     1000    500     
	553    1935 1900    1700    1900    600     1900    1200    500     600     500     1700    600     1300    400     1100    1100    400     500     500     600     
	553    1936 1800    1800    1400    1000    1800    1200    1100    600     1000    1800    600     700     700     300     1200    400     1000    1100    900     
	553    1937 1500    800     1500    500     1100    1500    1200    500     200     400     400     1100    600     500     1200    500     1100    900     400     
	553    1938 1800    1300    1600    1300    1600    1500    1800    300     1300    1300    400     1600    1500    1400    600     1600    700     700     900     
	553    1939 2300    1300    2300    1300    1300    1400    800     500     800     400     600     1300    1000    700     1400    500     400     200     -999999 
	553    1940 -999999 -999999 2100    -999999 -999999 1100    1200    -999999 -999999 -999999 500     2100    1100    400     700     900     1200    400     600     
	553    1941 1200    1200    1100    1200    1200    900     1100    1000    600     1200    1000    1100    900     800     300     1100    800     500     500     
	553    1942 3200    2100    3200    2100    3200    1100    800     1400    2100    1200    2200    1000    1100    500     800     600     600     800     600     
	553    1943 3100    3100    1700    1300    1800    1700    1400    500     1300    1800    1000    1100    400     1700    500     1200    1400    600     1300    
	553    1944 -999999 1900    1800    1900    1700    1800    1100    500     1900    1100    1400    700     800     700     1800    1100    1000    200     -999999 
	553    1945 -999999 -999999 -999999 -999999 -999999 -999999 1000    -999999 -999999 -999999 -999999 -999999 -999999 -999999 700     1000    800     500     500     
	553    1946 1900    1500    1200    1500    1800    900     1900    1500    400     1100    800     1200    600     800     700     600     1900    500     1300    
	553    1947 2900    1200    2900    1200    1400    2400    1700    1200    900     400     1200    1400    900     1600    2400    700     1500    400     600     
	553    1948 -999999 3000    -999999 1500    -999999 -999999 -999999 300     1500    1500    -999999 -999999 -999999 -999999 -999999 -999999 -999999 -999999 -999999 
	553    1949 -999999 -999999 -999999 -999999 -999999 -999999 -999999 -999999 -999999 -999999 -999999 -999999 -999999 -999999 -999999 -999999 -999999 -999999 -999999 
	553    1950 -999999 -999999 -999999 -999999 -999999 -999999 -999999 -999999 -999999 -999999 -999999 -999999 -999999 -999999 -999999 -999999 -999999 -999999 -999999 
	553    1951 2200    -999999 1400    -999999 1000    1000    2200    900     400     900     1000    500     1000    700     700     800     1900    300     1300    
	553    1952 1300    800     1300    800     1300    1100    1200    500     800     800     1300    1300    800     1000    1100    1200    800     300     1000    
	553    1953 2100    2100    1500    1100    1600    1500    1300    800     1100    1600    1200    1000    700     600     1500    700     1300    1100    800     
	553    1954 6100    1800    6000    1800    6100    700     600     1100    700     1700    3000    3000    500     300     700     300     500     600     600     
	553    1955 1700    1700    1200    1200    1200    1100    800     900     1200    900     1200    400     900     800     1100    800     700     800     500     
	553    1956 1500    1300    1500    1300    1500    1000    1200    500     1300    1200    1500    800     1000    400     300     1200    900     900     600     
	553    1957 1400    1100    1100    1100    900     900     1100    1100    400     600     500     800     600     300     700     200     1000    1100    600     
	553    1958 3000    1400    1100    600     1400    900     2300    500     200     1400    600     500     800     900     600     800     900     2300    700     
	553    1959 2600    2100    2200    2100    1500    1900    2600    600     2000    900     800     1500    1400    1900    1600    2000    1700    800     800     
	553    1960 1300    1000    1300    500     1000    900     900     400     500     1000    600     900     900     400     400     900     300     300     600     
	553    1961 1500    1500    1200    1100    1500    1200    1400    500     1100    1500    700     1000    1200    700     700     1200    1200    1400    1500    
	553    1962 2100    2000    1600    1200    1400    1400    2100    400     1200    1000    900     500     1400    500     400     700     2100    1300    700     
	553    1963 2900    2400    1600    1600    900     1000    1000    1000    1600    800     600     900     700     800     300     1000    900     500     2400    
	553    1964 1800    1800    1500    1300    1200    1200    1000    1300    600     1200    400     1000    600     900     1200    800     600     1000    600     
	553    1965 2600    2600    1100    1300    1300    1100    1500    700     1300    1300    500     600     800     300     600     900     1500    1400    300     
	553    1966 1500    900     1500    900     1100    900     1500    900     600     500     400     1100    900     300     800     1500    1200    300     200     
	553    1967 2200    900     2200    900     2200    1200    1100    900     900     600     1800    400     900     900     1200    900     300     1100    400     
	553    1968 2200    1200    1100    800     1100    800     1200    500     800     700     1100    500     600     700     800     600     1000    1200    1500    
	553    1969 2200    1500    2200    1000    1300    1100    2000    1000    600     1300    900     600     1000    1100    900     2000    2000    300     600     
	553    1970 2500    1200    2500    600     800     2300    1300    600     400     800     300     700     2300    500     900     1300    1100    800     900     
	553    1971 2300    900     2300    900     2000    1900    2200    900     800     500     1500    800     600     1700    400     2200    1100    600     900     
	553    1972 3100    1600    1700    1400    1500    1000    3100    900     1400    1500    900     500     500     1000    1000    1200    1900    400     2100    
	553    1973 4000    2300    2400    2300    1800    2400    1300    1900    500     1800    600     400     2400    400     2100    1300    800     700     600     
	553    1974 3300    1000    2600    1000    3300    900     700     500     1000    700     2600    700     800     600     900     700     500     400     300     
	553    1975 1800    1100    1600    1100    1400    1500    1800    600     1100    300     700     1400    1000    700     800     900     1800    800     1100    
	553    1976 2100    1500    2100    1500    1500    2100    800     500     1500    1100    1500    700     1700    1100    1500    400     800     400     600     
	553    1977 1300    800     1300    600     1100    1000    1100    400     300     400     900     1100    500     1000    500     900     1100    600     600     
	553    1978 2100    1000    2100    1000    2000    1400    1500    1000    700     500     900     2000    500     1200    1100    500     1500    1500    800     
	553    1979 1400    1000    1400    700     800     800     1400    700     500     400     800     800     800     600     600     1400    1200    700     400     
	553    1980 1900    1900    1400    1400    1200    800     1900    1400    1400    1100    900     1200    600     800     500     1400    800     500     400     
	553    1981 3200    1300    2700    1300    3200    1000    1100    500     1300    500     2700    500     400     600     1000    1000    300     400     600     
	553    1982 2400    1600    2400    1600    1900    2400    1400    1600    1400    1100    1900    1100    500     1600    800     1300    800     600     600     
	553    1983 2200    2000    2200    2000    1300    2200    2000    500     2000    1300    400     200     800     2200    1000    900     600     1400    700     
	553    1984 2100    1300    2100    1100    1400    2100    700     400     1100    1300    1400    700     800     1500    2100    500     700     700     600     
	553    1985 2000    2000    1400    2000    900     1400    1900    600     2000    500     800     900     300     1400    400     800     1900    600     500     
	553    1986 3400    3400    1700    3100    1100    1700    2100    300     2800    1100    700     400     1100    1700    700     1500    600     400     400     
	553    1987 1300    1300    1300    1300    1200    1300    1000    1300    700     1200    1000    700     300     1300    400     600     600     900     900     
	553    1988 1300    900     1300    900     900     1300    900     900     500     200     800     900     1300    300     700     600     900     900     500     
	553    1989 2100    800     2100    800     1900    1400    1200    600     700     700     500     1900    1300    1200    1400    900     500     1200    1100    
	553    1990 1800    900     1800    600     1600    1800    1100    600     600     900     500     1600    800     1800    900     600     1100    500     500     
	553    1991 2700    1900    2300    1900    1600    1000    1400    1200    1200    1200    700     1500    200     500     1000    1400    1300    1100    1600    
	553    1992 1800    1300    1800    1300    1800    1300    1000    1200    600     500     900     1800    1100    700     600     1000    500     400     1100    
	553    1993 1700    1000    1000    900     1000    1000    1700    400     900     1000    1000    700     700     400     800     500     1100    1600    200     
	553    1994 1700    1200    1700    1200    900     1700    1700    400     1200    500     900     500     500     1700    800     1000    1700    600     600     
	553    1995 2700    1400    2700    500     1100    2700    1800    300     500     500     800     700     1300    1000    2300    1100    1800    1100    1600    
	553    1996 2500    2500    1900    2500    1900    1300    800     2200    600     1400    1900    1200    1300    1300    800     800     800     500     1400    
	553    1997 2000    1800    2000    1800    1900    2000    2000    1800    300     900     1900    900     600     900     2000    1600    1700    600     700     
	553    1998 1700    1300    1700    1300    1700    1600    1100    800     1300    500     300     1700    200     600     1600    1100    200     700     300     
	553    1999 1900    800     1900    600     1200    1200    1400    300     400     800     800     700     500     1200    500     1400    1100    600     300     
	553    2000 1500    1200    1500    1200    1500    1400    800     1200    300     500     900     700     700     800     1400    800     400     300     600     
	553    2001 1400    1100    1400    1100    1400    1100    1000    1100    300     400     600     1400    1100    900     1000    200     1000    800     1300    
	553    2002 2400    1100    1300    1000    2400    1000    1000    1000    600     1100    1300    700     400     800     1000    1000    700     900     1200    
	553    2003 2800    2000    2800    1900    2000    2800    1600    600     1900    2000    1000    600     2100    1200    2700    1100    1600    800     1000    
	553    2004 1700    1000    1500    1000    1400    1500    900     400     700     500     1200    1400    600     600     900     900     800     300     1500    
	553    2005 1800    900     1400    800     900     1100    1800    600     800     900     600     700     1100    900     900     800     1800    600     700     
	553    2006 1600    1500    1600    1500    1500    1600    1500    1100    900     1300    800     1500    1300    1600    500     1500    1100    600     900     
	553    2007 4500    1000    3500    1000    4500    1000    1200    400     700     1000    3000    500     700     400     1000    600     1200    1100    1800    
	553    2008 1800    1800    1500    1800    1500    900     1000    400     1800    400     900     1400    900     500     800     1000    700     600     1100    
	553    2009 1500    1000    1500    1000    1000    900     1500    800     500     800     900     800     900     400     700     1500    500     200     500     
	553    2010 2300    1000    2300    1000    1700    2300    1400    600     1000    700     1700    1700    2100    600     400     500     1200    1400    600     
	553    2011 2300    1100    1600    1000    1600    700     2300    600     1000    1100    1500    1400    300     500     300     1300    600     2300    500     
	553    2012 2700    2200    1100    800     2700    1100    900     500     800     2200    500     600     500     700     1100    800     900     600     200     
	553    2013 2300    1400    2000    600     2300    2000    1300    600     600     1400    900     700     1100    2000    700     1100    500     800     500     
	553    2014 1900    1700    1900    500     1700    900     1900    500     500     1700    600     600     900     700     300     1900    700     600     400     
	553    2015 1600    1600    1300    1600    1500    1300    1100    400     1600    1500    1200    900     700     400     1200    600     700     400     400     
	553    2016 1500    1100    1500    500     1500    1000    1100    500     400     1100    900     1500    500     700     1000    1100    1100    900     1000    
	553    2017 1200    1100    1200    800     1100    1200    800     800     700     1100    1000    800     1200    400     900     800     800     400     300     
	553    2018 2500    1700    2500    1400    900     2500    2200    500     1400    400     900     800     1600    1700    600     800     2200    1500    600     
	553    2019 2100    1700    2100    1700    2100    1600    600     500     1700    700     2100    1600    1100    600     900     600     500     400     700     
	553    2020 2400    1800    2400    500     2400    1000    1700    300     300     1800    2400    2200    700     700     1000    1700    700     800     400     
	553    2021 -999999 -999999 -999999 -999999 1500    -999999 1500    -999999 1000    900     1500    400     1200    -999999 500     1500    600     700     800     
	553    2022 3200    3200    1700    900     2900    1600    800     900     300     2900    1400    1000    900     1300    1600    500     800     800     1000    
	553    2023 3900    1100    3900    1100    2000    1900    900     800     1100    500     700     2000    1900    400     1200    900     700     300     400     
	553    2024 1200    -999999 1200    -999999 1000    900     1200    700     -999999 400     500     1000    800     600     900     1200    600     900     700     
	553    2025 2800    2800    2800    1100    2800    1600    1100    1100    900     2700    1100    2200    1100    500     1600    500     1100    800     1200    
	553    2026 -999999 -999999 -999999 1100    -999999 -999999 -999999 1100    600     -999999 -999999 -999999 -999999 -999999 -999999 -999999 -999999 -999999 -999999 
	