EUROPEAN CLIMATE ASSESSMENT & DATASET (ECA&D), file created on: 17-05-2026
THESE DATA CAN BE USED FOR NON-COMMERCIAL RESEARCH AND EDUCATION PROVIDED THAT THE FOLLOWING SOURCE IS ACKNOWLEDGED: 

Klein Tank, A.M.G. and Coauthors, 2002. Daily dataset of 20th-century surface
air temperature and precipitation series for the European Climate Assessment.
Int. J. of Climatol., 22, 1441-1453.
Data and metadata available at http://www.ecad.eu

FILE FORMAT (MISSING VALUE CODE = -999999):

THIS FILE HOLDS DATA FOR STATION NETHERLANDS                              'S HEERENHOEK                            (STAID:   2350)
LATITUDE: dd:mm:ss +51:28:00
LONGITUDE: ddd:mm:ss +003:46:00
ELEVATION: m    1

DATA IS FOR INDEX Maximum no of consecutive dry days (RR < 1 mm) (CDD) with unit 0.01 No of days

01-06 SOUID: Source identifier
08-11 YEAR : YYYY
13-20 ANNUAL DATA VALUES
21-28 WINTER HALF YEAR DATA VALUES
29-36 SUMMER HALF YEAR DATA VALUES
37-44 WINTER (DJF) DATA VALUES
45-52 SPRING (MAM) DATA VALUES
53-60 SUMMER (JJA) DATA VALUES
61-68 AUTUMN (SON) DATA VALUES
69-76 JANUARY DATA VALUES
etc. 
157-164 DECEMBER DATA VALUES

2350   1854 -999999 -999999 -999999 -999999 -999999 -999999 -999999 -999999 -999999 -999999 -999999 -999999 -999999 -999999 -999999 -999999 -999999 -999999 -999999 
	2350   1855 2300    -999999 2300    -999999 2300    1400    2100    1600    1700    900     1700    1400    1200    600     1000    1300    400     2100    700     
	2350   1856 4200    1900    1600    1600    1400    1600    4200    700     1600    1400    1100    600     1000    800     800     1400    2400    1800    1200    
	2350   1857 12700   7500    5200    4400    8300    4700    8200    1600    2800    3100    3000    2200    1900    1600    3100    2900    3100    2200    3100    
	2350   1858 4500    2900    2100    2900    2100    2000    2200    700     2800    1400    2100    600     1300    700     1600    1100    700     2200    1300    
	2350   1859 2300    1600    2300    1600    1200    2300    1000    1000    1600    700     500     1200    600     2100    900     300     600     1000    500     
	2350   1860 2500    600     1400    500     900     1400    2500    400     500     300     600     600     200     1400    400     800     1200    1300    400     
	2350   1861 3600    1600    1600    1600    1600    1400    3600    1300    1000    600     1600    800     1000    400     1400    400     3100    400     1300    
	2350   1862 2600    2600    1400    2400    1400    900     1300    1100    2400    400     800     1000    400     800     900     1300    600     900     700     
	2350   1863 2300    1400    2300    1400    1800    2300    1400    900     1400    1000    800     1400    600     1700    1100    800     1200    1400    600     
	2350   1864 1900    1700    1400    1700    1400    1100    1600    1600    900     1200    1400    1000    800     1100    900     600     1000    700     1900    
	2350   1865 2700    1400    2600    1400    1600    2600    2700    600     800     1200    1300    800     2600    700     400     1900    800     600     1400    
	2350   1866 2000    1200    1400    1200    1400    1100    2000    800     500     500     1400    1200    800     1100    900     700     1300    700     1100    
	2350   1867 1600    1100    1600    500     1100    1600    900     500     400     800     500     1100    900     800     1600    500     900     600     1100    
	2350   1868 2400    800     2400    800     2000    2400    1800    600     600     700     600     2000    1600    2400    500     1800    800     700     400     
	2350   1869 2200    1000    2200    1000    800     2200    1000    1000    800     500     600     500     1000    1200    1400    1000    700     300     400     
	2350   1870 1900    1200    1600    1200    1600    1200    1900    800     1200    600     1600    900     900     1200    700     1300    600     400     1200    
	2350   1871 2600    1600    1500    1600    2600    1200    2000    1000    1600    1600    1000    1500    700     700     1200    1100    1300    1100    800     
	2350   1872 1500    1100    1500    1100    1300    1500    900     500     700     900     800     1300    800     1100    1500    800     900     400     900     
	2350   1873 2600    1800    1700    1800    1600    1700    2200    900     1000    1600    800     1400    1700    1300    700     1500    600     1600    2600    
	2350   1874 2200    1400    2200    1400    2200    1100    1200    1200    600     800     1900    800     700     1100    1000    900     1200    1000    1100    
	2350   1875 2100    2100    2000    1200    2100    1500    1100    900     1200    2100    1600    1200    800     1100    800     800     800     1000    900     
	2350   1876 2300    1300    2300    1300    2300    1600    1600    1300    1100    700     900     2300    1300    1400    1600    500     1600    500     800     
	2350   1877 1200    700     1200    400     1200    1100    700     400     300     400     1200    800     1000    500     400     600     600     700     500     
	2350   1878 1400    800     1400    800     1200    1400    1100    300     800     400     1200    500     900     1400    300     600     1100    700     400     
	2350   1879 1700    1200    1000    900     1200    800     1100    900     600     1200    600     500     300     800     500     700     1100    700     1700    
	2350   1880 2600    2600    2500    1700    2600    1500    900     900     1000    2600    700     2400    500     700     1500    800     400     500     700     
	2350   1881 1300    1000    1000    900     1300    1000    900     900     800     1000    1000    1000    1000    900     700     600     400     900     1000    
	2350   1882 2100    1900    2100    1900    2100    600     700     1900    1200    1500    1200    2100    400     600     400     700     300     200     600     
	2350   1883 1900    900     1800    900     1900    900     1200    900     900     800     1800    1100    600     200     900     1200    800     300     500     
	2350   1884 1600    1000    1600    800     1500    1600    1200    700     700     800     1500    1100    800     800     1100    1200    1000    1000    700     
	2350   1885 1900    1500    1900    1500    1600    1900    1100    1500    600     1000    1600    400     800     1900    800     300     400     1100    1700    
	2350   1886 2700    2700    1900    2700    1900    1800    1700    400     2700    1800    1900    1000    800     1000    1200    1700    1000    400     300     
	2350   1887 3500    1900    3500    1500    1600    3500    800     1200    1500    1100    1600    900     2800    1800    1600    800     400     700     400     
	2350   1888 2300    2000    2000    1800    1500    900     1400    1500    1800    500     700     1500    500     300     900     1300    1400    600     2300    
	2350   1889 2000    1900    2000    1900    800     2000    1600    1700    700     800     600     600     2000    500     600     1600    800     1300    900     
	2350   1890 2800    2800    1300    2800    1200    1200    1300    500     2600    1000    700     900     700     1200    600     1300    700     700     1500    
	2350   1891 3400    3400    1400    2900    1400    1200    800     900     2800    700     1400    600     1200    700     500     800     600     700     1000    
	2350   1892 1700    1400    1400    1400    1700    1000    700     1400    700     700     1400    1400    500     700     1000    500     700     700     1600    
	2350   1893 6000    1400    4600    1200    6000    1600    800     1200    400     1400    3000    1600    1600    400     800     600     800     800     800     
	2350   1894 3100    2000    1500    900     3100    1500    1500    900     600     2000    1100    800     1000    500     400     1500    400     1000    600     
	2350   1895 2200    2200    2000    2200    1200    1100    2100    1100    1600    900     1000    1200    1100    800     800     2000    500     500     800     
	2350   1896 3400    3400    1700    3200    1700    1300    1200    1000    2900    600     600     1700    600     1300    400     700     300     1200    600     
	2350   1897 3300    1200    1400    1200    700     1400    3300    1200    800     600     500     700     700     1300    400     700     2000    1300    1300    
	2350   1898 1900    1200    1900    1200    1200    1900    1700    1100    700     1000    1200    800     1300    1900    1300    1700    1000    800     600     
	2350   1899 3400    3100    3400    1300    1800    3400    1400    800     1300    1800    300     500     1700    900     2600    300     1400    1400    1700    
	2350   1900 2600    1800    2600    1400    1400    1000    2600    500     1400    1400    1200    1300    700     1000    800     2600    400     600     600     
	2350   1901 2600    2500    2100    2500    2100    1300    1900    2500    1200    700     1400    2100    1300    1000    900     700     800     1200    600     
	2350   1902 1900    1900    1100    1900    1000    1100    1100    700     1900    700     1000    500     1100    900     400     600     900     1100    1200    
	2350   1903 2500    1100    2500    1100    1400    1500    1000    1100    700     1000    400     1400    1100    800     500     1000    800     800     2200    
	2350   1904 2800    2200    2800    2200    1200    2800    1900    600     900     1200    800     1100    900     2300    500     1000    1400    800     1600    
	2350   1905 1900    1500    1000    1500    1000    1000    900     900     700     600     1000    1000    600     800     500     700     300     900     1900    
	2350   1906 1900    700     1700    700     1900    1100    1100    300     500     500     1700    500     1100    1000    700     1100    700     500     600     
	2350   1907 2200    1500    2200    1500    1400    1100    2200    1500    1100    1200    800     800     400     1100    500     2200    500     1100    700     
	2350   1908 1800    1200    1700    1200    1200    1700    1800    900     1100    1100    1200    700     900     1300    700     900     900     900     1700    
	2350   1909 2300    1300    1400    1300    1200    1400    1000    1300    1000    1100    1100    1200    1000    600     1400    700     500     800     800     
	2350   1910 1600    1300    1000    1300    1600    1000    1500    1000    400     1300    800     900     1000    700     600     700     1500    400     500     
	2350   1911 3500    2500    3500    2500    1500    3500    1200    1900    600     500     1500    1500    1000    3100    1000    1200    600     500     200     
	2350   1912 1700    800     1700    800     1000    1100    1700    800     500     700     1000    800     500     1100    700     1700    1000    600     700     
	2350   1913 1900    1900    1600    1900    800     1600    900     900     1900    300     600     800     900     800     1600    800     900     600     1000    
	2350   1914 1500    1500    1500    1500    1300    1000    1000    1500    1000    500     1300    1100    1000    500     700     1000    700     600     400     
	2350   1915 1800    1000    1800    700     1700    1600    1800    700     400     1000    700     1100    1600    500     700     1800    1300    400     200     
	2350   1916 2700    700     2700    600     800     2700    1200    400     300     700     800     600     800     1400    1300    1000    600     900     400     
	2350   1917 2000    2000    1800    2000    1700    1000    1200    1100    1900    600     1100    800     1000    1000    700     1100    300     1000    900     
	2350   1918 2200    2200    1500    1300    1800    1200    700     800     600     1800    700     900     800     700     1100    200     400     700     600     
	2350   1919 2500    900     2500    900     2200    1700    1200    700     800     800     1000    2200    1500    600     1700    1200    900     500     600     
	2350   1920 2800    1200    1100    1000    1200    1100    2800    700     1000    1200    300     400     600     800     1100    800     1500    1300    1100    
	2350   1921 2900    1400    1800    1300    1800    1100    2200    500     1300    900     1200    1800    900     1100    600     1700    1000    2200    1000    
	2350   1922 2000    1100    1300    1100    1200    800     2000    300     1100    900     900     1200    800     300     800     600     2000    700     500     
	2350   1923 1900    1500    1900    600     1500    1900    900     600     400     1500    1400    500     600     1400    1400    900     300     600     400     
	2350   1924 1700    1700    1100    700     1700    1100    1600    700     700     1700    1000    300     1000    1000    500     600     1000    1600    1100    
	2350   1925 2100    1000    2100    800     1100    2000    1400    800     400     1000    600     700     2000    800     800     300     1100    1200    900     
	2350   1926 2200    2200    1600    800     2200    1600    1100    600     800     2200    1000    800     1300    1200    600     1100    700     400     800     
	2350   1927 1600    1400    1600    1400    1600    800     1000    400     1400    900     900     1100    500     800     600     400     1000    600     1600    
	2350   1928 3100    3100    2000    1400    1700    2000    1100    200     1400    1700    900     800     700     2000    500     1100    600     600     400     
	2350   1929 2600    2600    2000    1500    2100    2000    700     1400    800     2100    1200    800     800     2000    900     700     600     600     1100    
	2350   1930 2200    2200    2100    1200    1400    1500    1000    800     1200    1200    800     600     1500    500     1000    500     1000    300     600     
	2350   1931 1500    1100    1500    500     1100    1500    1200    400     500     1100    900     1000    1100    400     700     800     1200    600     1100    
	2350   1932 2700    2700    1800    2700    1600    1800    1000    2000    700     1600    300     900     1800    600     700     700     400     1000    2700    
	2350   1933 3200    2500    2000    2500    1800    1300    1200    1300    800     1200    1700    1400    1100    700     1000    1200    800     700     2600    
	2350   1934 2500    2500    1600    2500    1600    1500    1800    700     2500    1100    600     1500    1300    1200    900     1100    500     1800    500     
	2350   1935 2300    2100    2300    500     2100    2300    900     500     500     2100    500     1300    500     1900    900     900     800     500     600     
	2350   1936 2400    1700    2400    1000    2400    1200    900     600     1000    1700    800     2000    700     400     1200    900     600     900     900     
	2350   1937 2000    500     2000    500     1200    2000    1300    500     200     400     600     1200    800     800     1200    500     900     800     400     
	2350   1938 2400    2400    1900    1300    2400    1900    1100    400     1300    2400    1500    1500    1900    1000    900     700     700     1100    500     
	2350   1939 2400    1200    2400    1200    1400    1000    900     600     700     400     600     1400    1000    900     900     900     300     300     1500    
	2350   1940 2000    1300    2000    1300    2000    1100    700     1000    1000    1100    500     2000    1100    600     600     700     700     600     500     
	2350   1941 3400    1400    3400    1200    1600    3400    1500    1100    500     1400    1100    1600    2400    1000    300     1500    800     500     700     
	2350   1942 2100    1900    2100    1600    2100    1800    900     1100    1600    1200    2100    800     1400    400     900     900     500     800     600     
	2350   1943 3100    3100    1600    1200    1900    1600    1600    500     1200    1900    1000    1300    1000    900     700     600     1600    500     800     
	2350   1944 2000    2000    2000    1800    1900    2000    800     700     1800    1000    1000    1900    900     900     1800    600     800     400     1000    
	2350   1945 2500    2400    1800    900     2500    1800    1600    800     900     2400    800     1100    1400    1800    700     1300    1600    1400    700     
	2350   1946 1600    1600    1300    900     1400    1000    1600    800     500     1400    1100    1100    400     900     700     700     1600    600     1600    
	2350   1947 2700    1100    2700    1100    1200    2600    1400    1000    1100    300     1200    1000    700     600     2600    700     900     400     300     
	2350   1948 3000    3000    2100    1600    2100    1500    1200    200     1600    1400    2100    1400    700     1400    900     800     1200    900     1000    
	2350   1949 2900    2200    2900    2200    1300    2900    2000    1600    600     1200    800     600     1700    1300    800     600     1500    400     500     
	2350   1950 1700    1300    1700    1300    1100    1300    1000    1300    400     800     600     1100    1300    400     600     300     1000    300     700     
	2350   1951 2000    1200    1500    600     1200    1100    2000    400     400     1000    1200    500     1100    800     700     700     1600    300     1500    
	2350   1952 2200    1100    2200    1100    2200    1100    800     500     1100    700     2200    1300    800     1000    1100    800     600     500     600     
	2350   1953 3400    3400    1400    1900    2700    1400    2400    1900    700     2700    900     1200    1100    1000    1400    700     2400    1900    800     
	2350   1954 2900    1700    2900    1700    2900    800     700     1100    600     1000    2800    1800    500     700     500     300     700     500     700     
	2350   1955 1900    1800    1900    1400    1900    1500    800     1000    1400    600     1900    400     800     1400    1100    800     800     500     500     
	2350   1956 2500    800     2500    800     2500    900     1400    500     800     700     1700    1100    400     900     400     1400    900     800     1000    
	2350   1957 1300    1200    1300    1200    1300    1300    1200    1200    400     600     900     800     1300    300     400     300     1200    1000    600     
	2350   1958 1900    1400    1400    600     1400    1400    1900    500     200     1400    700     600     1400    700     500     1100    1000    1900    700     
	2350   1959 2400    2100    2400    2100    2400    1500    2000    500     2000    300     800     2400    1200    1500    1400    2000    1000    800     600     
	2350   1960 1500    1400    1500    700     1500    1300    800     400     700     1400    1000    1100    1300    500     600     800     200     400     600     
	2350   1961 1800    1800    1300    1200    1700    900     1300    600     1200    1700    500     800     700     900     900     1300    900     1200    800     
	2350   1962 3000    2000    3000    1300    1000    2400    2100    600     1300    700     700     600     2400    900     800     800     2100    400     700     
	2350   1963 2600    2600    2000    2600    800     1200    1300    1600    1300    800     700     800     1200    800     300     1300    1000    900     1500    
	2350   1964 1700    1700    1600    1500    1200    1600    1000    1500    700     1200    800     1100    800     1000    1200    500     700     900     700     
	2350   1965 1500    1400    1100    700     1300    1000    1500    200     700     1300    600     700     800     200     800     1100    1500    700     300     
	2350   1966 1400    1000    1400    1000    900     1300    1400    1000    600     700     600     900     400     300     1300    1400    700     400     200     
	2350   1967 1700    900     1700    900     1000    1700    900     900     800     700     1000    700     1700    800     1200    900     700     500     400     
	2350   1968 1600    1300    1600    800     1600    800     1500    500     800     500     1600    600     600     800     800     600     1200    1500    1100    
	2350   1969 2100    1100    2000    700     1100    2000    2100    500     700     1100    1000    400     1100    2000    900     1600    1900    300     700     
	2350   1970 2400    1300    2400    600     1600    1400    1400    500     400     500     400     1600    1400    500     1100    1400    1200    500     1200    
	2350   1971 2200    1300    2200    1300    1000    2200    1500    1300    800     500     900     600     800     2100    300     1300    1100    400     900     
	2350   1972 3000    1500    2000    1000    1500    1300    3000    700     800     1500    800     400     700     900     1300    1200    1800    600     2000    
	2350   1973 2200    1800    1900    1000    1800    1900    1200    1000    700     1800    600     400     1600    500     1900    1200    900     1000    500     
	2350   1974 2100    1100    1300    800     2100    1300    800     400     600     1100    1100    900     800     700     1300    800     300     400     700     
	2350   1975 1900    1100    1600    1000    1500    1000    1900    800     1000    300     1000    1500    1000    600     800     600     1900    700     1100    
	2350   1976 2300    1300    2300    1300    1800    2300    800     700     1000    700     1600    800     1800    1200    2300    700     800     400     500     
	2350   1977 1300    800     1300    600     1000    1000    1100    400     600     500     700     1000    500     700     600     700     1100    500     600     
	2350   1978 2300    1400    2300    1400    1700    1200    1600    700     1400    500     900     1700    600     1000    1200    1000    1500    1600    600     
	2350   1979 1400    800     1400    800     500     1200    1400    600     800     500     500     500     700     700     500     1400    1100    700     400     
	2350   1980 2300    1200    2300    1200    2300    800     1100    1200    800     1200    1000    2300    800     800     800     800     500     500     1000    
	2350   1981 1800    1700    1800    1700    700     1100    700     400     1700    500     700     500     700     600     1100    700     200     500     300     
	2350   1982 1700    1500    1700    1500    1700    1200    1300    1500    1400    700     1700    900     900     1200    400     1300    600     600     900     
	2350   1983 2800    1600    1600    1600    1300    1600    2800    400     1600    1300    500     500     1600    1600    1400    900     1400    1400    700     
	2350   1984 2200    1300    2200    1100    2100    2000    900     500     1100    1300    1900    400     700     800     2000    200     700     900     600     
	2350   1985 2000    2000    1900    2000    1200    1900    1900    700     2000    1000    1100    1200    300     1700    400     800     1900    600     400     
	2350   1986 3100    3100    1500    3100    1000    1400    2500    400     2700    1000    600     800     1100    1400    600     1500    1000    400     400     
	2350   1987 1800    1400    1800    1400    1800    1300    900     1400    1000    1200    1800    700     400     1300    700     800     600     900     900     
	2350   1988 2500    800     2500    800     1700    2500    800     400     800     200     1500    500     2500    400     900     700     800     700     700     
	2350   1989 1800    1300    1800    1300    1800    1800    1100    1000    600     800     500     1800    1800    1300    800     1000    500     1100    800     
	2350   1990 2700    900     2700    700     1900    2700    1100    500     600     900     900     1900    800     2200    1000    900     1100    500     700     
	2350   1991 2400    1800    2300    1800    1600    1100    1400    1200    1100    1300    600     1600    300     500     1000    1400    900     900     1500    
	2350   1992 1700    1300    1700    1300    1300    1700    1300    1200    600     400     900     1300    900     1100    600     800     500     400     1100    
	2350   1993 1800    1800    1600    1800    1600    1600    1800    500     1500    1600    800     600     1200    400     800     200     1000    1500    300     
	2350   1994 1700    1000    1600    1000    1000    1600    1700    500     1000    400     800     700     1000    1600    600     600     1700    800     400     
	2350   1995 4000    1300    4000    300     900     4000    1200    300     300     500     800     800     1300    1700    2300    500     1200    600     1600    
	2350   1996 2200    2200    1900    2200    1900    1200    1000    2100    600     1600    1900    1000    1000    1200    700     1000    400     400     1400    
	2350   1997 2300    1800    1900    1800    1900    1900    2300    1700    400     1200    1900    900     500     1100    1900    1800    900     500     700     
	2350   1998 1700    1300    1700    1300    1700    1600    900     900     1300    1300    300     1700    600     1000    1600    900     300     600     300     
	2350   1999 1300    900     1300    700     1300    1100    1000    300     400     900     400     900     900     900     600     900     1000    400     200     
	2350   2000 1200    700     1200    700     900     1200    700     700     400     500     600     600     1200    1000    1100    700     400     300     900     
	2350   2001 1300    800     1300    800     1300    1100    700     800     800     400     300     1300    800     1000    800     300     700     600     1100    
	2350   2002 2200    1000    1300    1000    2200    700     900     900     500     1000    1200    600     500     700     700     900     400     300     900     
	2350   2003 2900    2200    2900    2200    2000    2900    1300    800     2200    2000    1500    700     1300    1300    2700    1000    1300    800     1000    
	2350   2004 1700    1000    1300    1000    1200    1100    1200    300     700     600     1000    1200    800     600     500     1200    700     400     1500    
	2350   2005 1500    800     1500    800     1200    1100    1500    500     800     600     700     1200    800     1100    600     900     1500    700     500     
	2350   2006 1700    1700    1500    1700    1300    1400    1500    1100    600     1300    900     700     1100    1000    500     1500    1000    600     1000    
	2350   2007 3700    900     3500    900     3700    1000    900     500     600     800     3000    500     700     500     1000    500     900     400     1400    
	2350   2008 1800    1800    1300    1800    1300    1100    1000    500     1800    300     800     1300    1100    500     1100    800     700     1000    1100    
	2350   2009 2000    1000    1700    900     1000    1700    2000    800     300     1000    900     800     1600    700     1500    1600    700     400     900     
	2350   2010 2100    1300    2100    1300    2100    1500    900     1300    1100    1300    2100    900     1100    1500    400     700     900     400     400     
	2350   2011 2500    1800    1200    700     1700    900     2500    600     700     1700    1100    800     400     800     400     1200    600     2500    500     
	2350   2012 1700    1400    1100    900     1700    1000    900     900     800     1400    400     1100    500     700     1000    900     500     400     300     
	2350   2013 2200    900     2200    900     1600    2200    1300    800     900     800     1100    600     1100    2200    900     1100    500     300     1200    
	2350   2014 2300    1700    2300    500     1700    2300    1900    400     400     1700    900     600     2000    500     500     1900    500     600     400     
	2350   2015 2000    2000    1300    900     2000    1200    1000    400     900     2000    1300    700     1100    400     900     600     700     300     500     
	2350   2016 1700    1700    1500    500     1700    1500    1000    300     400     1700    600     800     700     1500    700     700     1000    700     900     
	2350   2017 2400    1200    1500    1200    2400    1500    800     1200    800     1100    1300    1300    1500    400     900     800     700     600     300     
	2350   2018 4900    1000    4900    900     2100    4900    1400    500     900     500     700     2100    2300    2600    700     900     1400    1200    800     
	2350   2019 2000    1700    2000    1700    2000    1600    1300    700     1700    1500    2000    800     1100    600     1100    1300    500     800     500     
	2350   2020 2800    1100    2100    900     2800    1800    1900    900     400     1100    1700    1800    1000    800     1400    1900    400     800     400     
	2350   2021 1300    1000    1300    700     1300    1200    1200    500     600     900     1300    700     1200    1100    500     1200    500     600     500     
	2350   2022 2800    2800    1800    900     2800    1800    600     900     400     2800    1700    1000    900     1800    1500    400     600     500     700     
	2350   2023 3200    1100    3200    1100    1600    1600    1000    600     1100    300     700     1600    1600    600     1100    900     700     300     500     
	2350   2024 1100    700     1100    700     700     900     1100    700     200     400     500     700     800     600     900     800     700     900     700     
	2350   2025 2800    2800    2800    1200    2800    2500    1200    1200    900     2700    1100    2100    1100    700     2500    1000    600     800     900     
	2350   2026 -999999 1000    -999999 1000    -999999 -999999 -999999 1000    400     900     1900    -999999 -999999 -999999 -999999 -999999 -999999 -999999 -999999 
	