EUROPEAN CLIMATE ASSESSMENT & DATASET (ECA&D), file created on: 17-05-2026
THESE DATA CAN BE USED FOR NON-COMMERCIAL RESEARCH AND EDUCATION PROVIDED THAT THE FOLLOWING SOURCE IS ACKNOWLEDGED: 

Klein Tank, A.M.G. and Coauthors, 2002. Daily dataset of 20th-century surface
air temperature and precipitation series for the European Climate Assessment.
Int. J. of Climatol., 22, 1441-1453.
Data and metadata available at http://www.ecad.eu

FILE FORMAT (MISSING VALUE CODE = -999999):

THIS FILE HOLDS DATA FOR STATION NETHERLANDS                              STAVENISSE                               (STAID:   2521)
LATITUDE: dd:mm:ss +51:34:59
LONGITUDE: ddd:mm:ss +004:01:00
ELEVATION: m    1

DATA IS FOR INDEX Maximum no of consecutive dry days (RR < 1 mm) (CDD) with unit 0.01 No of days

01-06 SOUID: Source identifier
08-11 YEAR : YYYY
13-20 ANNUAL DATA VALUES
21-28 WINTER HALF YEAR DATA VALUES
29-36 SUMMER HALF YEAR DATA VALUES
37-44 WINTER (DJF) DATA VALUES
45-52 SPRING (MAM) DATA VALUES
53-60 SUMMER (JJA) DATA VALUES
61-68 AUTUMN (SON) DATA VALUES
69-76 JANUARY DATA VALUES
etc. 
157-164 DECEMBER DATA VALUES

2521   1924 -999999 -999999 -999999 -999999 -999999 -999999 -999999 -999999 -999999 -999999 -999999 -999999 -999999 -999999 -999999 -999999 -999999 -999999 -999999 
	2521   1925 2400    -999999 2400    -999999 1500    1900    1600    800     500     400     900     1500    1900    800     700     400     1200    1000    600     
	2521   1926 1600    1600    1200    700     1600    1200    900     600     700     1600    700     800     600     1200    600     900     700     400     900     
	2521   1927 2100    1000    1200    1000    1200    600     2100    400     1000    700     500     1100    500     600     600     400     2100    600     1600    
	2521   1928 1900    1900    1400    1300    1300    1200    1100    400     1300    1300    600     900     600     800     900     1100    300     700     500     
	2521   1929 2500    2500    2000    1300    2100    2000    800     1100    1300    2100    1300    1700    500     2000    1000    800     700     600     800     
	2521   1930 2400    2400    2100    1300    1400    1500    1000    700     1300    1200    800     600     1500    500     1000    500     1000    300     700     
	2521   1931 1400    1300    1400    1000    1300    1400    1300    500     800     1300    900     1000    1000    400     500     1200    1300    1300    900     
	2521   1932 1900    1600    1700    1600    1600    1700    800     1600    1400    1600    300     500     1700    400     1600    600     300     800     1900    
	2521   1933 3600    1900    2400    1900    3600    2200    1600    1700    600     1200    2400    900     1000    600     2000    1100    1000    700     2700    
	2521   1934 2700    2700    1500    2500    1700    1400    600     700     2500    1000    700     1400    1100    1200    1400    600     600     600     200     
	2521   1935 2200    1700    2200    700     2000    2200    800     500     700     1700    600     1400    500     1200    1300    800     700     300     700     
	2521   1936 2100    1600    2100    1100    1700    2000    900     600     1100    1600    1700    1000    700     400     2000    600     900     700     700     
	2521   1937 2000    700     2000    500     1300    1400    1000    500     200     600     800     1100    900     800     1200    500     1000    800     500     
	2521   1938 2400    2400    1800    1100    2400    1800    1300    400     1100    2400    800     1500    1800    900     1000    1300    900     1300    1300    
	2521   1939 -999999 -999999 -999999 -999999 -999999 -999999 -999999 300     -999999 -999999 -999999 -999999 -999999 -999999 -999999 -999999 -999999 -999999 -999999 
	2521   1940 -999999 -999999 -999999 -999999 -999999 -999999 1200    -999999 -999999 -999999 -999999 -999999 -999999 -999999 1100    800     1200    200     800     
	2521   1941 -999999 1400    3400    1100    2100    3400    -999999 1100    700     1400    900     2000    2300    1100    200     1500    -999999 -999999 -999999 
	2521   1942 -999999 -999999 -999999 -999999 -999999 -999999 -999999 -999999 -999999 -999999 -999999 -999999 -999999 -999999 -999999 -999999 -999999 -999999 -999999 
	2521   1943 -999999 -999999 -999999 -999999 -999999 -999999 -999999 -999999 -999999 -999999 -999999 -999999 -999999 -999999 -999999 -999999 -999999 -999999 -999999 
	2521   1944 -999999 -999999 -999999 -999999 -999999 -999999 -999999 -999999 -999999 -999999 -999999 -999999 -999999 -999999 -999999 -999999 -999999 -999999 -999999 
	2521   1945 -999999 -999999 -999999 -999999 -999999 -999999 -999999 -999999 -999999 -999999 -999999 -999999 -999999 -999999 -999999 -999999 -999999 -999999 -999999 
	2521   1946 -999999 -999999 -999999 -999999 -999999 -999999 -999999 -999999 -999999 -999999 -999999 -999999 -999999 -999999 -999999 -999999 -999999 -999999 -999999 
	2521   1947 -999999 -999999 -999999 -999999 -999999 -999999 -999999 -999999 -999999 -999999 -999999 -999999 -999999 -999999 -999999 -999999 -999999 -999999 -999999 
	2521   1948 -999999 -999999 -999999 -999999 -999999 -999999 -999999 -999999 -999999 -999999 -999999 -999999 -999999 -999999 -999999 -999999 -999999 -999999 -999999 
	2521   1949 -999999 -999999 -999999 -999999 -999999 -999999 -999999 -999999 -999999 -999999 -999999 -999999 -999999 -999999 -999999 -999999 700     500     700     
	2521   1950 1500    1300    1500    1300    1000    1000    1000    1300    500     1000    900     800     1000    600     600     400     1000    300     1100    
	2521   1951 2400    1200    1500    1200    1000    1100    2400    1000    400     1000    1000    400     1100    900     900     700     2000    300     1300    
	2521   1952 1700    1100    1700    1100    1700    1100    800     600     1100    700     1500    1700    800     1000    1100    800     600     500     700     
	2521   1953 3800    3800    1400    1100    2700    1400    2300    800     1100    2700    1100    900     1000    1000    1400    800     2300    1100    800     
	2521   1954 1700    1700    1700    1700    1700    800     700     1100    700     1100    1600    1700    500     500     500     300     700     500     600     
	2521   1955 2100    2000    2100    1600    1900    1700    900     900     1600    700     1900    400     800     1300    1700    900     800     500     400     
	2521   1956 2800    2500    2000    1400    2800    700     1400    300     1400    2500    1200    1100    500     700     400     1400    900     1100    900     
	2521   1957 1400    1100    1300    1100    1400    1300    1200    1100    400     600     1000    800     1300    200     400     300     1200    1000    1000    
	2521   1958 2300    1300    800     600     1300    700     1900    500     400     1300    500     400     700     700     500     500     900     1900    500     
	2521   1959 2800    2100    2800    2100    2800    1600    2000    500     2000    500     800     2800    1600    1300    1600    2000    900     800     900     
	2521   1960 2000    2000    1600    800     2000    1600    800     500     800     2000    600     1100    1600    500     700     800     200     300     600     
	2521   1961 1800    1800    1400    1200    1700    900     1200    500     1200    1700    700     1400    700     900     700     600     800     1200    700     
	2521   1962 2300    1800    2300    1100    1700    1900    2100    600     1100    800     1200    500     1900    900     800     1100    2100    700     700     
	2521   1963 2400    2200    2000    2200    900     1200    1300    2200    1100    800     700     800     1200    800     300     1300    1000    900     1500    
	2521   1964 1800    1800    1600    1300    1200    1400    1000    1300    600     1200    800     1100    800     900     1200    800     700     900     700     
	2521   1965 1700    1700    1400    500     1300    1400    1200    300     500     1300    600     1300    800     600     1200    600     1200    700     300     
	2521   1966 1600    1100    1600    1100    900     1400    1500    1100    500     500     600     900     1000    400     1400    1500    700     400     300     
	2521   1967 1800    1500    1800    1500    900     1800    800     1200    1500    900     800     400     1800    700     1200    500     800     600     400     
	2521   1968 1600    1200    1600    800     1600    800     1500    400     800     500     1600    600     600     800     800     600     1500    1500    1500    
	2521   1969 2200    1100    2200    900     1100    2200    2100    900     700     1100    900     400     1100    2100    900     1600    1900    300     600     
	2521   1970 1700    1200    1700    700     1100    1700    1400    700     300     500     300     1100    1700    500     1000    1400    1100    600     1200    
	2521   1971 2300    1000    2300    1000    1000    2300    2200    800     800     600     900     600     1100    2100    400     2200    1100    400     900     
	2521   1972 3000    1500    1900    1000    1500    1200    3000    700     800     1500    700     400     600     1000    1200    1200    1800    500     2100    
	2521   1973 3400    1700    1900    1700    1400    1900    1500    1300    700     1400    600     400     1700    500     1900    1500    900     1000    600     
	2521   1974 2100    1100    1400    700     2100    1300    800     500     600     1100    1300    900     800     700     1300    800     400     400     700     
	2521   1975 1900    1100    1500    1000    1400    1000    1900    800     1000    200     900     1400    1000    600     900     600     1900    800     1100    
	2521   1976 2600    1300    2600    1300    1800    2600    800     900     1100    1100    1600    800     1700    1200    2600    500     800     400     600     
	2521   1977 1300    800     1300    600     1100    900     1300    400     600     400     800     1100    800     800     600     1300    1100    500     600     
	2521   1978 2300    700     2300    700     1700    1400    1600    700     600     500     900     1700    700     1000    1400    1100    1600    1600    700     
	2521   1979 1400    700     1400    700     600     1100    1400    600     700     300     600     500     700     900     600     1400    1100    600     400     
	2521   1980 2700    1400    2700    1400    2700    800     1200    1400    800     1200    1000    2700    800     800     800     800     400     900     700     
	2521   1981 2200    1700    2100    1700    2200    1700    1000    400     1700    400     2100    700     700     1200    1700    900     200     600     400     
	2521   1982 1700    1400    1700    1400    1700    1200    1400    1400    1300    900     1700    1000    900     1200    500     1300    800     800     800     
	2521   1983 2800    1800    2000    1800    1200    2000    2800    400     1800    1200    600     400     2000    1700    1300    600     1400    1400    700     
	2521   1984 2300    1300    2300    1100    2300    2000    700     500     1100    1300    1900    800     800     1100    2000    200     700     700     600     
	2521   1985 2200    2000    2200    2000    1200    2200    1900    800     2000    500     1200    1100    500     1700    400     600     1900    700     400     
	2521   1986 2200    2200    1500    2200    1000    1500    2200    400     2200    1000    600     1000    1500    900     600     1300    900     600     300     
	2521   1987 1800    1500    1300    1500    1300    1300    1200    1500    700     1300    900     700     200     1300    700     500     600     900     1400    
	2521   1988 2500    800     2500    800     1200    2500    700     400     800     300     1100    1200    2500    400     900     600     700     700     600     
	2521   1989 1900    1300    1900    1300    1900    1300    1200    1000    800     700     500     1900    1300    1300    900     900     500     1200    800     
	2521   1990 2700    900     2700    700     1900    2700    900     500     600     900     500     1900    800     2200    1000    600     900     600     700     
	2521   1991 2400    1700    2300    1700    1500    1800    1400    1000    700     1000    900     1500    300     800     1000    1400    900     900     1500    
	2521   1992 1400    1300    1400    1300    1400    900     700     1200    600     500     900     1400    900     700     500     700     500     600     1100    
	2521   1993 1800    1300    900     1300    1000    900     1800    600     1300    1000    800     600     900     400     800     300     1000    1500    300     
	2521   1994 1700    1100    1400    1100    1000    1400    1700    500     1100    800     900     600     1000    1300    800     600     1700    800     500     
	2521   1995 2700    1300    2700    300     900     2700    1200    200     300     600     800     800     1300    500     2300    500     1200    1100    1600    
	2521   1996 2200    2200    2100    2200    2100    1200    900     2100    500     1600    2000    1200    1000    1200    700     900     500     300     1200    
	2521   1997 2900    1800    1900    1800    1900    1900    2300    1700    300     1200    1900    900     500     1100    1900    1800    1000    600     700     
	2521   1998 1700    1400    1700    1300    1700    1600    900     1200    1300    1400    300     1700    600     800     1600    900     200     700     400     
	2521   1999 1800    700     1800    700     1200    1100    1200    300     400     700     800     800     900     900     600     1200    1000    600     200     
	2521   2000 1600    700     1600    700     900     1600    800     700     400     500     900     600     1600    800     900     800     400     300     800     
	2521   2001 1300    1000    1300    1000    1300    1000    1200    1000    800     400     400     1300    800     900     800     300     1200    700     1200    
	2521   2002 2400    1100    1300    900     2400    1000    1300    900     400     1100    1300    700     500     1000    700     1300    500     300     900     
	2521   2003 2900    2200    2900    2200    2200    2900    1500    600     2200    2000    2200    700     800     1200    2700    900     1500    800     1000    
	2521   2004 1700    1000    1200    1000    1200    1100    1000    400     700     800     1000    1200    800     600     500     1000    900     400     1500    
	2521   2005 1700    900     1700    600     1200    1700    1600    600     600     500     900     1200    1200    1700    600     800     1600    600     500     
	2521   2006 1700    1700    1600    1700    1300    1600    1500    1100    600     1300    700     1300    1100    1600    200     1500    700     400     1000    
	2521   2007 3700    900     3500    900     3700    900     1000    400     500     800     3000    500     700     400     900     500     1000    400     1400    
	2521   2008 1800    1800    1300    1800    1300    1100    1000    500     1800    300     900     1300    1100    500     800     1000    700     600     1100    
	2521   2009 2000    1000    2000    900     1000    2000    1800    800     600     1000    900     800     1500    700     1500    1600    700     500     600     
	2521   2010 2100    900     2100    800     2100    1300    900     600     800     900     2100    1200    1100    800     400     700     900     900     500     
	2521   2011 1800    1800    1200    700     1700    500     1800    600     700     1700    1100    1100    400     500     400     1200    600     1800    500     
	2521   2012 1900    1400    1100    1000    1900    1000    1000    500     1000    1400    500     1100    400     700     1000    1000    400     400     300     
	2521   2013 2200    1000    2200    900     1600    2200    1300    500     900     800     800     600     1100    2200    700     1100    500     300     600     
	2521   2014 2000    1700    2000    500     1700    1700    1900    500     400     1700    900     600     1700    500     500     1900    500     600     400     
	2521   2015 2000    2000    1200    1400    2000    1200    1400    400     1400    2000    1200    700     1100    400     900     700     1000    400     500     
	2521   2016 1700    1700    1300    700     1700    1200    1300    200     700     1700    600     600     700     1200    700     1300    1000    700     900     
	2521   2017 1400    1200    1400    1200    1300    1400    800     1200    400     1000    1300    1300    1400    500     900     800     700     400     400     
	2521   2018 3900    1500    3900    1400    1900    3900    1400    400     1400    500     600     1900    1300    2600    700     600     1400    1300    600     
	2521   2019 2000    1700    2000    1700    2000    1600    1000    400     1700    1500    2000    900     1100    600     1300    1000    500     700     500     
	2521   2020 3300    1600    3300    700     3000    900     1300    700     400     1600    1700    3000    600     800     900     1300    600     700     400     
	2521   2021 1700    1700    1500    1000    1500    1300    1200    400     1000    800     1500    700     1200    1300    500     1200    700     700     500     
	2521   2022 3300    3300    1800    700     2900    1800    700     700     400     2900    1500    1000    900     1800    1300    400     700     500     500     
	2521   2023 3900    1100    3900    1100    2000    1900    1700    600     1100    400     700     2000    1900    600     1200    1000    1000    300     300     
	2521   2024 1300    800     1300    700     800     900     900     700     200     800     500     700     800     500     900     900     700     700     700     
	2521   2025 3000    1600    3000    1100    3000    2400    1400    700     900     1600    1100    2300    1400    700     2400    900     1400    800     1300    
	2521   2026 -999999 900     -999999 600     -999999 -999999 -999999 600     400     900     1900    -999999 -999999 -999999 -999999 -999999 -999999 -999999 -999999 
	