EUROPEAN CLIMATE ASSESSMENT & DATASET (ECA&D), file created on: 17-05-2026
THESE DATA CAN BE USED FOR NON-COMMERCIAL RESEARCH AND EDUCATION PROVIDED THAT THE FOLLOWING SOURCE IS ACKNOWLEDGED: 

Klein Tank, A.M.G. and Coauthors, 2002. Daily dataset of 20th-century surface
air temperature and precipitation series for the European Climate Assessment.
Int. J. of Climatol., 22, 1441-1453.
Data and metadata available at http://www.ecad.eu

FILE FORMAT (MISSING VALUE CODE = -999999):

THIS FILE HOLDS DATA FOR STATION NETHERLANDS                              OOSTERHOUT                               (STAID:    576)
LATITUDE: dd:mm:ss +51:37:59
LONGITUDE: ddd:mm:ss +004:49:59
ELEVATION: m    5

DATA IS FOR INDEX Maximum no of consecutive dry days (RR < 1 mm) (CDD) with unit 0.01 No of days

01-06 SOUID: Source identifier
08-11 YEAR : YYYY
13-20 ANNUAL DATA VALUES
21-28 WINTER HALF YEAR DATA VALUES
29-36 SUMMER HALF YEAR DATA VALUES
37-44 WINTER (DJF) DATA VALUES
45-52 SPRING (MAM) DATA VALUES
53-60 SUMMER (JJA) DATA VALUES
61-68 AUTUMN (SON) DATA VALUES
69-76 JANUARY DATA VALUES
etc. 
157-164 DECEMBER DATA VALUES

576    1866 -999999 -999999 -999999 -999999 -999999 -999999 -999999 -999999 -999999 -999999 -999999 -999999 -999999 -999999 800     -999999 1300    700     1000    
	576    1867 1100    800     1100    500     1000    900     800     500     500     400     300     1000    700     700     900     700     800     600     600     
	576    1868 2200    600     2200    600     1100    2200    1800    600     500     400     600     900     1500    2200    900     1800    500     500     300     
	576    1869 3000    900     3000    900     1500    3000    1100    900     900     900     1300    600     800     2200    1800    600     400     1100    700     
	576    1870 2000    2000    1300    2000    1400    900     1900    1200    1900    600     1000    900     500     800     400     1300    600     500     1100    
	576    1871 1600    1600    1300    1600    1400    1200    1500    800     1600    1400    500     1000    400     800     1200    1100    1300    1500    800     
	576    1872 2200    1300    2200    1300    1300    2200    1100    1100    800     900     800     800     1300    1000    2200    900     800     1100    400     
	576    1873 2200    2200    1400    2200    1700    700     2000    1000    1200    1700    1100    700     600     700     400     1400    700     1900    1100    
	576    1874 1900    1300    1700    1300    1200    1700    1900    900     900     700     1200    700     700     1700    1400    900     1400    1000    1800    
	576    1875 3300    3000    2400    2600    2400    1400    1300    1500    2500    1200    2400    1000    800     1000    800     900     900     1000    1800    
	576    1876 -999999 -999999 -999999 -999999 -999999 -999999 -999999 -999999 -999999 -999999 -999999 -999999 -999999 -999999 -999999 -999999 -999999 -999999 -999999 
	576    1877 -999999 -999999 -999999 -999999 -999999 -999999 -999999 -999999 -999999 -999999 -999999 -999999 -999999 -999999 -999999 -999999 -999999 -999999 -999999 
	576    1878 -999999 -999999 -999999 -999999 -999999 -999999 -999999 -999999 -999999 -999999 -999999 -999999 -999999 -999999 -999999 -999999 -999999 -999999 -999999 
	576    1879 -999999 -999999 -999999 -999999 -999999 -999999 -999999 -999999 -999999 -999999 -999999 -999999 -999999 -999999 -999999 -999999 -999999 -999999 -999999 
	576    1880 -999999 -999999 -999999 -999999 -999999 -999999 -999999 -999999 -999999 -999999 -999999 -999999 -999999 -999999 -999999 -999999 -999999 -999999 -999999 
	576    1881 -999999 -999999 -999999 -999999 -999999 -999999 -999999 -999999 -999999 -999999 -999999 -999999 -999999 -999999 -999999 -999999 -999999 -999999 -999999 
	576    1882 -999999 -999999 -999999 -999999 -999999 -999999 -999999 -999999 -999999 -999999 -999999 -999999 -999999 -999999 -999999 -999999 -999999 -999999 -999999 
	576    1883 -999999 -999999 -999999 -999999 -999999 -999999 -999999 -999999 -999999 -999999 -999999 -999999 -999999 -999999 -999999 -999999 -999999 -999999 -999999 
	576    1884 -999999 -999999 -999999 -999999 -999999 -999999 -999999 -999999 -999999 -999999 -999999 -999999 -999999 -999999 -999999 -999999 -999999 -999999 -999999 
	576    1885 -999999 -999999 -999999 -999999 -999999 -999999 -999999 -999999 -999999 -999999 -999999 -999999 -999999 -999999 -999999 -999999 -999999 -999999 -999999 
	576    1886 -999999 -999999 -999999 -999999 -999999 -999999 -999999 -999999 -999999 -999999 -999999 -999999 -999999 -999999 -999999 -999999 -999999 -999999 -999999 
	576    1887 -999999 -999999 -999999 -999999 -999999 -999999 -999999 -999999 -999999 -999999 -999999 -999999 -999999 -999999 -999999 -999999 -999999 -999999 -999999 
	576    1888 -999999 -999999 1900    -999999 1300    900     1900    -999999 1100    300     600     1300    300     300     900     1900    1300    900     1300    
	576    1889 1800    1100    1800    1100    600     1800    1400    1000    800     600     500     400     1800    600     400     1100    700     1400    900     
	576    1890 2700    2700    1400    2700    1300    700     1400    400     2600    900     600     1000    500     700     600     1400    700     600     2100    
	576    1891 3100    3100    1200    2500    1200    1200    1300    700     2500    1200    400     500     1200    600     500     1000    600     800     1000    
	576    1892 2900    2900    1600    1500    1900    1500    800     700     1500    1400    1600    900     600     1000    1500    500     800     700     1700    
	576    1893 5100    1500    3600    1200    5100    1800    900     1200    500     1500    3000    900     1800    700     1200    600     800     900     800     
	576    1894 2900    2000    1500    1400    2800    1500    1600    1400    600     2000    800     800     1000    500     400     1200    400     1600    1300    
	576    1895 1900    1900    1800    1900    1200    1100    1900    1000    1300    800     900     1200    1100    800     1000    1800    500     600     1200    
	576    1896 1700    1600    1700    1600    1700    800     1500    1200    1600    700     1000    1700    600     800     400     300     300     1500    500     
	576    1897 3200    1500    1100    1500    600     1100    3200    1500    800     600     600     600     700     1100    500     900     1900    1300    1700    
	576    1898 2100    1000    1800    900     1100    1300    1700    900     400     1000    1100    500     1300    800     1200    1700    1000    800     700     
	576    1899 2400    1900    2400    1100    1600    2100    1500    800     1100    1600    400     700     1900    1800    1400    300     1200    1500    1900    
	576    1900 1500    1500    1400    1100    1400    1000    1400    400     1000    1400    1200    1300    400     1000    800     1400    700     500     500     
	576    1901 1900    1900    1800    1900    1800    1200    1500    1800    1000    1000    1100    1800    1200    1000    1000    1300    800     900     500     
	576    1902 1900    1900    1000    1900    700     1000    1100    1200    1900    700     700     600     1000    700     300     600     600     1100    1200    
	576    1903 1600    1100    1600    1100    1600    1600    800     1100    1100    1100    400     1600    1300    900     500     800     700     700     2200    
	576    1904 2800    1800    2500    1800    2500    2000    1900    1700    700     1100    2400    1700    900     2000    900     700     1400    1100    1300    
	576    1905 2000    2000    1000    2000    1000    800     700     1400    700     500     1000    1000    600     800     300     700     400     600     800     
	576    1906 2900    1200    1700    500     2900    1000    1300    400     500     1200    1700    600     1000    700     800     1200    900     500     900     
	576    1907 1600    1300    1600    1300    1000    1600    1500    1300    1000    800     1000    600     400     1600    500     1500    400     1100    800     
	576    1908 2700    1300    1900    1300    700     1900    2700    900     600     700     300     500     900     1500    500     1800    1400    1000    1700    
	576    1909 2300    1200    1800    1200    1200    1800    700     1200    1100    400     1000    1200    1800    600     600     700     600     700     800     
	576    1910 1900    1300    900     900     1900    900     800     800     400     1300    600     700     900     900     700     800     800     400     300     
	576    1911 3900    2500    3900    2500    1500    2700    1200    1900    600     800     1500    1500    700     1500    2700    1200    700     500     300     
	576    1912 1800    900     1800    900     1800    1500    1200    900     500     300     1200    800     300     1500    300     1200    1200    700     400     
	576    1913 1800    1800    1600    1800    600     1600    1000    900     1800    300     500     600     500     500     1600    800     700     500     600     
	576    1914 1500    1500    1400    1500    1000    900     1200    1500    1000    500     900     800     900     600     700     1000    700     1000    400     
	576    1915 1900    700     1900    500     1100    1300    1900    500     400     600     800     1100    1300    700     700     1900    1300    600     400     
	576    1916 1700    700     1700    700     800     1700    1200    400     500     600     800     600     800     900     1300    1000    500     900     600     
	576    1917 -999999 -999999 -999999 1700    -999999 700     1200    1100    1600    -999999 -999999 800     600     700     600     1100    300     400     800     
	576    1918 1600    1600    1500    1300    1600    1200    600     800     700     1600    700     700     800     700     1100    100     500     600     400     
	576    1919 -999999 1000    -999999 1000    2000    -999999 1800    700     1000    900     900     2000    1300    -999999 -999999 1800    900     400     800     
	576    1920 2800    1100    1500    1100    1100    1500    2800    600     1100    1100    300     400     1500    400     700     800     1600    1500    1600    
	576    1921 2900    1500    2100    1300    1400    2100    2200    500     1300    1400    1200    1200    800     2100    600     1700    900     2200    1100    
	576    1922 2700    1800    2700    900     2600    700     2300    400     900     1600    900     2600    700     500     700     300     2300    1900    800     
	576    1923 2900    1600    2100    1300    2900    1900    1000    1000    1300    1600    2100    500     500     1400    1300    1000    200     700     500     
	576    1924 -999999 1700    -999999 900     1700    -999999 -999999 700     700     1700    800     500     1000    -999999 -999999 -999999 -999999 -999999 -999999 
	576    1925 -999999 -999999 -999999 -999999 -999999 -999999 -999999 -999999 -999999 -999999 -999999 -999999 -999999 -999999 -999999 -999999 -999999 -999999 -999999 
	576    1926 -999999 -999999 -999999 -999999 -999999 -999999 -999999 -999999 -999999 -999999 -999999 -999999 -999999 -999999 -999999 -999999 -999999 -999999 -999999 
	576    1927 -999999 -999999 -999999 -999999 -999999 -999999 -999999 -999999 -999999 -999999 -999999 -999999 -999999 -999999 -999999 -999999 -999999 -999999 -999999 
	576    1928 -999999 -999999 -999999 -999999 -999999 -999999 -999999 -999999 -999999 -999999 -999999 -999999 -999999 -999999 -999999 -999999 -999999 -999999 -999999 
	576    1929 -999999 -999999 -999999 -999999 -999999 -999999 -999999 -999999 -999999 -999999 -999999 -999999 -999999 -999999 -999999 -999999 -999999 -999999 -999999 
	576    1930 -999999 -999999 -999999 -999999 -999999 -999999 -999999 -999999 -999999 -999999 -999999 -999999 -999999 -999999 -999999 -999999 -999999 -999999 -999999 
	576    1931 -999999 -999999 -999999 -999999 -999999 -999999 -999999 -999999 -999999 -999999 -999999 -999999 -999999 -999999 -999999 -999999 -999999 -999999 -999999 
	576    1932 -999999 -999999 -999999 -999999 -999999 -999999 -999999 -999999 -999999 -999999 -999999 -999999 -999999 -999999 -999999 -999999 -999999 -999999 -999999 
	576    1933 -999999 -999999 -999999 -999999 -999999 -999999 -999999 -999999 -999999 -999999 -999999 -999999 -999999 -999999 -999999 -999999 -999999 -999999 -999999 
	576    1934 -999999 -999999 -999999 -999999 -999999 -999999 -999999 -999999 -999999 -999999 -999999 -999999 -999999 -999999 -999999 -999999 -999999 -999999 -999999 
	576    1935 -999999 -999999 -999999 -999999 -999999 -999999 -999999 -999999 -999999 -999999 -999999 -999999 -999999 -999999 -999999 -999999 -999999 -999999 -999999 
	576    1936 -999999 -999999 -999999 -999999 -999999 -999999 -999999 -999999 -999999 -999999 -999999 -999999 -999999 -999999 -999999 -999999 -999999 -999999 -999999 
	576    1937 -999999 -999999 -999999 -999999 -999999 -999999 -999999 -999999 -999999 -999999 -999999 -999999 -999999 -999999 -999999 -999999 -999999 -999999 -999999 
	576    1938 -999999 -999999 -999999 -999999 -999999 -999999 -999999 -999999 -999999 -999999 -999999 -999999 -999999 -999999 -999999 -999999 -999999 -999999 -999999 
	576    1939 -999999 -999999 -999999 -999999 -999999 -999999 -999999 -999999 -999999 -999999 -999999 -999999 -999999 -999999 -999999 -999999 -999999 -999999 -999999 
	576    1940 -999999 -999999 -999999 -999999 -999999 -999999 -999999 -999999 -999999 -999999 -999999 -999999 -999999 -999999 -999999 -999999 -999999 -999999 -999999 
	576    1941 -999999 -999999 -999999 -999999 -999999 -999999 -999999 -999999 -999999 -999999 -999999 -999999 -999999 -999999 -999999 -999999 -999999 -999999 -999999 
	576    1942 -999999 -999999 -999999 -999999 -999999 -999999 -999999 -999999 -999999 -999999 -999999 -999999 -999999 -999999 -999999 -999999 -999999 -999999 -999999 
	576    1943 -999999 -999999 -999999 -999999 -999999 -999999 -999999 -999999 -999999 -999999 -999999 -999999 -999999 -999999 -999999 -999999 -999999 -999999 -999999 
	576    1944 -999999 -999999 -999999 -999999 -999999 -999999 -999999 -999999 -999999 -999999 -999999 -999999 -999999 -999999 -999999 -999999 -999999 -999999 -999999 
	576    1945 -999999 -999999 -999999 -999999 -999999 -999999 -999999 -999999 -999999 -999999 -999999 -999999 -999999 -999999 -999999 -999999 -999999 -999999 -999999 
	576    1946 -999999 -999999 -999999 -999999 -999999 -999999 -999999 -999999 -999999 -999999 -999999 -999999 -999999 -999999 -999999 -999999 -999999 -999999 -999999 
	576    1947 -999999 -999999 -999999 -999999 -999999 -999999 -999999 -999999 -999999 -999999 -999999 -999999 -999999 -999999 -999999 -999999 -999999 -999999 -999999 
	576    1948 -999999 -999999 -999999 -999999 -999999 -999999 -999999 -999999 -999999 -999999 -999999 -999999 -999999 -999999 -999999 -999999 -999999 -999999 -999999 
	576    1949 -999999 -999999 -999999 -999999 -999999 -999999 -999999 -999999 -999999 -999999 -999999 -999999 -999999 -999999 -999999 -999999 -999999 -999999 -999999 
	576    1950 -999999 -999999 -999999 -999999 -999999 -999999 -999999 -999999 -999999 -999999 -999999 -999999 -999999 -999999 -999999 -999999 -999999 -999999 -999999 
	576    1951 2300    -999999 1300    -999999 1100    1100    2300    400     500     900     1000    1100    800     900     700     700     1500    500     1300    
	576    1952 2200    2200    1500    1900    1500    1100    900     500     1900    1000    1100    1500    800     1000    1100    800     600     900     700     
	576    1953 3800    3800    1400    2000    2700    1400    2500    2000    1100    2700    1100    1200    1000    600     1400    700     2500    1100    900     
	576    1954 1700    1700    1400    1700    1500    800     700     1000    700     1500    1400    1400    500     700     700     300     700     600     600     
	576    1955 1500    1300    1400    1000    1200    1400    800     900     1000    800     1200    400     900     1300    1000    800     700     800     500     
	576    1956 1900    1300    1900    1300    1900    500     1300    500     1300    1200    1100    800     400     500     400     1300    900     800     1100    
	576    1957 1500    800     1500    600     1500    1100    1000    500     400     600     1100    800     700     500     700     300     600     1000    600     
	576    1958 1600    1300    1100    800     1300    1000    1600    500     300     1300    500     400     1000    800     600     700     1000    1600    700     
	576    1959 3900    2100    3900    2100    2400    1900    2000    600     2000    400     800     2400    1600    1400    1900    2000    1000    800     800     
	576    1960 1300    900     1300    900     1300    800     800     200     900     900     600     1100    800     500     500     800     300     400     600     
	576    1961 1900    1900    1200    1200    1900    800     1200    500     1200    1900    700     900     700     700     800     1200    900     500     700     
	576    1962 2200    1800    1800    1100    1400    1400    2200    600     1100    800     900     500     1400    400     300     400     2200    800     700     
	576    1963 1900    1900    1400    1400    1000    1000    1400    1100    1100    800     800     600     700     1000    500     1400    900     800     1300    
	576    1964 1800    1800    1500    1300    1200    1100    1000    1300    600     1200    800     1100    500     900     1100    700     700     900     500     
	576    1965 1500    1500    1400    1000    1400    1400    1500    500     1000    1300    500     1400    800     600     700     1100    1500    700     300     
	576    1966 1600    1000    1600    1000    1400    1000    1500    1000    600     600     700     1400    1000    400     800     1500    800     300     100     
	576    1967 1400    1100    1400    1100    1200    1400    1000    1100    900     700     800     400     1400    800     1200    800     500     1000    400     
	576    1968 2200    1200    1100    800     1000    800     1900    400     800     700     1000    900     600     700     800     600     1000    1900    1500    
	576    1969 2400    1100    2100    900     1100    2100    2400    900     700     1100    1000    700     1800    2000    900     1600    2200    300     600     
	576    1970 2500    1300    2500    600     1200    2300    1400    600     400     400     300     1200    2300    500     800     1400    1200    700     1400    
	576    1971 2300    1000    2300    1000    2000    2100    2200    1000    900     500     1500    800     600     2000    800     2200    1100    600     900     
	576    1972 3100    1700    2000    1700    1500    1200    3100    900     800     1500    900     400     500     700     1200    1200    1900    500     2100    
	576    1973 4000    2300    1800    2300    2100    1700    1700    1900    700     2100    400     400     1700    500     1200    1700    900     1000    600     
	576    1974 2100    1100    1400    600     2100    1400    800     500     600     1100    1300    900     800     600     1400    800     400     400     600     
	576    1975 1900    1100    1900    1100    1800    900     1900    600     1100    300     900     1800    600     600     900     400     1900    800     1100    
	576    1976 2300    1500    2300    1500    1900    2300    700     500     1500    1100    1700    900     1700    1100    2300    600     700     500     400     
	576    1977 2000    1000    2000    600     1000    1400    2000    400     500     600     700     1000    800     1000    1100    2000    1100    600     1400    
	576    1978 1800    1500    1800    1400    1700    1200    1400    1000    1400    300     900     1700    700     900     1200    1000    1400    1000    800     
	576    1979 1400    900     1400    700     600     1200    1400    600     700     500     600     500     700     800     700     1400    1300    700     400     
	576    1980 2100    1300    2100    1300    2100    1200    800     1300    700     1200    1000    2100    600     800     1200    800     400     500     400     
	576    1981 2600    1700    2100    1700    2600    1800    700     400     1700    500     2100    500     1100    600     1800    700     200     600     700     
	576    1982 2000    1600    2000    1600    2000    1100    1900    1600    1500    900     2000    1000    300     1100    500     1900    800     600     900     
	576    1983 1900    1900    1700    1900    1300    1700    1800    400     1900    1300    400     200     1300    1700    1500    600     600     1400    600     
	576    1984 2200    2100    2200    2100    2200    1700    700     500     2100    1300    1900    800     700     1100    1700    200     700     700     700     
	576    1985 2000    2000    1300    2000    1100    800     1800    500     2000    800     1100    1000    400     800     400     800     1800    600     300     
	576    1986 3200    2600    1500    2300    1100    1300    3200    400     2300    1100    600     500     700     1300    700     1500    1700    400     400     
	576    1987 1800    1300    1800    1300    1300    1800    1300    1300    500     1300    900     700     500     1300    700     600     500     1000    1400    
	576    1988 2500    1000    2500    1000    1300    2500    1100    1000    600     300     1300    800     2500    400     700     600     1100    900     700     
	576    1989 2100    1700    2100    1700    1900    1600    1200    1400    800     700     500     1900    1600    1300    1400    900     700     1200    1100    
	576    1990 2700    900     2700    900     1600    2700    900     800     600     900     600     1600    900     2200    900     600     900     600     800     
	576    1991 2500    1700    2300    1700    1600    1700    1400    1100    1100    1100    1000    1600    400     700     1000    1400    1200    1000    1500    
	576    1992 1600    1300    1600    1300    1200    1300    1600    1200    600     500     800     1200    900     700     600     1600    700     400     1100    
	576    1993 1700    1700    1500    1700    1600    800     1600    500     1500    1600    800     700     700     500     600     500     1000    1500    300     
	576    1994 1600    1000    1400    1000    900     1400    1600    500     1000    400     900     500     900     1000    900     400     1600    800     600     
	576    1995 2900    1200    2900    500     1600    2900    1100    500     300     600     800     1500    1300    1000    2500    1000    1100    1100    1600    
	576    1996 2900    2900    2100    2900    2100    1200    1000    2100    800     1600    2000    1200    800     1200    700     1000    600     400     1400    
	576    1997 2000    1700    2000    1700    1900    2000    1600    1700    300     1200    1900    1000    600     600     2000    1600    1100    400     700     
	576    1998 1700    1300    1700    1300    1700    1600    1200    800     1300    1200    300     1700    300     600     1600    1200    400     700     300     
	576    1999 1600    900     1600    600     900     1200    1000    300     400     900     400     700     600     900     1100    700     1000    300     200     
	576    2000 1400    800     1400    800     1000    1400    900     800     400     400     900     600     600     600     1400    900     400     300     800     
	576    2001 1600    1000    1600    1000    1300    1600    1000    1000    400     500     300     1300    900     900     1600    300     1000    700     1100    
	576    2002 2300    1100    1300    1100    2300    1000    1000    1000    500     1000    1300    600     700     1000    800     1000    400     600     1000    
	576    2003 2200    2100    2200    2100    2200    1800    1300    600     2100    2000    2200    700     1300    1200    1600    900     1300    1100    1000    
	576    2004 2200    1000    2200    1000    2200    1100    1200    400     600     800     1200    2200    700     600     500     1200    700     400     1500    
	576    2005 1700    900     1500    800     1000    1500    1700    500     800     900     400     1000    1100    1500    600     800     1700    400     500     
	576    2006 1600    1500    1600    1500    1400    1500    1600    1100    500     1300    900     1400    1300    1500    400     1600    700     600     900     
	576    2007 4500    1000    3500    1000    4500    900     1000    300     700     1000    3000    500     700     400     800     600     1000    500     1800    
	576    2008 1700    1700    1300    1700    1300    900     1000    500     1700    400     600     1300    600     500     900     1000    700     400     1100    
	576    2009 2000    1000    1900    1000    1000    1900    2000    800     500     800     900     700     1400    500     700     1600    500     400     600     
	576    2010 2100    1300    2100    1300    2100    1200    800     1300    1100    900     2100    900     1100    800     400     500     800     800     1100    
	576    2011 2800    1300    1600    800     1600    500     2800    700     700     1200    1600    700     300     400     400     1300    600     2800    300     
	576    2012 1700    1400    1700    800     1600    1700    1000    500     800     1400    300     1000    500     700     1700    1000    800     600     300     
	576    2013 2300    1100    2300    800     1900    2300    1300    500     800     1100    900     700     1100    2300    700     1100    500     800     500     
	576    2014 1800    1600    1800    400     1600    1600    1700    400     400     1600    800     500     1600    700     500     1700    500     600     400     
	576    2015 2000    2000    1500    1400    2000    1500    1100    400     1400    2000    1200    800     1100    700     800     600     700     400     800     
	576    2016 1300    1300    1200    600     1300    800     1100    600     400     1300    700     1200    800     700     800     1000    1100    900     700     
	576    2017 1400    1300    1400    1300    1000    1400    1000    1300    800     800     1000    700     1400    500     900     800     1000    500     400     
	576    2018 5500    1500    5500    1400    2100    5500    1400    400     1400    500     700     2100    2800    2700    600     1300    1400    1200    600     
	576    2019 1700    1700    1600    1700    1500    1600    1000    400     1700    1400    1500    1500    1100    700     800     1000    500     700     500     
	576    2020 3600    1900    2200    800     3600    700     1800    800     400     1900    1700    2200    700     700     700     1800    800     800     400     
	576    2021 1600    1000    1600    600     1600    1200    1500    400     600     700     1600    500     1200    800     600     1500    600     700     1000    
	576    2022 3300    3300    2000    700     2900    1900    800     700     400     2900    1100    1500    900     1900    1300    400     800     800     900     
	576    2023 3800    1100    3800    1100    1900    1900    1000    600     1100    500     700     1900    1900    1000    1200    900     700     500     600     
	576    2024 1300    800     1300    700     800     800     1300    700     200     800     500     700     800     600     700     1300    800     1000    700     
	576    2025 2900    2500    2900    1200    2900    2700    1200    1200    900     2400    1100    2300    1400    700     2700    1000    1000    800     1300    
	576    2026 -999999 1300    -999999 1300    -999999 -999999 -999999 1300    300     900     1200    -999999 -999999 -999999 -999999 -999999 -999999 -999999 -999999 
	