EUROPEAN CLIMATE ASSESSMENT & DATASET (ECA&D), file created on: 17-05-2026
THESE DATA CAN BE USED FOR NON-COMMERCIAL RESEARCH AND EDUCATION PROVIDED THAT THE FOLLOWING SOURCE IS ACKNOWLEDGED: 

Klein Tank, A.M.G. and Coauthors, 2002. Daily dataset of 20th-century surface
air temperature and precipitation series for the European Climate Assessment.
Int. J. of Climatol., 22, 1441-1453.
Data and metadata available at http://www.ecad.eu

FILE FORMAT (MISSING VALUE CODE = -999999):

THIS FILE HOLDS DATA FOR STATION NETHERLANDS                              KAMPEN                                   (STAID:  20545)
LATITUDE: dd:mm:ss +52:34:41
LONGITUDE: ddd:mm:ss +005:51:29
ELEVATION: m -100

DATA IS FOR INDEX Maximum no of consecutive dry days (RR < 1 mm) (CDD) with unit 0.01 No of days

01-06 SOUID: Source identifier
08-11 YEAR : YYYY
13-20 ANNUAL DATA VALUES
21-28 WINTER HALF YEAR DATA VALUES
29-36 SUMMER HALF YEAR DATA VALUES
37-44 WINTER (DJF) DATA VALUES
45-52 SPRING (MAM) DATA VALUES
53-60 SUMMER (JJA) DATA VALUES
61-68 AUTUMN (SON) DATA VALUES
69-76 JANUARY DATA VALUES
etc. 
157-164 DECEMBER DATA VALUES

20545  1880 -999999 -999999 3300    -999999 3000    2900    900     -999999 -999999 2600    700     2000    500     500     2900    800     700     600     200     
	20545  1881 1700    1000    1300    900     1700    1300    900     900     900     800     1100    1300    500     1300    700     700     600     900     600     
	20545  1882 2100    2100    1300    2100    1500    800     900     2100    700     1500    1200    800     500     600     700     900     900     700     800     
	20545  1883 4300    1200    3700    1200    4300    1200    1100    1200    700     1200    3000    700     600     300     1200    1100    900     300     900     
	20545  1884 1800    1100    1800    1100    1400    1800    1300    700     900     800     1400    1200    1400    400     1200    1200    600     1300    1100    
	20545  1885 3000    1300    2600    1300    3000    1500    1100    1300    900     1000    2600    500     900     1100    900     400     300     1100    700     
	20545  1886 4700    4700    1900    2800    1900    1400    1900    800     2800    1900    1000    1000    700     700     700     1900    1100    600     600     
	20545  1887 2600    2400    2600    2200    2100    2600    1100    1800    1800    2100    1500    600     2200    1000    900     1100    700     1000    1200    
	20545  1888 2500    2300    2500    2200    2500    700     1500    1300    2200    700     700     2500    700     400     500     1200    1500    1300    1500    
	20545  1889 3900    1800    3900    1800    1100    3600    1400    1700    700     600     1000    1000    3000    600     400     500     800     1400    900     
	20545  1890 2400    2400    1800    2400    1800    1200    1200    400     2300    1200    600     1800    400     700     900     700     1200    800     3100    
	20545  1891 3900    2800    1200    2500    1300    1200    1700    900     2500    1300    900     500     1200    400     300     1100    600     800     1100    
	20545  1892 3300    3300    1500    2200    1800    1100    1200    700     2200    1100    1500    1100    500     1100    1000    900     500     1200    1600    
	20545  1893 4400    2700    3000    2700    4400    1600    1100    2100    400     1400    3000    1200    1600    1000    1300    500     700     1100    600     
	20545  1894 3400    2000    1800    1500    3400    1800    1200    1400    1100    2000    1400    800     1000    800     800     1200    400     1000    600     
	20545  1895 2900    2900    1800    2900    1400    1000    1900    1300    2200    900     1400    1200    1000    800     800     1800    400     700     1400    
	20545  1896 2000    1400    2000    1400    2000    1200    1500    1100    1400    700     1000    1700    1000    1200    500     400     500     1500    1400    
	20545  1897 2500    2300    1400    2300    1100    1400    2500    2000    1000    900     900     1100    600     1400    700     1200    1200    1300    1700    
	20545  1898 2100    1100    1400    1100    1300    1400    1400    1100    400     1100    1200    600     1100    900     1400    1400    1100    1000    700     
	20545  1899 3200    1700    3200    1300    1700    3200    1300    600     1300    1700    900     500     1900    1200    2700    600     1300    1300    2000    
	20545  1900 1800    1500    1800    1200    1500    1800    1400    400     1000    1300    1500    1200    500     1800    1100    800     500     1200    600     
	20545  1901 2600    1800    2600    1800    1800    2600    1500    1800    1100    700     1100    1800    1200    2600    1000    1300    1000    800     500     
	20545  1902 2200    1500    1300    1500    900     1300    2200    900     1500    700     800     900     1300    600     500     1200    1000    1000    1200    
	20545  1903 2200    1100    2200    1100    1300    1500    900     1100    700     900     500     1300    1100    400     500     900     600     800     2200    
	20545  1904 -999999 1100    -999999 1100    1000    -999999 -999999 1100    800     600     700     1000    1500    -999999 -999999 -999999 -999999 -999999 -999999 
	20545  1905 -999999 -999999 -999999 -999999 -999999 -999999 -999999 -999999 -999999 -999999 -999999 -999999 -999999 -999999 -999999 -999999 -999999 -999999 -999999 
	20545  1906 -999999 -999999 -999999 -999999 -999999 -999999 -999999 -999999 -999999 -999999 -999999 -999999 -999999 -999999 -999999 -999999 -999999 -999999 800     
	20545  1907 2400    -999999 2400    1000    1400    1200    2400    1000    700     900     1000    600     200     1200    400     2400    800     1100    800     
	20545  1908 2300    1300    1900    1300    900     1900    2300    900     1100    900     500     600     1200    1000    400     800     2100    900     1300    
	20545  1909 2700    2700    1200    1400    1300    1200    1200    1200    1400    1300    1100    1000    700     600     1200    300     700     900     900     
	20545  1910 2500    1300    1500    800     2500    1100    1800    800     400     1300    1200    1200    900     400     1100    1500    1700    500     1000    
	20545  1911 2300    2300    1800    2300    1500    1800    700     1900    1000    900     1500    1000    400     1400    1800    700     500     600     600     
	20545  1912 -999999 800     -999999 800     -999999 -999999 -999999 800     600     -999999 -999999 -999999 -999999 -999999 -999999 -999999 -999999 -999999 -999999 
	20545  1913 -999999 -999999 -999999 -999999 -999999 -999999 -999999 -999999 -999999 -999999 -999999 -999999 -999999 -999999 -999999 -999999 -999999 -999999 -999999 
	20545  1914 -999999 -999999 -999999 -999999 -999999 -999999 -999999 -999999 -999999 -999999 -999999 -999999 -999999 -999999 -999999 -999999 -999999 -999999 -999999 
	20545  1915 -999999 -999999 -999999 -999999 -999999 -999999 -999999 -999999 -999999 -999999 -999999 -999999 -999999 -999999 -999999 -999999 -999999 -999999 -999999 
	20545  1916 -999999 -999999 -999999 -999999 -999999 -999999 -999999 -999999 -999999 -999999 -999999 -999999 -999999 -999999 -999999 -999999 -999999 -999999 -999999 
	20545  1917 -999999 -999999 -999999 -999999 -999999 -999999 -999999 -999999 -999999 -999999 -999999 -999999 -999999 -999999 -999999 -999999 -999999 -999999 -999999 
	20545  1918 -999999 -999999 -999999 -999999 -999999 -999999 -999999 -999999 -999999 -999999 -999999 -999999 -999999 -999999 -999999 -999999 -999999 -999999 -999999 
	20545  1919 -999999 -999999 -999999 -999999 -999999 -999999 -999999 -999999 -999999 -999999 -999999 -999999 -999999 -999999 -999999 -999999 -999999 -999999 -999999 
	20545  1920 -999999 -999999 -999999 -999999 -999999 -999999 -999999 -999999 -999999 -999999 -999999 -999999 -999999 -999999 -999999 -999999 -999999 -999999 -999999 
	20545  1921 -999999 -999999 -999999 -999999 -999999 -999999 -999999 -999999 -999999 -999999 -999999 -999999 -999999 -999999 -999999 -999999 -999999 -999999 -999999 
	20545  1922 -999999 -999999 -999999 -999999 -999999 -999999 -999999 -999999 -999999 -999999 -999999 -999999 -999999 -999999 -999999 -999999 -999999 -999999 -999999 
	20545  1923 -999999 -999999 -999999 -999999 -999999 -999999 -999999 -999999 -999999 -999999 -999999 -999999 -999999 -999999 -999999 -999999 -999999 -999999 -999999 
	20545  1924 -999999 -999999 -999999 -999999 -999999 -999999 -999999 -999999 -999999 -999999 -999999 -999999 -999999 -999999 -999999 -999999 -999999 -999999 -999999 
	20545  1925 -999999 -999999 -999999 -999999 -999999 -999999 -999999 -999999 -999999 -999999 -999999 -999999 -999999 -999999 -999999 -999999 -999999 -999999 -999999 
	20545  1926 -999999 -999999 -999999 -999999 -999999 -999999 -999999 -999999 -999999 -999999 -999999 -999999 -999999 -999999 -999999 -999999 -999999 -999999 -999999 
	20545  1927 -999999 -999999 -999999 -999999 -999999 -999999 -999999 -999999 -999999 -999999 -999999 -999999 -999999 -999999 -999999 -999999 -999999 -999999 -999999 
	20545  1928 -999999 -999999 -999999 -999999 -999999 -999999 -999999 -999999 -999999 -999999 -999999 -999999 -999999 -999999 -999999 -999999 -999999 -999999 -999999 
	20545  1929 -999999 -999999 -999999 -999999 -999999 -999999 -999999 -999999 -999999 -999999 -999999 -999999 -999999 -999999 -999999 -999999 -999999 -999999 -999999 
	20545  1930 -999999 -999999 -999999 -999999 -999999 -999999 -999999 -999999 -999999 -999999 -999999 -999999 -999999 -999999 -999999 -999999 -999999 -999999 -999999 
	20545  1931 -999999 -999999 -999999 -999999 -999999 -999999 -999999 -999999 -999999 -999999 -999999 -999999 -999999 -999999 -999999 -999999 -999999 -999999 -999999 
	20545  1932 -999999 -999999 -999999 -999999 -999999 -999999 -999999 -999999 -999999 -999999 -999999 -999999 -999999 -999999 -999999 -999999 -999999 -999999 -999999 
	20545  1933 -999999 -999999 -999999 -999999 -999999 -999999 -999999 -999999 -999999 -999999 -999999 -999999 -999999 -999999 -999999 -999999 -999999 -999999 -999999 
	20545  1934 -999999 -999999 -999999 -999999 -999999 -999999 -999999 -999999 -999999 -999999 -999999 -999999 -999999 -999999 -999999 -999999 -999999 -999999 -999999 
	20545  1935 -999999 -999999 -999999 -999999 -999999 -999999 -999999 -999999 -999999 -999999 -999999 -999999 -999999 -999999 -999999 -999999 -999999 -999999 -999999 
	20545  1936 -999999 -999999 -999999 -999999 -999999 -999999 -999999 -999999 -999999 -999999 -999999 -999999 -999999 -999999 -999999 -999999 -999999 -999999 -999999 
	20545  1937 -999999 -999999 -999999 -999999 -999999 -999999 -999999 -999999 -999999 -999999 -999999 -999999 -999999 -999999 -999999 -999999 -999999 -999999 -999999 
	20545  1938 -999999 -999999 1800    -999999 1400    1800    1400    -999999 -999999 1300    1400    700     1800    700     500     1400    1200    700     1200    
	20545  1939 2400    1300    2400    1300    1400    2000    800     500     800     300     600     1400    1000    600     2000    500     400     300     1800    
	20545  1940 1600    1500    1300    1500    900     1100    900     1500    700     400     700     900     1100    200     700     700     900     500     500     
	20545  1941 2300    1200    1900    1100    1300    1900    2300    1100    400     1200    1000    1300    1600    700     400     1500    800     1300    700     
	20545  1942 3000    2100    3000    1800    3000    1200    900     1500    1800    1100    2000    1000    1200    500     700     900     500     600     800     
	20545  1943 2100    2000    2100    1300    1200    2100    1300    700     1300    1000    1200    1200    900     1900    600     1200    1300    900     1600    
	20545  1944 1900    1900    1800    1900    1200    1800    800     500     1900    1000    1000    800     800     1300    1800    800     800     300     1100    
	20545  1945 -999999 -999999 -999999 -999999 -999999 1300    1800    -999999 -999999 -999999 -999999 1100    700     1300    700     1800    600     1300    600     
	20545  1946 1900    1500    1900    1500    1900    900     1400    1500    400     1100    1700    1200    500     900     600     700     1400    400     1200    
	20545  1947 -999999 1200    2900    1200    1900    2400    1900    1200    700     800     1900    1200    1600    900     2400    900     800     1100    -999999 
	20545  1948 -999999 -999999 1400    -999999 1500    1400    1200    -999999 -999999 1500    1100    1100    900     1400    1000    700     1000    1200    1100    
	20545  1949 2900    1400    2300    800     1500    2300    2900    800     600     1400    800     600     2000    1100    1200    1100    1800    600     600     
	20545  1950 1900    1900    1600    1900    900     1300    1000    1900    400     800     400     900     1300    600     600     300     1000    300     1900    
	