EUROPEAN CLIMATE ASSESSMENT & DATASET (ECA&D), file created on: 17-05-2026
THESE DATA CAN BE USED FOR NON-COMMERCIAL RESEARCH AND EDUCATION PROVIDED THAT THE FOLLOWING SOURCE IS ACKNOWLEDGED: 

Klein Tank, A.M.G. and Coauthors, 2002. Daily dataset of 20th-century surface
air temperature and precipitation series for the European Climate Assessment.
Int. J. of Climatol., 22, 1441-1453.
Data and metadata available at http://www.ecad.eu

FILE FORMAT (MISSING VALUE CODE = -999999):

THIS FILE HOLDS DATA FOR STATION NETHERLANDS                              TWENTHE-1                                (STAID:    561)
LATITUDE: dd:mm:ss +52:16:00
LONGITUDE: ddd:mm:ss +006:54:00
ELEVATION: m   35

DATA IS FOR INDEX Maximum no of consecutive dry days (RR < 1 mm) (CDD) with unit 0.01 No of days

01-06 SOUID: Source identifier
08-11 YEAR : YYYY
13-20 ANNUAL DATA VALUES
21-28 WINTER HALF YEAR DATA VALUES
29-36 SUMMER HALF YEAR DATA VALUES
37-44 WINTER (DJF) DATA VALUES
45-52 SPRING (MAM) DATA VALUES
53-60 SUMMER (JJA) DATA VALUES
61-68 AUTUMN (SON) DATA VALUES
69-76 JANUARY DATA VALUES
etc. 
157-164 DECEMBER DATA VALUES

561    1941 2700    -999999 2700    -999999 2700    2500    2400    1100    700     1200    1000    1700    2200    800     400     1600    800     1300    600     
	561    1942 3000    1800    3000    1600    3000    900     1300    1600    1500    1200    2000    1000    700     600     900     1300    700     800     1300    
	561    1943 3400    3400    2000    1600    1800    2000    1300    700     1600    1800    900     1400    500     1900    500     500     900     500     800     
	561    1944 1900    900     1900    700     1400    1900    1300    700     500     900     1400    700     600     400     1900    1300    600     300     1700    
	561    1945 -999999 -999999 -999999 -999999 -999999 -999999 -999999 -999999 -999999 -999999 -999999 -999999 -999999 -999999 -999999 -999999 -999999 -999999 -999999 
	561    1946 -999999 -999999 -999999 -999999 -999999 -999999 -999999 -999999 -999999 -999999 -999999 -999999 -999999 -999999 -999999 -999999 -999999 -999999 -999999 
	561    1947 2400    -999999 1600    -999999 1200    1600    900     1000    1300    700     1200    1000    700     1500    1600    700     800     400     500     
	561    1948 2100    2100    1200    1500    1200    1100    1100    300     1500    1200    800     1200    900     1000    600     600     700     1100    1100    
	561    1949 2100    1700    2100    1700    1500    2100    1800    1000    1100    1300    900     1400    1700    600     700     800     1000    600     400     
	561    1950 1600    1300    1600    1300    1000    1300    1000    1300    400     800     600     1000    1300    400     500     400     1000    400     1600    
	561    1951 2200    2200    1200    2200    1100    800     2200    1000    1200    900     1000    1100    800     700     700     800     2000    300     700     
	561    1952 2000    1000    2000    800     2000    1000    1100    500     800     1000    2000    1300    500     1000    400     1100    600     700     700     
	561    1953 2300    2000    1600    1100    1700    1600    1500    800     1100    1700    1400    900     1100    300     1600    700     1100    1500    900     
	561    1954 1700    1700    1300    1700    1700    600     900     1100    600     1700    1100    1300    600     400     300     600     900     600     600     
	561    1955 1300    1200    1200    900     1200    1200    800     900     800     900     1200    300     900     1200    900     800     700     800     600     
	561    1956 1400    1200    1300    1200    1400    500     1300    600     700     1200    1200    800     500     300     400     1300    800     900     500     
	561    1957 1400    800     1100    600     1400    1000    600     600     300     700     1100    800     600     700     800     400     500     600     600     
	561    1958 1400    1400    1000    600     1400    800     1200    500     600     1400    700     500     800     700     500     500     800     1200    500     
	561    1959 2700    2700    2300    2700    2300    1700    2700    700     2000    700     1000    2300    1000    1700    600     2000    1800    1700    800     
	561    1960 2100    2100    1300    500     2100    900     900     400     500     2100    600     1100    900     300     200     900     300     400     600     
	561    1961 1300    1000    1000    1000    900     700     1300    700     1000    900     700     900     700     500     600     1000    800     1300    800     
	561    1962 2600    1100    1200    1100    1200    700     2600    400     1100    800     1200    400     700     500     500     800     2500    900     700     
	561    1963 2100    2000    1200    1500    800     1100    1100    1500    1200    800     500     800     400     1100    400     1100    900     600     1600    
	561    1964 3000    3000    1600    1400    1800    1200    1000    1400    1200    1800    700     1000    500     900     1200    700     800     900     600     
	561    1965 3200    800     1800    700     800     1000    3200    500     700     700     400     600     800     200     700     1800    1400    700     400     
	561    1966 1600    1100    1600    1100    700     1100    1500    1100    600     700     500     600     1100    300     800     1500    800     500     300     
	561    1967 1100    800     1100    800     800     1100    1000    800     800     700     800     400     800     500     1100    600     600     1000    400     
	561    1968 2500    1200    2500    800     2500    700     1000    600     800     400     2500    600     600     600     700     700     1000    1000    1900    
	561    1969 2000    1700    1800    1100    1200    1600    2000    900     800     1200    1000    600     1600    1200    600     1500    2000    300     1000    
	561    1970 2400    1300    2400    1100    800     2300    1200    1100    400     800     500     800     2300    300     900     1200    1200    800     700     
	561    1971 2100    700     2100    700     1900    2100    2100    700     400     400     1500    1200    900     2000    500     2100    1100    600     800     
	561    1972 2200    2000    1500    1800    1500    1200    2200    600     1800    1500    900     600     500     1200    1100    700     1800    600     1800    
	561    1973 2500    1800    2500    1000    1800    2500    1600    1000    600     1800    700     600     2500    1000    2100    1600    900     700     400     
	561    1974 3300    1100    2200    900     3300    900     500     400     900     1100    2200    600     900     700     900     400     300     400     400     
	561    1975 2100    1100    2100    1100    1400    2100    2100    800     1100    600     700     1400    800     700     1500    600     2100    800     1100    
	561    1976 2500    1500    2500    1500    2500    2200    1200    500     1500    1100    2300    800     1700    1200    1400    600     1000    1200    500     
	561    1977 2300    1000    2000    600     1100    1500    2300    500     300     600     400     1100    800     1500    600     2000    2300    500     1200    
	561    1978 1500    1500    1100    1400    1000    1100    1500    1100    1400    500     900     800     1100    900     1100    500     1500    1000    800     
	561    1979 1400    1000    1000    1000    1000    1000    1400    1000    700     300     1000    800     700     600     400     1000    1100    800     400     
	561    1980 2900    1500    2900    1400    2900    1200    1100    1400    1400    700     800     2800    600     1000    400     700     600     600     500     
	561    1981 1900    1300    1900    1300    1100    1500    1100    1200    800     600     1100    700     500     700     900     1000    300     500     600     
	561    1982 2200    1500    2200    1400    2000    2200    1900    1400    1300    1500    1600    900     1000    2200    800     1900    800     600     400     
	561    1983 2700    1900    2700    1900    1300    2500    2100    400     1900    1300    700     300     900     2200    2500    900     800     1700    800     
	561    1984 2200    2100    1300    1100    1300    1200    2200    200     1100    1300    1300    900     700     1200    1100    400     700     1600    700     
	561    1985 2800    2800    1200    2800    900     500     1400    900     2800    400     800     900     300     500     400     800     1300    500     500     
	561    1986 2300    2000    2300    2000    1400    2300    2100    400     1700    1400    700     500     1300    600     1800    1500    600     600     700     
	561    1987 2000    1500    2000    1500    2000    1800    900     1500    700     1200    1000    1000    300     1500    400     500     600     800     1500    
	561    1988 1400    1100    1400    1100    1400    1100    800     1100    600     200     1100    1400    1100    300     800     600     800     800     800     
	561    1989 2000    1300    2000    1300    1800    1200    1200    1000    700     700     500     1800    1200    1200    900     900     700     1200    1100    
	561    1990 2200    1100    1700    1000    1600    1700    2200    1000    600     800     500     1600    900     1700    1000    600     2200    600     900     
	561    1991 2800    2100    2800    2100    1600    1400    1400    1100    1000    1300    1300    1600    400     1400    1400    1400    1300    1100    1600    
	561    1992 2300    1300    2300    1300    1900    2300    1600    1200    600     500     1200    1900    1900    1400    900     1200    700     400     1100    
	561    1993 1800    1800    1100    1800    1500    1100    1700    400     1500    1500    800     700     1100    400     600     500     1100    1600    200     
	561    1994 1600    1300    1400    1300    1400    1100    1600    400     1300    400     1400    500     1100    1100    800     500     1600    600     500     
	561    1995 2800    1200    2600    500     1300    2600    1100    500     500     500     700     700     1300    900     2200    700     1100    1100    1700    
	561    1996 1600    1600    1300    1500    1600    1200    1000    1500    500     1600    1300    1300    900     1000    1000    900     1000    600     1200    
	561    1997 2400    2400    1900    2400    1900    1900    2200    2200    300     1200    1900    1100    600     700     1900    1700    1700    1200    600     
	561    1998 1600    900     1600    800     1600    1600    1000    800     800     600     300     1600    200     1200    1600    800     400     1000    300     
	561    1999 2500    800     2500    600     800     1200    1400    600     500     800     400     700     1000    900     1100    1400    1100    500     300     
	561    2000 1400    1300    1400    1300    800     1400    600     1300    300     800     600     800     600     400     1400    600     600     400     600     
	561    2001 1300    1300    1000    1300    1000    700     1100    1300    400     400     300     1000    500     700     700     300     1100    400     1300    
	561    2002 2300    1100    1300    1100    2300    900     1100    1000    600     1000    1300    500     500     700     900     1100    600     800     700     
	561    2003 2300    2300    2200    2300    2000    2200    1400    600     2300    2000    1900    700     1000    1200    2100    1000    1400    1000    1000    
	561    2004 2000    1300    2000    1300    2000    1000    1300    400     1300    1100    1400    2000    600     400     900     1000    1300    400     1400    
	561    2005 2000    1300    2000    700     800     1100    1800    600     600     400     600     800     1100    1100    600     1400    1800    400     600     
	561    2006 1800    1300    1800    1100    1300    1400    1800    1000    500     1300    700     1100    1300    1400    500     1800    600     600     1000    
	561    2007 3600    1000    3500    1000    3600    800     1300    400     700     800     3000    500     800     300     800     600     1300    900     1800    
	561    2008 1700    1700    1500    1700    1500    700     1000    300     1700    200     900     1300    600     500     700     1000    700     600     1000    
	561    2009 1400    1400    1300    1400    900     1100    1300    800     600     700     900     800     700     300     1100    1300    500     200     600     
	561    2010 1200    600     1100    600     1100    1000    1200    600     500     500     1100    800     1000    600     400     500     1200    800     600     
	561    2011 3400    1600    1500    700     1600    1000    3400    600     700     1600    1500    1100    400     1000    300     1200    1200    2200    300     
	561    2012 2100    1700    1300    1700    2100    800     1100    500     1200    1400    700     600     600     700     800     900     1100    800     300     
	561    2013 2100    1000    2100    600     1100    2100    1300    500     600     1000    800     600     1100    2100    1000    1100    500     900     500     
	561    2014 1400    1400    1200    500     1400    900     1200    500     500     1400    600     700     800     900     400     1200    400     500     600     
	561    2015 1500    1500    1200    900     1500    700     1300    400     900     1500    1200    800     700     300     500     600     900     400     800     
	561    2016 1800    1300    1300    500     1300    900     1500    300     500     1300    600     1200    900     700     700     1300    1500    900     900     
	561    2017 1300    1300    1200    1300    1100    1200    700     1300    800     1100    1000    700     1200    400     1000    500     700     400     800     
	561    2018 1600    1200    1400    1200    1100    1400    1600    500     1200    400     900     1100    700     1300    800     700     1600    800     600     
	561    2019 1900    900     1900    900     1000    1900    700     700     900     600     1000    900     1000    1100    900     500     500     700     700     
	561    2020 2000    1600    2000    700     2000    1200    1300    700     400     1600    1700    2000    900     900     1200    1300    800     800     400     
	561    2021 1300    1000    1300    600     900     1300    1100    400     600     700     900     400     1300    800     800     1100    600     700     800     
	561    2022 2700    1500    2700    700     2700    1500    800     700     300     1200    1700    1000    600     900     1500    500     800     700     1000    
	561    2023 2800    1200    2800    1200    1000    1900    1000    600     1200    500     700     1000    1900    300     600     1000    300     300     400     
	561    2024 1200    900     1200    600     1100    1000    1200    600     500     900     500     1100    700     400     1000    1200    500     800     700     
	561    2025 4500    3300    2500    1300    4300    2500    800     1200    1300    3100    1200    1900    1100    600     2500    500     400     800     1200    
	561    2026 -999999 1000    -999999 700     -999999 -999999 -999999 700     500     900     1900    -999999 -999999 -999999 -999999 -999999 -999999 -999999 -999999 
	