EUROPEAN CLIMATE ASSESSMENT & DATASET (ECA&D), file created on: 17-05-2026
THESE DATA CAN BE USED FOR NON-COMMERCIAL RESEARCH AND EDUCATION PROVIDED THAT THE FOLLOWING SOURCE IS ACKNOWLEDGED: 

Klein Tank, A.M.G. and Coauthors, 2002. Daily dataset of 20th-century surface
air temperature and precipitation series for the European Climate Assessment.
Int. J. of Climatol., 22, 1441-1453.
Data and metadata available at http://www.ecad.eu

FILE FORMAT (MISSING VALUE CODE = -999999):

THIS FILE HOLDS DATA FOR STATION NETHERLANDS                              VENRAY                                   (STAID:   2538)
LATITUDE: dd:mm:ss +51:31:00
LONGITUDE: ddd:mm:ss +006:00:00
ELEVATION: m   22

DATA IS FOR INDEX Maximum no of consecutive dry days (RR < 1 mm) (CDD) with unit 0.01 No of days

01-06 SOUID: Source identifier
08-11 YEAR : YYYY
13-20 ANNUAL DATA VALUES
21-28 WINTER HALF YEAR DATA VALUES
29-36 SUMMER HALF YEAR DATA VALUES
37-44 WINTER (DJF) DATA VALUES
45-52 SPRING (MAM) DATA VALUES
53-60 SUMMER (JJA) DATA VALUES
61-68 AUTUMN (SON) DATA VALUES
69-76 JANUARY DATA VALUES
etc. 
157-164 DECEMBER DATA VALUES

2538   1950 -999999 -999999 -999999 -999999 -999999 -999999 -999999 -999999 -999999 -999999 -999999 -999999 -999999 -999999 -999999 -999999 -999999 -999999 -999999 
	2538   1951 2200    -999999 1000    -999999 1000    900     2200    900     400     900     1000    500     900     700     700     700     1900    300     700     
	2538   1952 1900    1000    1900    900     1900    900     900     500     900     1000    1300    1900    800     900     900     900     600     600     400     
	2538   1953 3600    1700    1400    800     1400    1200    2800    800     700     1400    1200    1300    500     300     1200    700     1600    2800    900     
	2538   1954 2900    1800    2900    1700    2900    700     700     1000    700     1800    1100    1800    600     700     500     500     700     600     600     
	2538   1955 1500    1200    1400    900     1200    1400    900     900     800     800     1200    500     900     1300    1100    800     700     900     500     
	2538   1956 1500    1200    1500    800     1500    800     1200    500     800     1200    1500    800     800     300     600     1200    900     1000    600     
	2538   1957 2100    900     2100    600     2100    1300    1500    500     300     600     1800    800     700     700     700     300     1500    800     900     
	2538   1958 2400    1400    1200    800     1300    900     1700    600     400     1300    600     600     900     700     700     900     800     1700    700     
	2538   1959 3000    2100    3000    2100    1100    1900    2700    600     2000    400     900     1100    1200    1900    1000    2000    1800    800     800     
	2538   1960 1500    900     1500    700     1500    900     900     400     700     900     700     1200    900     500     600     900     300     400     500     
	2538   1961 2000    1700    2000    1100    1700    700     2000    500     1100    1700    700     1000    700     700     700     2000    900     900     1500    
	2538   1962 2200    1600    1300    1200    1100    1000    2200    500     1200    1100    600     500     1000    400     700     700     2200    600     700     
	2538   1963 3300    3300    1800    3300    900     1800    1300    2700    1600    800     600     900     400     1800    400     1100    1300    500     1300    
	2538   1964 1800    1800    1500    1300    1500    1200    1000    1300    600     1200    800     1500    500     1200    1200    800     800     900     500     
	2538   1965 1400    1400    1400    1200    1200    1400    1400    400     1200    1200    400     700     800     600     700     1100    1400    800     400     
	2538   1966 1600    1100    1600    1000    1100    1100    1600    1000    500     900     600     1100    1100    400     800     1600    800     400     400     
	2538   1967 1200    1000    1200    900     1000    1200    1000    900     900     1000    900     400     1000    500     1200    900     600     1000    400     
	2538   1968 2400    1100    2400    700     2400    1000    1600    500     700     400     2400    500     600     800     500     600     1200    1600    1500    
	2538   1969 3400    1700    1800    1000    1100    1100    3400    1000    800     1100    1000    700     1100    700     900     1600    2100    400     700     
	2538   1970 2200    1300    2200    700     1200    2100    1200    700     300     800     400     1200    2100    500     800     1200    1200    900     1000    
	2538   1971 2100    1700    2100    1700    2000    2000    2100    1400    700     500     1500    1100    500     1900    1000    2100    1200    500     800     
	2538   1972 2000    1900    1500    1800    1500    900     2000    1000    1700    1500    1500    700     400     900     900     1000    1900    700     1800    
	2538   1973 3100    1800    1300    1700    1800    1300    1100    1300    600     1800    500     600     1000    1000    1300    800     800     800     600     
	2538   1974 2600    1000    2300    1000    2600    1400    700     500     1000    700     2300    700     800     1100    1400    500     400     400     400     
	2538   1975 1900    1200    1900    1200    1800    1000    1400    900     1200    300     900     1800    1000    600     900     900     1400    800     700     
	2538   1976 2200    1500    2200    1500    1900    2200    1200    500     1500    1100    1700    800     1700    1100    2200    1200    800     1200    500     
	2538   1977 2700    900     2700    600     1100    1600    2700    400     600     600     700     1100    800     1600    800     2700    2000    500     900     
	2538   1978 1900    1900    1900    1900    1500    1100    1500    1100    1900    500     900     1500    700     1100    1000    1000    1500    1000    700     
	2538   1979 1400    700     1300    700     600     1300    1400    700     500     200     600     500     600     700     500     1100    1400    700     400     
	2538   1980 1600    1600    1600    1400    1600    800     700     1200    1400    700     900     1600    800     700     700     700     400     500     400     
	2538   1981 1700    1300    1700    1300    1100    1700    900     1200    900     500     800     500     1100    500     1700    800     200     500     600     
	2538   1982 1900    1600    1900    1600    1600    1100    1900    1600    1500    800     1600    800     500     1100    700     1900    800     600     1000    
	2538   1983 2600    1900    1600    1900    1300    1600    2600    400     1900    1300    800     200     1100    1600    1400    600     1200    1400    700     
	2538   1984 2300    1300    2300    1100    1400    2000    800     400     1100    1300    1400    700     700     900     2000    300     700     800     700     
	2538   1985 2200    2000    1300    2000    1000    1100    2200    800     2000    500     1000    1000    500     800     1100    800     2200    600     600     
	2538   1986 3200    2600    1500    2300    1400    1400    3200    400     2300    1400    600     500     700     900     1400    1500    1700    600     700     
	2538   1987 1700    1200    1700    1100    1700    900     800     800     500     1200    1700    700     300     600     700     700     700     800     900     
	2538   1988 1600    1100    1600    1100    1600    900     900     1100    400     300     800     1600    900     700     800     600     700     900     700     
	2538   1989 2100    1700    2100    1700    1900    1400    1200    1400    800     700     400     1900    1100    1200    1400    900     700     1200    1100    
	2538   1990 2000    1200    1800    1200    1600    1800    1900    1200    600     900     700     1600    800     1800    1000    700     1900    900     800     
	2538   1991 2900    1800    2900    1800    1600    1400    1500    1100    800     1300    700     1600    500     500     1400    1500    1200    1000    1500    
	2538   1992 1700    1700    1500    1300    1100    1500    1000    1200    1300    500     900     1100    1100    900     600     1000    800     300     1100    
	2538   1993 2300    2300    900     900     2100    800     1600    400     900     2100    900     600     800     400     600     400     500     1600    200     
	2538   1994 2200    1100    2200    1100    1400    2200    1700    600     1100    400     1400    500     800     1800    600     600     1700    600     600     
	2538   1995 2400    1200    2400    600     1200    2400    1200    600     300     500     800     700     1300    1100    1800    1200    1100    700     1600    
	2538   1996 1900    1900    1900    1900    1900    1300    1100    1900    800     1600    1900    700     1000    1300    800     1100    800     600     1200    
	2538   1997 2900    1800    2400    1800    1900    2000    2900    1800    500     1200    1900    900     600     600     2000    2400    1100    600     600     
	2538   1998 1800    1400    1800    1400    1800    1700    1100    1200    1400    1200    300     1800    600     1000    1700    1100    400     700     300     
	2538   1999 2500    900     2500    600     1300    1200    1400    400     500     900     900     700     1200    900     1100    1400    1100    400     300     
	2538   2000 1700    1400    1700    1400    600     1700    800     1400    300     400     600     500     1400    800     1500    800     500     300     800     
	2538   2001 1300    900     1300    900     1300    800     1000    900     500     300     300     1300    800     500     800     100     1000    700     1300    
	2538   2002 2400    1100    1600    1100    2400    800     1000    1000    500     1100    1300    600     700     500     800     1000    700     900     1300    
	2538   2003 2200    2100    2200    2100    2200    1800    1300    600     2100    2000    2200    700     700     1600    1600    1100    1300    1200    1000    
	2538   2004 1400    1300    1400    1300    1200    1400    900     400     1300    600     700     1200    600     500     900     900     700     600     1400    
	2538   2005 2200    1100    2200    1100    900     2200    1600    500     600     900     500     700     2200    1100    600     1400    1600    600     1000    
	2538   2006 1900    1400    1900    1400    1400    1900    1400    1000    600     1300    1300    1400    1200    1900    300     1400    900     500     1000    
	2538   2007 3600    700     3500    700     3600    900     1300    300     600     700     3000    500     800     300     900     600     1300    400     1000    
	2538   2008 1700    1700    1300    1700    1300    1300    1000    500     1700    500     700     1300    1300    400     800     1000    700     700     1100    
	2538   2009 1600    1000    1600    1000    1000    1600    800     800     600     1000    800     800     1400    300     700     800     700     500     900     
	2538   2010 2300    1300    2300    1300    2000    2300    1200    1300    700     900     2000    600     2100    600     400     500     1200    500     700     
	2538   2011 1800    1300    1500    800     1500    700     1800    600     800     1200    1500    900     400     500     300     1200    1200    1800    300     
	2538   2012 2700    2400    2500    1000    2700    2500    1100    500     1000    2400    500     700     600     800     2200    900     1100    700     400     
	2538   2013 1900    1100    1900    600     1900    1900    1300    600     600     1100    800     600     1200    1900    600     1100    500     500     500     
	2538   2014 1800    1800    1700    500     1700    1600    1700    500     500     1700    1600    900     1600    600     300     1700    400     600     600     
	2538   2015 2000    1800    2000    1800    2000    1200    1100    500     1800    1600    2000    800     800     400     600     700     700     400     400     
	2538   2016 1800    1700    1500    700     1700    1100    1300    700     600     1700    600     1500    300     1100    800     1300    800     900     900     
	2538   2017 1400    1400    1400    1400    1000    1400    1100    1400    800     1000    1000    800     1400    600     900     800     1100    500     300     
	2538   2018 2500    1400    2500    1300    1100    2500    2400    400     1300    400     700     1100    1600    1500    700     700     2400    1400    600     
	2538   2019 1500    900     1500    900     1500    1500    1000    400     900     600     1500    800     1000    600     700     1000    500     400     500     
	2538   2020 2200    1100    2000    400     2200    1200    1800    300     400     1100    1500    2000    600     800     1200    1800    800     1000    400     
	2538   2021 -999999 -999999 -999999 -999999 1100    -999999 1200    -999999 700     700     1100    400     1300    -999999 500     1200    600     600     1000    
	2538   2022 3300    3300    1900    900     3000    1900    1100    900     400     3000    1700    800     900     1900    1400    500     1100    700     900     
	2538   2023 3900    1100    3900    1100    2000    1900    900     700     1100    500     700     2000    1900    300     400     900     700     300     500     
	2538   2024 1200    -999999 1200    -999999 900     800     1200    800     -999999 900     600     800     800     600     400     1200    400     900     400     
	2538   2025 2800    2200    2800    1100    2800    2200    1200    1100    900     2100    1100    2200    1000    700     2200    1000    1200    800     1300    
	2538   2026 -999999 -999999 -999999 1300    -999999 -999999 -999999 1300    400     -999999 -999999 -999999 -999999 -999999 -999999 -999999 -999999 -999999 -999999 
	