EUROPEAN CLIMATE ASSESSMENT & DATASET (ECA&D), file created on: 17-05-2026
THESE DATA CAN BE USED FOR NON-COMMERCIAL RESEARCH AND EDUCATION PROVIDED THAT THE FOLLOWING SOURCE IS ACKNOWLEDGED: 

Klein Tank, A.M.G. and Coauthors, 2002. Daily dataset of 20th-century surface
air temperature and precipitation series for the European Climate Assessment.
Int. J. of Climatol., 22, 1441-1453.
Data and metadata available at http://www.ecad.eu

FILE FORMAT (MISSING VALUE CODE = -999999):

THIS FILE HOLDS DATA FOR STATION NETHERLANDS                              CALLANTSOOG                              (STAID:   2382)
LATITUDE: dd:mm:ss +52:51:00
LONGITUDE: ddd:mm:ss +004:42:00
ELEVATION: m    1

DATA IS FOR INDEX Maximum no of consecutive dry days (RR < 1 mm) (CDD) with unit 0.01 No of days

01-06 SOUID: Source identifier
08-11 YEAR : YYYY
13-20 ANNUAL DATA VALUES
21-28 WINTER HALF YEAR DATA VALUES
29-36 SUMMER HALF YEAR DATA VALUES
37-44 WINTER (DJF) DATA VALUES
45-52 SPRING (MAM) DATA VALUES
53-60 SUMMER (JJA) DATA VALUES
61-68 AUTUMN (SON) DATA VALUES
69-76 JANUARY DATA VALUES
etc. 
157-164 DECEMBER DATA VALUES

2382   1850 -999999 -999999 -999999 -999999 -999999 -999999 -999999 -999999 -999999 -999999 -999999 -999999 -999999 -999999 -999999 -999999 -999999 -999999 -999999 
	2382   1851 1400    -999999 1400    -999999 700     1400    1400    500     800     700     400     600     800     500     1100    1400    1000    400     1400    
	2382   1852 2900    2000    2700    600     2900    1800    1100    300     600     2000    2700    900     700     1600    300     700     1100    300     700     
	2382   1853 2400    2400    1900    1800    1900    1400    1900    900     1800    1700    400     1900    1200    600     1400    1300    1200    1100    2400    
	2382   1854 3600    1600    2000    900     3600    2000    1000    800     400     1600    2000    1400    1000    2000    700     800     600     500     300     
	2382   1855 2300    1000    2300    1000    2300    1500    1400    1000    900     500     1700    1500    1200    500     700     1400    400     1200    1000    
	2382   1856 3300    3300    1400    1700    1600    1300    3000    500     1700    1600    1300    900     1000    800     500     1400    2400    600     400     
	2382   1857 2100    2000    1900    1800    1900    1700    1500    1300    1800    700     700     1900    1700    1300    1200    1300    1100    1500    1600    
	2382   1858 2900    2900    1700    2500    1500    1500    1800    900     2500    1500    1200    600     1500    800     1300    900     500     1800    1200    
	2382   1859 2800    1200    2800    800     1000    2800    1000    600     600     600     1000    900     1100    1700    1200    300     900     1000    700     
	2382   1860 2500    900     2000    900     1200    2000    2500    900     800     900     700     800     700     1700    300     500     1300    1200    400     
	2382   1861 3500    1500    1600    1500    1500    1600    3500    1500    600     700     1500    600     1600    600     600     600     2900    200     1400    
	2382   1862 1800    1400    1800    1300    1200    1800    1300    1300    1100    500     800     700     500     1800    1000    1300    900     800     800     
	2382   1863 2000    1200    2000    1200    1100    2000    1100    400     1200    800     1000    900     600     1600    1100    500     600     1100    400     
	2382   1864 2700    1700    2700    1700    2700    1700    1600    1500    1200    1300    2700    2500    600     1700    1100    700     900     700     1900    
	2382   1865 3000    900     2800    800     2800    2600    3000    400     800     500     2600    800     2600    700     800     2200    800     400     800     
	2382   1866 1700    800     1700    600     1700    1700    1000    500     400     400     800     1700    800     1700    500     600     900     400     1000    
	2382   1867 1000    700     1000    700     700     1000    1000    400     700     700     400     700     900     700     800     600     700     1000    600     
	2382   1868 2500    800     2500    500     1400    1900    1600    200     500     800     600     1200    1900    1700    900     1600    500     700     400     
	2382   1869 2200    1000    2200    1000    1200    2200    1100    900     1000    600     1100    700     1000    1200    1100    1100    500     500     800     
	2382   1870 2600    2600    2000    2600    1500    2000    2300    800     1800    800     1000    1500    600     2000    300     1700    600     900     900     
	2382   1871 2200    1700    2200    1700    1400    2200    1700    600     1700    1400    600     1300    500     500     1700    1300    1100    1000    300     
	2382   1872 1700    1000    1700    700     1300    1300    1400    400     700     900     1200    1300    800     900     1300    900     1400    400     800     
	2382   1873 1900    1200    1400    1000    1600    1200    1900    1000    1000    1200    1400    500     1000    700     600     1400    500     1900    1100    
	2382   1874 2800    1500    2800    1500    1900    2800    1300    800     700     700     1900    900     1000    2600    1500    1000    1100    700     400     
	2382   1875 2100    1700    2100    1300    1400    1000    900     700     1300    1000    1200    1200    900     1000    900     800     700     500     600     
	2382   1876 2600    1200    2600    1200    1100    2600    1500    1100    300     300     800     1100    1000    2600    1800    500     1500    500     500     
	2382   1877 1400    600     1400    600     1400    1000    900     600     100     300     1400    1000    1000    500     300     900     400     400     500     
	2382   1878 1800    1100    1800    1100    1800    1600    800     200     1100    500     1000    900     1200    1600    600     600     800     500     400     
	2382   1879 1800    1800    1200    1800    1300    1200    700     1600    400     1300    500     1100    500     900     400     700     700     700     1400    
	2382   1880 2200    1900    2200    1800    1900    2200    2200    1300    600     1900    1700    900     1000    600     2200    2200    500     400     600     
	2382   1881 1700    1000    1000    1000    1700    1000    900     800     1000    1000    1000    900     500     700     700     800     800     800     500     
	2382   1882 1900    1900    1300    1900    1700    700     600     1900    1200    1700    1100    1300    400     400     700     600     600     200     500     
	2382   1883 2300    1200    2100    1200    2300    1200    1000    1200    900     600     2100    1100    1200    600     1000    1000    800     200     1000    
	2382   1884 2500    1000    2500    900     1300    2500    1200    800     900     1000    900     1100    1400    400     2300    1200    900     800     800     
	2382   1885 2200    1300    2200    1200    2200    2100    1000    1200    500     1300    2200    400     900     1200    900     300     200     1000    1400    
	2382   1886 1800    1700    1800    1700    1200    1400    1200    400     1700    800     900     1000    900     600     1400    1200    800     400     300     
	2382   1887 3500    1800    3500    1700    2100    3200    1300    1200    1700    900     2000    500     3000    1400    1000    700     600     1300    400     
	2382   1888 1300    700     1300    700     1300    1000    1300    700     600     500     600     1300    800     400     1000    1300    1300    900     1100    
	2382   1889 2700    1800    2700    1800    1100    2700    1300    1600    400     500     1100    600     2000    700     500     800     700     1300    800     
	2382   1890 2600    2600    1600    2600    1100    800     1600    300     2500    700     900     1000    700     800     800     1600    700     400     1600    
	2382   1891 2100    1600    2100    1400    1000    2100    1800    900     1400    800     1000    700     1500    800     300     800     1000    800     1000    
	2382   1892 1800    1000    1400    700     1800    1400    1000    700     700     1000    1400    1200    1200    1100    1400    1000    400     700     700     
	2382   1893 4400    1400    3100    900     4400    2000    600     900     400     1400    3000    1500    2000    800     1900    600     500     600     500     
	2382   1894 3200    1900    1300    1300    3200    1100    900     1300    600     1900    1300    800     1000    300     400     900     500     800     400     
	2382   1895 1900    1000    1900    1000    1900    1100    1700    300     1000    800     1900    1300    1100    900     800     1700    400     600     700     
	2382   1896 2000    1500    2000    1500    2000    1300    1000    1100    1500    700     1000    1900    700     1300    400     300     200     1000    600     
	2382   1897 3900    1200    3900    1200    1000    3900    2500    1200    500     900     700     1000    800     3100    700     1000    1200    1300    1500    
	2382   1898 2000    2000    1900    1900    2000    1300    1700    1900    400     2000    1000    600     800     800     1300    1700    1000    1000    700     
	2382   1899 2500    2100    2500    1300    800     2300    1800    700     1300    800     400     600     2000    1600    1400    400     1200    1800    600     
	2382   1900 2000    1900    2000    900     2000    1900    900     500     600     1400    1400    900     600     1900    600     900     300     500     800     
	2382   1901 2300    1900    2300    1900    1400    2300    1500    1900    800     700     1100    1400    1000    2300    1400    900     800     900     300     
	2382   1902 2200    1500    1200    1500    800     1200    2200    500     1500    700     700     500     1200    800     400     1100    1100    1000    1200    
	2382   1903 1400    900     1400    900     900     1400    800     900     700     900     500     900     1000    500     300     800     300     500     1000    
	2382   1904 2700    1500    2700    1000    2300    2700    1700    1000    700     1500    2300    1100    900     2300    1100    1600    700     800     800     
	2382   1905 1600    1200    1600    1200    1600    1600    800     1200    600     600     800     1600    800     1600    1400    800     100     600     1100    
	2382   1906 2300    800     1900    800     2300    1900    1200    500     400     700     1800    900     1300    1100    800     1100    300     600     800     
	2382   1907 2400    1100    2400    1000    1700    1100    2400    1000    1000    1100    1000    600     400     1100    500     2400    400     1100    700     
	2382   1908 2400    1300    2400    1300    900     2400    2300    900     1100    800     900     800     1200    1300    1100    900     2000    500     1100    
	2382   1909 2000    2000    1300    1200    1100    1300    700     1200    1100    900     1100    1000    500     400     1300    700     400     700     600     
	2382   1910 2600    1200    1400    1000    2600    1000    1000    1000    500     1200    1400    900     900     1000    900     800     1000    500     400     
	2382   1911 2000    1200    2000    1200    1600    1300    600     1000    800     700     1100    1600    700     1300    900     400     600     300     400     
	2382   1912 2000    1100    2000    1100    2000    1400    1300    1100    700     500     1800    400     400     1400    200     1300    900     400     400     
	2382   1913 2600    2400    2600    2400    1000    1700    1200    1200    2400    1000    800     700     1000    800     1700    900     600     400     700     
	2382   1914 2200    1900    2200    1900    2000    2200    1100    1900    700     400     1600    1000    1000    800     2200    900     1100    600     400     
	2382   1915 2200    1100    2100    700     1400    1300    2200    700     500     700     1300    1000    1300    500     700     2100    2200    600     200     
	2382   1916 3100    1200    3100    1200    1400    3100    1000    1000    300     1200    1100    700     800     1700    1400    1000    800     1000    500     
	2382   1917 2100    2100    2000    1700    1500    1800    1400    1300    1000    1100    700     1300    1800    1200    500     1000    400     1000    400     
	2382   1918 1400    1400    1400    1400    1400    1300    800     900     700     1400    600     900     900     800     1000    200     500     800     300     
	2382   1919 2200    1200    2200    1200    2200    2200    1900    700     1200    900     1000    2200    700     900     1600    1900    900     500     400     
	2382   1920 2900    1300    1300    1300    1100    1300    2900    800     1300    1100    500     1000    1300    500     800     1300    1500    1400    1100    
	2382   1921 3200    1500    3200    1300    1800    3200    2100    400     1200    800     1300    1800    1000    2300    800     1600    1500    2100    1000    
	2382   1922 2600    1800    2600    1200    1600    2100    1800    700     1200    1600    800     1300    2100    600     300     700     800     1800    800     
	2382   1923 3200    1600    3200    800     1600    3200    900     800     700     1600    1200    900     900     2300    1300    900     300     500     500     
	2382   1924 1900    1900    1300    1200    1900    1300    1400    700     1200    1900    1200    600     1000    700     800     600     1000    1400    1900    
	2382   1925 1800    1000    1800    1000    1400    1800    1000    1000    600     500     1100    1400    1800    1000    1000    700     800     700     400     
	2382   1926 2100    900     2100    900     1200    2100    900     700     900     800     900     500     1600    1200    600     800     900     500     900     
	2382   1927 1800    1400    1700    1400    1700    800     1100    300     1400    1100    800     1300    400     800     500     800     1100    500     1300    
	2382   1928 1800    1800    1700    1100    1500    1700    1100    300     1100    700     1000    800     800     1700    600     1100    700     400     500     
	2382   1929 2200    2200    2000    2200    1800    1400    800     1400    2200    1600    1000    1800    600     1400    800     800     700     500     900     
	2382   1930 2200    2200    1400    1700    1400    1000    700     1700    1500    1000    900     1100    1000    400     700     600     700     300     800     
	2382   1931 1600    1600    1000    600     1600    1000    1200    400     600     1600    400     800     500     500     700     600     1200    1200    500     
	2382   1932 2700    2500    2700    2200    1600    2700    900     1400    2000    1600    700     600     2700    500     1600    400     300     900     1100    
	2382   1933 2500    1100    2500    1100    1700    1100    1300    1000    1000    1000    900     1700    800     1100    700     1300    700     1100    1200    
	2382   1934 2100    1700    2100    1700    1500    1400    1500    700     1700    800     700     1400    1100    1300    800     800     400     1500    700     
	2382   1935 2000    1600    2000    400     1800    2000    700     400     400     1600    500     1300    400     1700    900     700     600     500     600     
	2382   1936 2700    2700    1600    1100    2700    1300    1100    600     1100    2700    700     1000    800     400     1300    1100    600     1000    800     
	2382   1937 1800    600     1800    500     1400    1800    800     500     200     400     900     1200    700     700     1300    600     800     700     400     
	2382   1938 2300    2300    2300    1200    2300    1200    1400    500     1200    2300    1400    1500    1200    700     700     600     600     1400    900     
	2382   1939 2500    1300    2500    1300    1500    2000    800     400     900     400     700     1500    1000    700     2000    500     500     800     1500    
	2382   1940 2100    900     2100    800     2100    1200    1200    700     600     900     600     2100    1200    500     800     1200    700     400     600     
	2382   1941 1700    1500    1700    1500    1100    1700    1500    1200    600     1100    1000    800     1400    1300    300     1500    800     500     800     
	2382   1942 3100    1400    3100    1400    3100    1200    600     1400    1000    1300    2000    1100    1200    400     600     600     300     600     800     
	2382   1943 3100    3100    1900    1200    1900    1900    1600    700     1200    1900    1400    1100    900     1700    600     700     1600    600     800     
	2382   1944 2000    1900    2000    1800    1700    2000    500     500     1800    1000    1300    800     700     1800    2000    500     400     200     700     
	2382   1945 1300    900     1200    500     900     1200    1300    500     500     900     800     800     500     1200    500     1100    1100    1300    500     
	2382   1946 1700    1400    1700    1400    1700    900     1400    1400    400     1200    1700    1600    400     900     700     700     1400    700     600     
	2382   1947 3100    1800    3100    1800    1300    2400    1700    1600    700     500     1100    1300    900     1700    2400    700     1600    500     1200    
	2382   1948 2100    2100    1500    1400    1100    1500    1100    100     1400    1000    700     1100    600     1300    500     700     700     1100    1100    
	2382   1949 2300    1000    2300    1000    1200    2300    1400    600     1000    1000    900     700     1900    1300    1300    1200    900     600     500     
	2382   1950 1500    1200    1500    1200    1000    1300    900     1200    400     800     500     1000    1300    500     500     200     900     100     1400    
	2382   1951 2400    1400    1600    500     1100    1400    2400    500     400     1000    1100    500     1100    1400    400     900     2000    400     900     
	2382   1952 1500    1000    1500    1000    1500    1100    600     600     1000    1000    1200    1500    800     800     1100    500     600     600     3100    
	2382   1953 6700    4200    1600    3200    2700    1600    1600    3000    1500    2700    1100    1500    700     1000    1400    600     800     1600    1400    
	2382   1954 2800    1800    2800    1800    2800    700     500     1200    600     1200    2700    1800    500     400     700     500     500     500     600     
	2382   1955 2200    1200    2200    800     2200    1400    800     800     800     800     2200    1200    800     1300    800     800     700     600     500     
	2382   1956 3000    3000    1500    3000    2100    1100    1400    500     2800    1800    800     800     1100    300     500     1400    700     800     600     
	2382   1957 1500    1100    1500    1100    1500    1100    1000    1100    300     600     1200    800     1100    400     700     500     1000    800     900     
	2382   1958 2700    1300    1100    600     1200    1100    2300    500     300     1200    500     600     1000    1100    400     500     1100    2300    400     
	2382   1959 2700    2000    2700    2000    1600    1700    2500    500     1900    700     1300    1600    1700    1600    900     2500    1700    700     500     
	2382   1960 1300    1300    1300    600     1300    900     900     300     600     1300    1000    1200    900     400     700     900     200     300     400     
	2382   1961 1700    1700    1100    1100    1700    700     1600    500     1100    1700    500     1100    700     500     700     700     700     1600    900     
	2382   1962 2200    1500    2200    1200    1400    1700    2100    600     1200    500     900     500     1700    900     500     400     2100    1100    500     
	2382   1963 2300    2300    1500    1500    800     900     1500    1100    1500    800     600     800     800     700     400     1500    900     500     1600    
	2382   1964 2400    2400    1100    1200    1800    900     900     1200    1100    1800    800     1100    500     900     500     900     600     900     300     
	2382   1965 1400    900     1200    900     900     1200    1400    500     900     700     500     700     800     800     1200    900     1400    600     300     
	2382   1966 1600    1000    1600    1000    1400    1200    1500    1000    500     600     400     1400    1000    1000    800     1500    500     300     200     
	2382   1967 1200    900     1200    900     1200    1200    1000    900     600     700     800     400     800     900     1100    500     400     1000    400     
	2382   1968 1400    1200    1300    800     1300    800     800     500     800     900     1300    600     800     700     700     800     800     600     1400    
	2382   1969 2500    1200    2500    700     1200    2200    2500    700     500     1200    900     700     1400    2100    900     2500    1800    300     600     
	2382   1970 2700    1100    2700    600     2300    2200    1300    600     600     800     300     2300    2200    600     1300    1300    1000    700     1300    
	2382   1971 2400    1200    2400    1200    2100    1100    2300    900     900     600     1500    600     900     1000    900     2300    1200    400     1800    
	2382   1972 3200    1400    1400    1300    1400    1300    3200    1000    900     1400    1100    700     400     1300    1100    1400    1800    300     900     
	2382   1973 2400    2100    2400    900     2100    2400    1400    900     600     2100    900     600     2400    500     2100    1400    900     900     700     
	2382   1974 3900    1300    2600    800     3900    1000    800     500     800     1300    2600    700     800     700     1000    800     200     400     400     
	2382   1975 2100    1200    2100    1100    1300    2100    1800    900     1100    500     900     1300    1400    700     1400    900     1800    700     700     
	2382   1976 2500    1300    2500    1300    2500    2500    800     500     1000    1100    2300    800     1100    1200    2500    800     500     300     500     
	2382   1977 1800    500     1800    500     1500    1800    1300    300     300     400     500     1500    1100    1600    600     1300    1100    200     600     
	2382   1978 2400    800     2400    500     2000    1500    900     300     500     700     1200    2000    800     1100    1500    700     800     900     800     
	2382   1979 1200    600     1000    600     700     800     1200    300     600     300     500     700     800     700     700     1000    1200    400     300     
	2382   1980 3100    1600    3100    1400    3100    800     800     1400    1400    800     1700    2600    500     800     400     600     500     500     300     
	2382   1981 2900    700     2400    700     2900    1700    1000    500     700     500     2400    400     900     700     1700    1000    100     300     1300    
	2382   1982 1600    1400    1600    1400    1600    1000    1300    1200    1400    600     1600    1000    500     1000    300     1300    500     500     500     
	2382   1983 2300    1500    2300    1300    1500    2300    1600    600     1300    1500    500     300     800     2300    1100    900     400     1300    800     
	2382   1984 2800    1300    2800    1200    2100    2600    700     400     1200    1300    1900    400     800     1500    2600    300     700     400     600     
	2382   1985 2200    2200    900     2200    900     600     1500    400     2200    300     900     900     400     600     500     900     1500    400     400     
	2382   1986 2300    1900    2300    1900    1500    2300    1900    400     1900    1500    1200    500     2000    1500    1100    1300    600     600     500     
	2382   1987 1400    1300    1400    1300    1200    1400    900     1300    700     1200    1000    700     800     900     500     500     400     900     600     
	2382   1988 2000    1100    2000    1100    1500    2000    800     500     1100    200     1400    800     2000    300     900     600     800     600     500     
	2382   1989 1900    900     1900    900     1800    1900    1100    600     600     700     500     1800    1900    1200    1200    1000    400     1100    800     
	2382   1990 2500    800     2500    800     1900    2500    900     600     700     700     600     1900    900     2100    900     600     900     500     700     
	2382   1991 2500    2100    2200    2100    1500    1500    1300    1100    1000    1100    700     1500    500     600     1500    1300    900     900     1600    
	2382   1992 1900    1300    1900    1300    1600    1900    1200    1200    700     400     1100    1600    1100    1100    800     700     500     600     1300    
	2382   1993 2100    1800    2100    1800    1600    2100    1800    500     1500    1000    800     800     1300    800     500     400     1000    800     300     
	2382   1994 1600    1300    1200    1300    1000    1200    1600    500     1300    400     900     900     900     1100    600     600     1600    800     300     
	2382   1995 3600    1600    3600    500     2000    3600    2100    300     500     500     900     1100    1300    1300    2300    500     2100    1100    1100    
	2382   1996 2900    2900    2700    2900    2700    1300    800     2100    800     1600    1900    800     900     1300    900     800     800     300     1200    
	2382   1997 3000    1900    2000    1900    1900    2000    1600    1800    400     900     1900    1000    700     1000    2000    1600    900     500     600     
	2382   1998 1700    1400    1700    1300    1700    1600    1100    800     1300    1400    300     1700    300     800     1600    1100    400     800     300     
	2382   1999 1800    800     1800    800     1300    1500    1300    300     500     500     900     1300    900     900     600     1200    1300    400     100     
	2382   2000 1500    1300    1500    1300    1500    1000    600     1300    400     800     600     1500    1000    1000    600     600     400     300     600     
	2382   2001 2500    1000    2500    1000    1200    2500    700     1000    900     400     400     1200    1500    1200    600     300     400     700     1200    
	2382   2002 2400    1100    1300    1000    2400    900     1000    1000    500     1100    1300    700     500     600     900     1000    600     300     1200    
	2382   2003 2300    2300    1900    2200    2300    1900    1400    1400    2200    2300    1400    600     800     1300    1700    1100    1400    800     1000    
	2382   2004 1700    1000    1400    1000    1400    1400    1000    300     500     1000    900     1400    1400    600     400     900     1000    600     1500    
	2382   2005 1300    800     1300    800     800     1300    1100    600     700     800     600     700     1300    900     500     800     1100    400     700     
	2382   2006 2500    1700    2500    1700    1500    2500    2100    1100    900     1400    900     1500    1200    2100    300     2100    1100    400     900     
	2382   2007 4600    1100    3500    1100    4600    1000    1200    500     600     1100    3000    500     600     300     1000    500     1200    500     1400    
	2382   2008 1600    1500    1600    1500    1600    1000    900     400     1500    300     800     1500    600     400     1000    900     900     600     1200    
	2382   2009 2500    1200    2500    900     1500    2500    2400    800     600     1200    1500    700     2000    500     900     2400    900     200     600     
	2382   2010 2500    900     2500    900     2500    900     800     900     600     900     2500    1700    900     700     400     300     800     500     1400    
	2382   2011 2700    1900    2700    700     2700    800     2000    700     700     1900    1900    800     400     700     400     400     600     2000    500     
	2382   2012 1600    1400    1000    800     1600    900     1000    500     800     1400    700     600     400     700     900     1000    500     600     200     
	2382   2013 2200    1400    2200    900     2200    2200    1300    800     900     1400    1500    1000    1100    2200    700     1100    500     300     500     
	2382   2014 1700    1700    1600    500     1700    1200    1500    300     500     1700    800     800     900     1200    300     1500    300     700     500     
	2382   2015 1400    1400    1200    1400    1200    900     1300    400     1400    1000    1200    1000    800     700     900     600     1000    300     400     
	2382   2016 1600    1600    1100    500     1600    1000    1100    200     500     1600    500     1100    700     1000    700     1100    1100    900     700     
	2382   2017 2200    1200    1300    1200    2200    1300    700     1200    900     1100    1100    900     1300    500     900     500     700     400     500     
	2382   2018 3600    1200    3600    900     1500    3600    1600    400     900     500     900     1500    900     2700    600     600     1600    700     800     
	2382   2019 2000    1400    2000    700     2000    1600    600     400     700     1400    2000    1700    1000    1100    1200    300     400     600     700     
	2382   2020 2200    2100    2100    500     2200    900     1600    500     300     2100    2100    1000    800     900     900     1600    500     700     400     
	2382   2021 2200    1700    2200    1000    1700    1800    1300    400     1000    800     1700    500     1200    1800    900     1300    400     600     900     
	2382   2022 3100    1400    3100    900     3100    1900    700     900     300     1400    2100    1000    900     1900    1500    400     700     500     500     
	2382   2023 3900    1100    3900    1100    2000    1900    1100    600     1100    300     800     2000    1900    900     1100    1100    700     300     500     
	2382   2024 1300    900     1300    700     900     1300    1200    700     500     900     400     800     900     600     700     700     600     1000    700     
	2382   2025 3600    2200    3600    1200    3600    1600    900     1100    1000    2100    1500    2100    800     700     1600    800     600     700     1300    
	2382   2026 -999999 1100    -999999 600     -999999 -999999 -999999 500     500     1000    800     -999999 -999999 -999999 -999999 -999999 -999999 -999999 -999999 
	