EUROPEAN CLIMATE ASSESSMENT & DATASET (ECA&D), file created on: 17-05-2026
THESE DATA CAN BE USED FOR NON-COMMERCIAL RESEARCH AND EDUCATION PROVIDED THAT THE FOLLOWING SOURCE IS ACKNOWLEDGED: 

Klein Tank, A.M.G. and Coauthors, 2002. Daily dataset of 20th-century surface
air temperature and precipitation series for the European Climate Assessment.
Int. J. of Climatol., 22, 1441-1453.
Data and metadata available at http://www.ecad.eu

FILE FORMAT (MISSING VALUE CODE = -999999):

THIS FILE HOLDS DATA FOR STATION NETHERLANDS                              DWINGELO                                 (STAID:   2397)
LATITUDE: dd:mm:ss +52:49:00
LONGITUDE: ddd:mm:ss +006:25:00
ELEVATION: m   12

DATA IS FOR INDEX Maximum no of consecutive dry days (RR < 1 mm) (CDD) with unit 0.01 No of days

01-06 SOUID: Source identifier
08-11 YEAR : YYYY
13-20 ANNUAL DATA VALUES
21-28 WINTER HALF YEAR DATA VALUES
29-36 SUMMER HALF YEAR DATA VALUES
37-44 WINTER (DJF) DATA VALUES
45-52 SPRING (MAM) DATA VALUES
53-60 SUMMER (JJA) DATA VALUES
61-68 AUTUMN (SON) DATA VALUES
69-76 JANUARY DATA VALUES
etc. 
157-164 DECEMBER DATA VALUES

2397   1904 -999999 -999999 -999999 -999999 -999999 -999999 -999999 -999999 -999999 -999999 -999999 -999999 -999999 -999999 -999999 -999999 -999999 -999999 -999999 
	2397   1905 2300    -999999 2300    -999999 2300    1100    1600    1200    800     600     700     2300    900     1100    800     1600    300     1000    1000    
	2397   1906 1800    700     1700    600     1800    1400    1200    400     600     700     1700    600     600     1300    500     1100    800     500     800     
	2397   1907 2700    1400    2700    1400    1500    1600    2700    900     1200    1000    1200    600     500     1600    700     2700    500     1100    800     
	2397   1908 3100    1700    1800    1300    1700    1800    3100    800     700     1700    800     400     1200    600     400     900     2100    1000    1100    
	2397   1909 1500    1400    1200    1400    1100    1200    700     1400    1100    1100    1000    1000    600     400     1200    700     500     700     900     
	2397   1910 2100    1300    1300    700     2100    1300    1900    700     400     1300    800     900     1300    1100    900     800     1800    500     600     
	2397   1911 2700    2100    2000    2100    2700    1500    900     1200    1500    900     2000    1000    1000    1400    1500    500     500     900     600     
	2397   1912 1500    800     1500    800     1500    900     1200    800     600     500     1500    900     600     900     300     1200    900     300     600     
	2397   1913 1800    1600    1800    1600    1000    1800    1600    1400    1600    400     1000    700     700     900     1800    800     1600    500     600     
	2397   1914 2200    1700    2200    1700    2200    1700    1700    1700    1000    400     1900    900     1100    1000    1700    900     1700    700     400     
	2397   1915 1900    1100    1300    700     1000    1300    1900    700     700     800     700     1000    1300    600     700     1100    1900    700     300     
	2397   1916 2900    1400    2900    1200    1400    2900    1700    900     500     1400    1000    900     800     1500    1400    1000    800     1700    900     
	2397   1917 2000    2000    1500    2000    1500    1200    1400    1400    1100    600     900     1200    900     1200    500     1200    800     1000    1200    
	2397   1918 1400    1400    1300    1200    1400    1300    900     700     600     1400    800     900     600     700     800     300     600     600     600     
	2397   1919 2200    1100    2200    1100    2200    1000    1200    800     1100    900     1100    2200    700     500     1000    1200    900     800     800     
	2397   1920 4000    1200    1500    1200    900     1500    4000    700     1200    900     300     400     1500    300     700     1000    2800    1400    500     
	2397   1921 3000    1600    1500    1300    1400    1500    2300    200     1300    1100    1200    700     800     1500    600     1200    1500    2300    700     
	2397   1922 2000    1800    2000    1300    1800    800     1500    1100    1300    1800    900     1200    800     300     500     900     1400    1500    500     
	2397   1923 2000    1500    2000    900     1500    2000    1000    700     900     1500    1100    800     600     1400    1300    800     400     1000    800     
	2397   1924 1800    1400    1000    900     1400    1000    1800    900     600     1400    700     500     900     800     400     500     900     1800    1200    
	2397   1925 1700    700     1700    700     1200    1600    800     700     500     600     600     1200    1600    700     900     700     700     800     700     
	2397   1926 1500    1500    1200    1400    1500    900     800     1400    900     1500    600     400     500     900     700     800     600     400     700     
	2397   1927 2700    1600    1500    1600    1500    800     1200    500     1600    1100    400     1100    800     800     600     900     1200    600     2100    
	2397   1928 2200    2200    2100    1000    1600    1100    2000    400     1000    1200    900     700     600     1100    400     2000    600     500     500     
	2397   1929 2000    1600    2000    1400    1600    2000    800     1200    1300    1600    1000    800     500     2000    700     800     500     300     600     
	2397   1930 2200    2200    2000    1600    1400    2000    700     1600    1300    1000    500     500     2000    500     800     500     700     300     800     
	2397   1931 1200    1000    1100    1000    1200    1100    1200    500     800     1000    400     900     600     500     900     600     1200    1200    600     
	2397   1932 2000    2000    2000    1700    1900    2000    1000    1500    1500    1900    700     300     2000    500     800     500     500     1000    800     
	2397   1933 2100    2100    1600    2100    1100    1000    1500    2100    500     1000    700     1100    1000    800     1000    1200    700     600     1500    
	2397   1934 2100    2100    1400    2100    1000    1400    1800    700     2100    700     600     1000    1200    1200    1400    800     400     1800    700     
	2397   1935 1800    1600    1800    800     1800    1400    500     800     400     1600    600     1200    400     1100    1400    500     500     500     600     
	2397   1936 2400    2400    1300    600     2400    1200    1000    600     300     2400    800     900     900     300     1200    500     1000    1000    900     
	2397   1937 1300    600     1100    500     1000    1100    1300    500     300     400     600     700     800     700     900     300     1000    700     400     
	2397   1938 1700    1700    1400    1400    1700    1100    1400    300     1400    1700    900     700     600     700     800     1400    1200    800     1200    
	2397   1939 2300    1000    2300    1000    1300    1600    800     400     600     500     600     1300    1000    500     1600    500     400     600     1500    
	2397   1940 1300    1300    1300    1300    900     1100    800     1300    800     400     700     900     1100    300     700     700     800     500     600     
	2397   1941 1700    1100    1700    700     1200    1700    1500    700     500     1100    1000    1200    1500    800     200     1500    800     1300    800     
	2397   1942 2000    1800    2000    1500    2000    1200    700     1400    1500    1300    2000    900     1200    600     700     600     300     700     800     
	2397   1943 1900    1700    1900    1300    1300    1900    1400    500     1300    1300    1200    1100    1200    1800    500     1000    1400    700     1000    
	2397   1944 2800    700     2800    700     900     2800    1300    500     700     700     900     600     900     1000    2700    1300    600     300     1100    
	2397   1945 2400    2400    1300    1800    2400    1200    2000    1700    300     2400    900     1100    400     1200    600     1300    1900    1000    800     
	2397   1946 1800    1600    1800    1600    1800    900     1400    1600    300     1000    1700    1200    700     600     400     700     1400    700     1200    
	2397   1947 3700    3700    2600    3700    1500    2400    2200    1700    2000    600     1000    1400    900     1700    2400    700     1400    800     300     
	2397   1948 2100    2100    1300    1500    1300    1000    1300    200     1500    1100    1300    1100    900     700     1000    500     1300    1200    1100    
	2397   1949 2100    1400    2000    1400    1500    2000    2100    800     1100    1400    800     600     1600    1000    1000    1100    1000    400     500     
	2397   1950 1600    800     1600    500     900     1300    1400    500     400     500     900     900     1300    400     600     200     1400    400     1600    
	2397   1951 3000    1400    1100    1200    1000    800     3000    1000    300     1000    1000    600     800     700     600     800     2800    400     500     
	2397   1952 1800    1000    1800    700     1800    700     1100    700     500     1000    1200    1800    700     700     500     1100    800     300     700     
	2397   1953 2400    1900    1400    1700    1600    1200    1600    1400    1000    1600    1200    1300    1200    600     1000    700     900     1600    800     
	2397   1954 1900    1900    1500    1900    1600    800     600     1200    700     1600    1200    1300    400     400     800     300     300     600     500     
	2397   1955 1600    1600    1400    1200    1200    800     1000    900     1200    800     1200    800     600     700     800     800     700     1000    300     
	2397   1956 2000    1800    1300    1600    2000    700     1300    500     1100    1800    1000    800     700     300     400     1300    700     800     600     
	2397   1957 1400    1100    1400    1100    1400    1400    600     1100    200     700     1100    800     1400    300     800     400     500     600     600     
	2397   1958 1800    1400    1200    600     1400    800     1700    500     200     1400    600     600     800     700     700     500     800     1700    500     
	2397   1959 3300    3300    2300    2900    2300    1800    2700    500     2800    700     1000    2300    1100    1800    800     2000    1800    700     800     
	2397   1960 2100    2100    1600    500     2100    900     900     200     500     2100    700     1200    900     500     700     900     400     300     400     
	2397   1961 1400    1000    1200    1000    900     900     1400    700     1000    900     600     600     700     400     900     600     900     1400    800     
	2397   1962 2100    1600    1000    1200    1000    800     2100    400     1200    800     1000    400     800     600     300     400     2100    1100    700     
	2397   1963 2300    2300    1400    2300    800     700     900     1600    1600    700     500     800     600     700     300     800     900     500     1600    
	2397   1964 2400    2400    1000    1600    1800    1000    1000    1600    600     1800    800     700     500     1000    500     700     700     900     500     
	2397   1965 1400    1100    1100    1100    900     1100    1400    500     1100    600     500     700     800     400     900     1100    1400    1400    300     
	2397   1966 1700    1100    1700    1100    600     1100    1500    1100    500     600     300     600     1100    300     800     1500    700     800     200     
	2397   1967 1800    800     1800    800     900     1800    900     800     800     700     900     300     1800    700     1100    700     300     900     500     
	2397   1968 1700    1300    1700    1300    1700    700     1000    400     1300    700     1700    600     700     500     700     800     1000    800     1600    
	2397   1969 2100    1300    2100    700     1300    2100    1700    600     400     1300    900     700     1100    2000    600     1500    1700    500     600     
	2397   1970 2000    1200    2000    800     1300    2000    1300    800     500     800     300     1300    2000    300     900     1300    1100    800     900     
	2397   1971 2100    1100    2100    1100    2100    2100    1700    1100    500     600     1500    800     600     2000    500     1200    1100    600     800     
	2397   1972 3100    1400    2000    1400    1400    1200    3100    1000    800     1400    700     600     400     1000    1200    1300    1800    400     1800    
	2397   1973 2400    1400    2400    1400    900     2400    1400    1400    500     900     700     700     2400    500     2100    1400    800     500     500     
	2397   1974 3900    1100    2800    1100    3900    1800    800     400     1100    1100    2800    600     800     300     1800    800     500     400     600     
	2397   1975 2100    1200    2100    1100    1400    2100    1700    700     1100    700     900     1400    1000    700     1400    1000    1700    800     1100    
	2397   1976 2600    1300    2600    1300    1800    2600    1200    500     900     1100    1600    600     1700    1200    2600    800     1000    500     300     
	2397   1977 2000    1000    1700    600     1600    1500    2000    500     500     600     400     1600    1200    1500    500     1700    2000    500     700     
	2397   1978 2000    1100    2000    1100    1500    1200    1400    1100    900     200     1000    1500    1200    1100    900     500     1400    900     800     
	2397   1979 1000    800     1000    800     700     700     1000    800     600     400     700     500     600     700     500     1000    900     400     400     
	2397   1980 1600    1500    1600    1400    1600    1000    700     1400    1400    500     800     1600    500     1000    700     700     500     500     400     
	2397   1981 1400    1300    1400    1300    1100    1400    1100    1200    800     500     1100    600     500     600     1400    1100    300     300     600     
	2397   1982 2200    1600    2200    1600    1000    2200    1300    1200    1600    900     1000    1000    1000    2200    500     1300    800     400     400     
	2397   1983 1700    1600    1700    1600    1200    1700    1700    400     1600    1200    300     200     700     1600    1400    900     600     1300    600     
	2397   1984 2800    1200    2800    1100    1400    2600    1100    300     1100    1200    1400    800     800     700     2600    300     700     1100    500     
	2397   1985 2200    2200    1000    2200    700     500     2000    900     2200    500     700     700     500     500     400     800     2000    700     500     
	2397   1986 2100    1900    1500    1900    1000    1200    2100    300     1900    700     700     1000    600     1200    700     1500    1000    400     500     
	2397   1987 1300    1200    1200    1100    1200    1200    900     1100    1100    1200    900     700     300     900     400     500     600     800     900     
	2397   1988 1500    800     1400    600     1500    1100    1400    600     400     200     1400    1400    1100    200     900     500     1400    700     500     
	2397   1989 2100    800     2100    800     1900    2000    1300    600     600     700     400     1900    1700    2000    800     900     400     1300    800     
	2397   1990 1700    800     1700    800     1600    1700    900     800     700     800     600     1600    1000    1700    1000    500     900     600     700     
	2397   1991 3600    2100    3600    2100    1600    2100    1500    1100    1000    1100    800     1600    400     900     2100    1500    700     800     1600    
	2397   1992 2100    1300    2100    1300    1900    2100    1300    1200    700     500     1100    1900    2100    1100    800     800     500     300     1200    
	2397   1993 2000    1000    1600    900     1600    1300    2000    400     900     1000    800     1600    1300    300     500     500     1100    1600    200     
	2397   1994 1600    1500    1100    1500    900     1100    1600    600     1500    200     900     600     1000    1100    900     500     1600    600     500     
	2397   1995 2800    1200    2600    500     2100    2600    1100    500     500     500     1200    900     1300    1100    2200    900     1100    1100    1700    
	2397   1996 3300    3300    2000    3300    2000    1300    1200    2400    900     1800    2000    600     800     1300    800     800     1200    500     900     
	2397   1997 2200    1800    2200    1800    2200    2000    1600    1800    300     800     2200    1000    600     1200    2000    1600    1100    700     500     
	2397   1998 1700    800     1700    800     1700    1600    1100    700     800     600     300     1700    400     1000    1600    800     200     1100    300     
	2397   1999 1500    700     1500    600     1500    1500    1000    300     300     700     800     1500    900     900     600     800     1000    500     200     
	2397   2000 800     700     800     700     800     600     600     700     300     600     800     800     600     500     600     600     500     200     700     
	2397   2001 1000    1000    1000    1000    1000    800     600     1000    300     600     400     1000    700     700     700     100     600     300     1000    
	2397   2002 2300    1000    1300    1000    2300    800     1000    1000    500     1000    1300    800     500     700     800     1000    600     600     1300    
	2397   2003 2200    2000    2200    2000    2200    1900    1100    400     2000    2000    2200    700     800     700     1800    1100    1000    1000    500     
	2397   2004 1600    1600    1500    700     1400    1500    1200    400     700     1100    900     1400    600     600     900     1200    1000    300     1400    
	2397   2005 1800    1000    1800    800     700     900     1700    500     600     500     600     700     800     900     500     1300    1700    400     700     
	2397   2006 1600    1600    1500    1600    1500    1400    1500    1000    900     1400    1100    1500    1400    1100    200     1500    700     600     900     
	2397   2007 4300    800     3500    800     4300    1300    1300    400     600     800     3000    500     1300    300     800     600     1300    800     1500    
	2397   2008 1900    1400    1900    1400    1900    700     1500    300     1400    200     1900    1400    700     400     600     1500    600     300     1200    
	2397   2009 2300    1200    2300    1200    1700    1100    2300    800     400     600     1700    500     900     300     900     2300    500     200     500     
	2397   2010 1700    900     1700    900     1700    1400    800     700     900     500     1700    1600    1200    700     400     400     800     800     500     
	2397   2011 2700    1600    2700    700     2700    600     2000    700     700     1600    1900    800     300     400     200     1200    600     2000    400     
	2397   2012 1400    1100    1100    800     1400    900     1000    500     800     1100    300     700     600     700     800     1000    900     600     200     
	2397   2013 2400    1400    2400    800     2200    2400    1300    800     500     1400    800     600     1100    2200    1200    1100    400     500     400     
	2397   2014 2000    1200    2000    600     1200    1300    2000    500     600     1200    400     900     900     1000    700     2000    400     600     600     
	2397   2015 1300    1000    1200    900     1200    900     1300    400     900     1000    1200    600     700     300     900     600     900     400     300     
	2397   2016 1900    1300    1900    500     1900    900     1300    500     400     1300    600     1900    900     400     800     1300    1200    1000    700     
	2397   2017 1200    1200    1200    1200    1000    1200    900     1200    800     1000    1000    700     1200    600     800     900     800     400     300     
	2397   2018 1900    1700    1800    1400    1500    1800    1900    400     1400    500     900     1500    900     1800    600     600     1900    700     500     
	2397   2019 1900    700     1900    700     1900    1500    700     400     700     700     1900    700     1000    1000    800     600     500     700     700     
	2397   2020 2500    1300    2500    700     2500    1600    1300    700     500     1300    2500    2200    700     700     1200    1300    800     500     400     
	2397   2021 -999999 -999999 1800    -999999 1800    1300    1100    -999999 1000    700     1800    400     1300    800     600     1100    500     400     1000    
	2397   2022 3100    1800    3100    1000    3100    1400    900     1000    300     1500    2100    1000    1000    1300    1400    500     900     500     1000    
	2397   2023 3900    1100    3900    1100    2000    1900    1100    600     1100    500     500     2000    1900    300     1200    1100    700     200     500     
	2397   2024 1100    -999999 1100    -999999 1000    1100    1100    600     -999999 1000    500     1000    800     500     700     1100    600     900     700     
	2397   2025 2500    2200    2500    1200    2100    2500    1200    700     900     2100    1100    1900    1100    700     2500    1000    800     800     1300    
	2397   2026 -999999 -999999 -999999 1100    -999999 -999999 -999999 1100    400     -999999 -999999 -999999 -999999 -999999 -999999 -999999 -999999 -999999 -999999 
	