EUROPEAN CLIMATE ASSESSMENT & DATASET (ECA&D), file created on: 17-05-2026
THESE DATA CAN BE USED FOR NON-COMMERCIAL RESEARCH AND EDUCATION PROVIDED THAT THE FOLLOWING SOURCE IS ACKNOWLEDGED: 

Klein Tank, A.M.G. and Coauthors, 2002. Daily dataset of 20th-century surface
air temperature and precipitation series for the European Climate Assessment.
Int. J. of Climatol., 22, 1441-1453.
Data and metadata available at http://www.ecad.eu

FILE FORMAT (MISSING VALUE CODE = -999999):

THIS FILE HOLDS DATA FOR STATION NETHERLANDS                              MIDSLAND                                 (STAID:  20562)
LATITUDE: dd:mm:ss +53:22:00
LONGITUDE: ddd:mm:ss +005:16:59
ELEVATION: m -100

DATA IS FOR INDEX Maximum no of consecutive dry days (RR < 1 mm) (CDD) with unit 0.01 No of days

01-06 SOUID: Source identifier
08-11 YEAR : YYYY
13-20 ANNUAL DATA VALUES
21-28 WINTER HALF YEAR DATA VALUES
29-36 SUMMER HALF YEAR DATA VALUES
37-44 WINTER (DJF) DATA VALUES
45-52 SPRING (MAM) DATA VALUES
53-60 SUMMER (JJA) DATA VALUES
61-68 AUTUMN (SON) DATA VALUES
69-76 JANUARY DATA VALUES
etc. 
157-164 DECEMBER DATA VALUES

20562  1885 -999999 -999999 -999999 -999999 -999999 1700    1100    -999999 -999999 -999999 -999999 -999999 1000    1200    900     300     300     1100    1700    
	20562  1886 -999999 -999999 1900    -999999 -999999 1900    1500    900     -999999 -999999 900     1000    1200    700     1300    1400    1300    800     500     
	20562  1887 4400    2700    4400    1900    2100    3300    800     1200    1900    2100    2100    1100    3000    1200    1100    800     800     800     500     
	20562  1888 1400    1400    1300    1400    1300    1000    1200    1400    500     1100    900     1300    700     500     1000    700     1200    1100    1100    
	20562  1889 2800    1700    2800    1700    2000    2800    1300    1700    600     600     2000    600     2000    800     500     600     800     1300    1200    
	20562  1890 -999999 -999999 -999999 -999999 -999999 -999999 -999999 -999999 -999999 -999999 -999999 -999999 -999999 -999999 -999999 -999999 -999999 -999999 -999999 
	20562  1891 -999999 -999999 -999999 -999999 -999999 -999999 -999999 -999999 -999999 -999999 -999999 -999999 -999999 -999999 -999999 -999999 -999999 -999999 -999999 
	20562  1892 -999999 -999999 -999999 -999999 -999999 -999999 -999999 -999999 -999999 -999999 -999999 -999999 -999999 -999999 -999999 -999999 -999999 -999999 -999999 
	20562  1893 -999999 -999999 -999999 -999999 -999999 -999999 -999999 -999999 -999999 -999999 -999999 -999999 -999999 -999999 -999999 -999999 -999999 -999999 -999999 
	20562  1894 -999999 -999999 -999999 -999999 -999999 -999999 -999999 -999999 -999999 -999999 -999999 -999999 -999999 -999999 -999999 -999999 -999999 -999999 -999999 
	20562  1895 -999999 -999999 -999999 -999999 -999999 -999999 -999999 -999999 -999999 -999999 -999999 -999999 -999999 -999999 -999999 -999999 -999999 -999999 -999999 
	20562  1896 -999999 -999999 -999999 -999999 -999999 -999999 -999999 -999999 -999999 -999999 -999999 -999999 -999999 -999999 -999999 -999999 -999999 -999999 -999999 
	20562  1897 -999999 -999999 -999999 -999999 -999999 -999999 -999999 -999999 -999999 -999999 -999999 -999999 -999999 -999999 -999999 -999999 -999999 -999999 -999999 
	20562  1898 -999999 -999999 -999999 -999999 -999999 -999999 -999999 -999999 -999999 -999999 -999999 -999999 -999999 -999999 -999999 -999999 -999999 -999999 -999999 
	20562  1899 -999999 -999999 -999999 -999999 -999999 -999999 -999999 -999999 -999999 -999999 -999999 -999999 -999999 -999999 -999999 -999999 -999999 -999999 -999999 
	20562  1900 -999999 -999999 -999999 -999999 -999999 -999999 -999999 -999999 -999999 -999999 -999999 -999999 -999999 -999999 -999999 -999999 -999999 -999999 -999999 
	20562  1901 -999999 -999999 -999999 -999999 -999999 -999999 -999999 -999999 -999999 -999999 -999999 -999999 -999999 -999999 -999999 -999999 -999999 -999999 -999999 
	20562  1902 -999999 -999999 -999999 -999999 -999999 -999999 -999999 -999999 -999999 -999999 -999999 -999999 -999999 -999999 -999999 -999999 -999999 -999999 -999999 
	20562  1903 -999999 -999999 -999999 -999999 -999999 -999999 -999999 -999999 -999999 -999999 -999999 -999999 -999999 -999999 -999999 -999999 -999999 -999999 -999999 
	20562  1904 -999999 -999999 -999999 -999999 -999999 -999999 -999999 -999999 -999999 -999999 -999999 -999999 -999999 -999999 -999999 -999999 -999999 -999999 -999999 
	20562  1905 -999999 -999999 -999999 -999999 -999999 -999999 -999999 -999999 -999999 -999999 -999999 -999999 -999999 -999999 -999999 -999999 -999999 -999999 -999999 
	20562  1906 -999999 -999999 -999999 -999999 -999999 -999999 -999999 -999999 -999999 -999999 -999999 -999999 -999999 -999999 -999999 -999999 -999999 -999999 -999999 
	20562  1907 -999999 -999999 -999999 -999999 -999999 -999999 -999999 -999999 -999999 -999999 -999999 -999999 -999999 -999999 -999999 -999999 -999999 -999999 -999999 
	20562  1908 -999999 -999999 -999999 -999999 -999999 -999999 -999999 -999999 -999999 -999999 -999999 -999999 -999999 -999999 -999999 -999999 -999999 -999999 -999999 
	20562  1909 -999999 -999999 -999999 -999999 -999999 -999999 -999999 -999999 -999999 -999999 -999999 -999999 -999999 -999999 -999999 -999999 -999999 -999999 -999999 
	20562  1910 -999999 -999999 -999999 -999999 -999999 -999999 -999999 -999999 -999999 -999999 -999999 -999999 -999999 -999999 -999999 -999999 -999999 -999999 -999999 
	20562  1911 -999999 -999999 -999999 -999999 -999999 -999999 -999999 -999999 -999999 -999999 -999999 -999999 -999999 -999999 -999999 -999999 -999999 -999999 -999999 
	20562  1912 -999999 -999999 -999999 -999999 -999999 -999999 -999999 -999999 -999999 -999999 -999999 -999999 -999999 -999999 -999999 -999999 -999999 -999999 -999999 
	20562  1913 -999999 -999999 -999999 -999999 -999999 -999999 -999999 -999999 -999999 -999999 -999999 -999999 -999999 -999999 -999999 -999999 -999999 -999999 -999999 
	20562  1914 -999999 -999999 -999999 -999999 -999999 -999999 -999999 -999999 -999999 -999999 -999999 -999999 -999999 -999999 -999999 -999999 -999999 -999999 -999999 
	20562  1915 -999999 -999999 -999999 -999999 -999999 -999999 -999999 -999999 -999999 -999999 -999999 -999999 -999999 -999999 -999999 -999999 -999999 -999999 -999999 
	20562  1916 -999999 -999999 -999999 -999999 -999999 -999999 -999999 -999999 -999999 -999999 -999999 -999999 -999999 -999999 -999999 -999999 -999999 -999999 -999999 
	20562  1917 -999999 -999999 -999999 -999999 -999999 -999999 -999999 -999999 -999999 -999999 -999999 -999999 -999999 -999999 -999999 -999999 -999999 -999999 -999999 
	20562  1918 -999999 -999999 -999999 -999999 -999999 -999999 -999999 -999999 -999999 -999999 -999999 -999999 -999999 -999999 -999999 -999999 -999999 -999999 -999999 
	20562  1919 -999999 -999999 -999999 -999999 -999999 -999999 -999999 -999999 -999999 -999999 -999999 -999999 -999999 -999999 -999999 -999999 -999999 -999999 -999999 
	20562  1920 -999999 -999999 -999999 -999999 -999999 -999999 -999999 -999999 -999999 -999999 -999999 -999999 -999999 -999999 -999999 -999999 -999999 -999999 -999999 
	20562  1921 -999999 -999999 -999999 -999999 -999999 -999999 -999999 -999999 -999999 -999999 -999999 -999999 -999999 -999999 -999999 -999999 -999999 -999999 -999999 
	20562  1922 -999999 -999999 -999999 -999999 -999999 -999999 -999999 -999999 -999999 -999999 -999999 -999999 -999999 -999999 -999999 -999999 -999999 -999999 -999999 
	20562  1923 -999999 -999999 -999999 -999999 -999999 -999999 -999999 -999999 -999999 -999999 -999999 -999999 -999999 -999999 -999999 -999999 -999999 -999999 -999999 
	20562  1924 -999999 -999999 -999999 -999999 -999999 -999999 -999999 -999999 -999999 -999999 -999999 -999999 -999999 -999999 -999999 -999999 -999999 -999999 -999999 
	20562  1925 -999999 -999999 -999999 -999999 -999999 -999999 -999999 -999999 -999999 -999999 -999999 -999999 -999999 -999999 -999999 -999999 -999999 -999999 -999999 
	20562  1926 -999999 -999999 -999999 -999999 -999999 -999999 -999999 -999999 -999999 -999999 -999999 -999999 -999999 -999999 -999999 -999999 -999999 -999999 -999999 
	20562  1927 -999999 -999999 -999999 -999999 -999999 -999999 -999999 -999999 -999999 -999999 -999999 -999999 -999999 -999999 -999999 -999999 -999999 -999999 -999999 
	20562  1928 -999999 -999999 -999999 -999999 -999999 -999999 -999999 -999999 -999999 -999999 -999999 -999999 -999999 -999999 -999999 -999999 -999999 -999999 -999999 
	20562  1929 -999999 -999999 -999999 -999999 -999999 -999999 -999999 -999999 -999999 -999999 -999999 -999999 -999999 -999999 -999999 -999999 -999999 -999999 -999999 
	20562  1930 -999999 -999999 -999999 -999999 -999999 -999999 -999999 -999999 -999999 -999999 -999999 -999999 -999999 -999999 -999999 -999999 -999999 -999999 -999999 
	20562  1931 -999999 -999999 -999999 -999999 -999999 -999999 -999999 -999999 -999999 -999999 -999999 -999999 -999999 -999999 -999999 -999999 -999999 -999999 -999999 
	20562  1932 -999999 -999999 -999999 -999999 -999999 -999999 -999999 -999999 -999999 -999999 -999999 -999999 -999999 -999999 -999999 -999999 -999999 -999999 -999999 
	20562  1933 -999999 -999999 -999999 -999999 -999999 -999999 1100    -999999 -999999 -999999 -999999 -999999 -999999 -999999 -999999 1100    500     600     1800    
	20562  1934 2300    2300    1800    2300    1600    1500    1600    700     2300    1000    700     1400    1400    1200    900     800     400     1600    700     
	20562  1935 1800    1600    1800    1000    1800    1700    600     1000    400     1600    600     1200    500     1700    1700    600     500     600     900     
	20562  1936 1800    1800    1500    1100    1800    1200    1100    500     1100    1800    1300    900     800     700     1200    1100    300     700     700     
	20562  1937 1500    900     1500    900     1200    1500    900     900     200     900     800     1200    600     600     1000    500     900     700     600     
	20562  1938 2300    2300    2200    1300    2300    1200    1300    300     1300    2300    1400    1400    1200    800     900     700     1000    1300    900     
	20562  1939 3000    1600    3000    1600    2000    1200    700     800     800     500     700     2000    1000    500     1200    500     500     700     1500    
	20562  1940 -999999 1600    -999999 1600    -999999 -999999 1000    1300    700     700     800     -999999 -999999 800     700     1000    600     600     300     
	20562  1941 2800    1700    2800    1700    2700    2800    2400    1000    700     1300    1200    1400    1600    1200    300     1600    800     500     800     
	20562  1942 -999999 -999999 -999999 -999999 -999999 1800    -999999 -999999 -999999 -999999 -999999 2200    1300    500     600     900     300     -999999 -999999 
	20562  1943 -999999 -999999 -999999 -999999 1800    -999999 -999999 -999999 -999999 1700    1100    1100    -999999 -999999 -999999 -999999 -999999 -999999 -999999 
	20562  1944 -999999 -999999 -999999 -999999 1700    -999999 -999999 -999999 1400    1300    1400    1000    900     1700    -999999 -999999 -999999 -999999 -999999 
	20562  1945 -999999 -999999 -999999 -999999 -999999 -999999 2400    -999999 -999999 -999999 -999999 -999999 -999999 1300    400     1100    2100    1200    600     
	20562  1946 2100    1600    2100    1600    2100    800     1300    1600    700     1100    1700    1400    700     800     400     800     1300    300     1100    
	20562  1947 -999999 -999999 3800    -999999 -999999 2500    1700    -999999 -999999 -999999 1300    1700    900     1600    2500    1300    1200    800     800     
	20562  1948 3100    3100    2000    1500    2000    900     1100    300     1500    1600    2000    1000    900     900     600     700     600     1100    700     
	20562  1949 2200    1100    2200    1000    1200    2200    1900    900     1000    1100    800     600     1900    800     1200    1000    900     400     500     
	20562  1950 -999999 1600    -999999 1600    1000    -999999 -999999 1500    500     800     700     1000    1200    500     -999999 -999999 -999999 -999999 -999999 
	20562  1951 -999999 -999999 -999999 -999999 -999999 1100    2400    -999999 -999999 -999999 -999999 700     1000    1100    500     800     1900    400     1300    
	20562  1952 1500    1000    1500    800     1500    800     600     600     800     1000    1200    1500    800     800     500     400     600     300     800     
	