EUROPEAN CLIMATE ASSESSMENT & DATASET (ECA&D), file created on: 17-05-2026
THESE DATA CAN BE USED FOR NON-COMMERCIAL RESEARCH AND EDUCATION PROVIDED THAT THE FOLLOWING SOURCE IS ACKNOWLEDGED: 

Klein Tank, A.M.G. and Coauthors, 2002. Daily dataset of 20th-century surface
air temperature and precipitation series for the European Climate Assessment.
Int. J. of Climatol., 22, 1441-1453.
Data and metadata available at http://www.ecad.eu

FILE FORMAT (MISSING VALUE CODE = -999999):

THIS FILE HOLDS DATA FOR STATION NETHERLANDS                              EMMEN                                    (STAID:   2405)
LATITUDE: dd:mm:ss +52:46:59
LONGITUDE: ddd:mm:ss +006:52:59
ELEVATION: m   24

DATA IS FOR INDEX Maximum no of consecutive dry days (RR < 1 mm) (CDD) with unit 0.01 No of days

01-06 SOUID: Source identifier
08-11 YEAR : YYYY
13-20 ANNUAL DATA VALUES
21-28 WINTER HALF YEAR DATA VALUES
29-36 SUMMER HALF YEAR DATA VALUES
37-44 WINTER (DJF) DATA VALUES
45-52 SPRING (MAM) DATA VALUES
53-60 SUMMER (JJA) DATA VALUES
61-68 AUTUMN (SON) DATA VALUES
69-76 JANUARY DATA VALUES
etc. 
157-164 DECEMBER DATA VALUES

2405   1950 -999999 -999999 -999999 -999999 -999999 -999999 -999999 -999999 -999999 -999999 -999999 -999999 -999999 -999999 -999999 -999999 -999999 -999999 -999999 
	2405   1951 2200    -999999 1200    -999999 1000    900     2200    1000    500     900     1000    600     800     900     700     700     1900    300     600     
	2405   1952 1200    1100    1200    1100    1200    900     1000    600     1100    1000    1100    1200    600     900     600     1000    600     200     700     
	2405   1953 2100    1600    1700    1100    1700    1500    2100    700     900     1600    1100    1500    1000    400     1500    700     1600    1300    800     
	2405   1954 1700    1700    1500    1700    1500    600     500     1100    600     1200    1200    1300    600     400     600     400     500     400     700     
	2405   1955 1600    1600    1200    1200    1200    800     700     1200    1200    800     1200    500     500     800     700     600     700     400     300     
	2405   1956 1400    1200    1300    1200    1400    400     1300    500     700     1200    1000    800     300     400     400     1300    700     700     500     
	2405   1957 1600    1200    1600    1200    1600    1300    600     1200    300     600     1200    800     1300    800     600     300     500     600     600     
	2405   1958 2200    2200    1300    600     2200    1300    1200    600     200     2200    600     600     1000    1300    500     500     800     1200    500     
	2405   1959 3300    2100    3300    2100    2800    1600    2700    500     2000    400     1000    2800    1400    1600    700     2000    1800    1700    800     
	2405   1960 1400    1400    1400    1000    1400    700     800     1000    400     1400    700     1200    700     500     500     800     300     400     500     
	2405   1961 1700    1000    1300    1000    900     700     1700    700     1000    900     500     900     700     400     700     1300    900     1700    900     
	2405   1962 2100    1900    1200    1100    1200    800     2100    500     1100    1100    1200    400     800     700     400     400     2100    600     900     
	2405   1963 2400    2400    2000    1600    800     1200    1000    900     1600    800     400     800     1200    800     400     1000    700     500     1600    
	2405   1964 2400    2400    1100    1700    1800    1000    1800    1700    600     1800    700     1100    500     1000    800     600     700     1100    600     
	2405   1965 1900    1300    1900    1100    1300    1100    1900    500     1100    1300    500     500     700     400     1100    1900    1400    1400    300     
	2405   1966 1800    1800    1600    1800    900     1100    1500    1800    600     600     300     900     1100    300     800     1500    800     400     300     
	2405   1967 1800    800     1800    800     800     1800    1400    800     700     800     700     400     1800    600     1100    600     500     1400    400     
	2405   1968 2300    1500    2300    1500    2300    1100    1500    500     1500    700     2300    700     1100    900     800     700     1000    1500    1900    
	2405   1969 2000    1100    1800    1100    1100    1200    2000    600     400     1100    900     600     900     1200    700     1500    2000    500     1000    
	2405   1970 2100    1200    2100    800     1300    2100    1300    800     600     800     300     1300    2100    400     900     1300    1100    800     1300    
	2405   1971 1900    1300    1500    1300    1900    1200    1700    1300    400     500     1500    900     600     1100    500     1200    1100    600     800     
	2405   1972 2200    1500    2000    1300    1500    1200    2200    1000    800     1500    700     500     500     1000    1200    900     1800    400     1800    
	2405   1973 2300    1800    2300    900     1800    2300    1300    900     600     1800    700     700     2300    1000    2000    1200    900     500     400     
	2405   1974 3300    1100    2200    1100    3300    900     800     400     1100    1100    2200    600     800     600     900     800     300     400     500     
	2405   1975 2000    1200    2000    1100    1300    2000    1000    800     1100    700     900     1300    1000    700     1400    900     1000    600     700     
	2405   1976 2200    1400    2200    1300    1800    2200    1200    500     1000    1400    1600    800     1600    1200    2200    800     1000    400     400     
	2405   1977 2000    1000    1800    600     1700    1500    2000    500     400     400     500     1700    1300    1500    600     1700    2000    300     700     
	2405   1978 2600    1100    1300    1100    1200    1100    2600    1100    900     500     900     800     1000    500     1100    600     1500    1700    800     
	2405   1979 1300    900     1300    900     1000    700     1300    900     800     400     1000    500     600     700     500     1300    900     700     400     
	2405   1980 2900    1500    2900    1400    2900    900     700     1400    1400    700     800     2800    800     900     600     700     500     500     500     
	2405   1981 1700    1300    1700    1300    1100    1700    1100    1200    600     500     1100    800     800     700     1700    1000    300     400     700     
	2405   1982 1600    1400    1600    1400    1600    1200    1200    1400    1300    1000    1600    900     1000    1100    800     1200    800     400     400     
	2405   1983 2700    1600    2700    1600    1300    2500    1700    400     1600    1300    400     200     900     900     2500    900     800     1300    700     
	2405   1984 2800    1600    2800    1100    1300    2600    1900    300     1100    1300    1300    900     800     1200    2600    500     700     1600    500     
	2405   1985 2100    2100    900     2100    900     500     2000    600     2100    800     900     700     400     500     400     800     2000    600     500     
	2405   1986 2400    2400    1700    2400    1100    1700    2100    700     1700    1100    700     500     1300    600     800     1500    600     600     500     
	2405   1987 1300    1200    1100    1200    1200    1100    900     1200    700     1200    1000    900     300     800     400     500     600     800     900     
	2405   1988 3400    800     3200    500     3400    1800    1400    500     300     200     3000    1400    1800    200     900     900     1400    700     500     
	2405   1989 1600    1300    1600    1300    1600    1600    1200    1300    600     700     400     1600    1200    1600    900     600     400     1200    800     
	2405   1990 1800    800     1800    600     1800    1100    1100    600     300     800     900     1800    1100    1000    1100    600     1100    500     500     
	2405   1991 2100    2100    1700    2100    1100    1300    1200    1100    1000    1100    800     900     400     900     1300    900     1200    1100    1500    
	2405   1992 3300    1300    3300    1300    1900    3300    1600    1200    700     300     1100    1900    2200    1100    500     1200    500     400     1200    
	2405   1993 1900    1000    1300    900     1000    1300    1900    500     900     1000    1000    800     1300    300     600     500     1000    1600    200     
	2405   1994 1700    1400    1100    1400    900     1100    1700    600     1400    200     900     600     1000    1100    1000    700     1700    900     400     
	2405   1995 2800    1600    2700    600     1400    2700    2000    600     500     500     1300    900     1300    1000    2300    800     2000    1100    1700    
	2405   1996 3100    3100    1300    3100    1500    1300    1700    2200    900     1500    1300    600     900     1300    1000    1000    1700    400     1200    
	2405   1997 3000    1800    2200    1800    2200    1500    2000    1800    300     1200    2200    1000    600     800     1500    1600    1700    1100    500     
	2405   1998 1700    1000    1700    1000    1700    900     800     1000    800     500     300     1700    400     400     900     800     200     700     300     
	2405   1999 1900    700     1900    700     1200    1200    1400    300     700     500     800     700     800     900     500     1400    1000    400     200     
	2405   2000 1100    1100    800     1100    700     800     600     1100    300     600     700     600     600     800     400     600     600     300     700     
	2405   2001 1300    1000    1000    1000    1000    900     700     1000    300     600     500     1000    700     900     700     200     700     300     1300    
	2405   2002 2300    1000    1500    1000    2300    700     1000    500     400     1000    1300    800     400     600     700     1000    500     800     1300    
	2405   2003 2100    2100    1900    2100    2000    1900    1000    400     2100    2000    1400    700     800     700     1800    1000    900     1000    500     
	2405   2004 1500    1100    1500    1100    1400    1500    1300    400     1100    1000    1200    1400    600     600     900     900     1300    300     1300    
	2405   2005 1800    1300    1800    700     900     1100    1800    700     600     600     600     700     1100    1000    500     1300    1800    600     300     
	2405   2006 2100    1300    2100    1100    1500    2000    1100    1000    900     1300    700     1500    2000    1100    400     1100    700     600     900     
	2405   2007 4300    800     3500    800     4300    800     1300    400     700     800     3000    500     800     400     700     600     1300    800     1400    
	2405   2008 1400    1400    1400    1400    1400    700     1000    300     1400    200     800     1400    300     700     700     1000    500     400     1200    
	2405   2009 1700    1200    1700    1200    1700    1400    1400    800     500     700     1700    800     900     500     900     1400    500     200     600     
	2405   2010 1600    1000    1600    1000    1600    1000    800     800     1000    700     1600    1400    1000    900     400     400     800     500     300     
	2405   2011 2500    1600    1500    800     1600    800     2500    600     800     1600    1500    900     400     700     200     1200    1200    2500    400     
	2405   2012 1700    1700    1000    1700    1100    1000    1100    500     1200    1100    500     600     600     700     600     1000    1100    700     200     
	2405   2013 2100    1600    2100    900     1300    2100    1300    900     900     1000    1300    600     1100    2100    1000    1100    400     500     400     
	2405   2014 1900    1300    1900    500     1300    1300    1900    500     500     1300    500     700     800     1000    700     1900    400     700     600     
	2405   2015 1300    1000    1300    900     1300    900     1300    400     900     1000    1300    800     800     400     800     600     900     400     400     
	2405   2016 1500    1500    1300    600     1500    900     1300    500     600     1500    500     1100    900     400     900     1300    1200    1000    1000    
	2405   2017 2200    1300    1400    1300    2200    1400    700     1300    700     1100    1100    700     1400    600     800     500     700     500     500     
	2405   2018 1800    1700    1800    1400    900     1800    1800    400     1400    400     900     800     1200    1800    800     800     1800    800     500     
	2405   2019 1600    1000    1600    1000    1600    1600    700     400     1000    700     1000    1600    1100    1000    1000    300     500     700     700     
	2405   2020 4500    1800    2700    700     4500    1000    1300    700     400     1800    2700    2000    900     500     1000    1300    800     500     300     
	2405   2021 -999999 -999999 1400    -999999 1400    1300    1200    -999999 1000    700     1400    400     1300    900     400     1200    600     400     800     
	2405   2022 3100    1500    3100    700     3100    1400    1100    700     300     1200    2100    1000    1400    900     1200    500     1100    500     1000    
	2405   2023 3900    1100    3900    1100    2000    1900    1000    700     1100    400     700     2000    1900    300     1000    1000    200     200     400     
	2405   2024 1300    -999999 1100    -999999 1300    700     1100    600     -999999 1300    300     1000    700     400     700     1100    500     900     600     
	2405   2025 2200    2200    2200    1000    2100    2200    800     700     900     2100    1100    2100    1200    600     2200    800     600     600     1100    
	2405   2026 -999999 -999999 -999999 900     -999999 -999999 -999999 900     300     -999999 -999999 -999999 -999999 -999999 -999999 -999999 -999999 -999999 -999999 
	