EUROPEAN CLIMATE ASSESSMENT & DATASET (ECA&D), file created on: 17-05-2026
THESE DATA CAN BE USED FOR NON-COMMERCIAL RESEARCH AND EDUCATION PROVIDED THAT THE FOLLOWING SOURCE IS ACKNOWLEDGED: 

Klein Tank, A.M.G. and Coauthors, 2002. Daily dataset of 20th-century surface
air temperature and precipitation series for the European Climate Assessment.
Int. J. of Climatol., 22, 1441-1453.
Data and metadata available at http://www.ecad.eu

FILE FORMAT (MISSING VALUE CODE = -999999):

THIS FILE HOLDS DATA FOR STATION NETHERLANDS                              OUD ALBLAS                               (STAID:    546)
LATITUDE: dd:mm:ss +51:51:00
LONGITUDE: ddd:mm:ss +004:42:00
ELEVATION: m   -1

DATA IS FOR INDEX Maximum no of consecutive dry days (RR < 1 mm) (CDD) with unit 0.01 No of days

01-06 SOUID: Source identifier
08-11 YEAR : YYYY
13-20 ANNUAL DATA VALUES
21-28 WINTER HALF YEAR DATA VALUES
29-36 SUMMER HALF YEAR DATA VALUES
37-44 WINTER (DJF) DATA VALUES
45-52 SPRING (MAM) DATA VALUES
53-60 SUMMER (JJA) DATA VALUES
61-68 AUTUMN (SON) DATA VALUES
69-76 JANUARY DATA VALUES
etc. 
157-164 DECEMBER DATA VALUES

546    1881 -999999 -999999 -999999 -999999 -999999 -999999 -999999 -999999 -999999 -999999 -999999 -999999 -999999 -999999 -999999 -999999 -999999 -999999 -999999 
	546    1882 3600    -999999 1400    -999999 1400    600     600     2300    1200    900     1100    1400    400     400     500     600     300     300     600     
	546    1883 3200    1400    3200    1200    2400    1500    1200    1200    900     1400    1200    1700    1500    300     800     1200    600     300     1100    
	546    1884 2200    1100    2200    1100    2000    2200    1300    700     900     1000    2000    1200    1400    800     1100    1300    900     1200    700     
	546    1885 2400    1900    1500    1600    1900    1300    1000    1600    600     1900    1500    900     900     1200    700     300     200     1000    2400    
	546    1886 2700    2700    1900    2700    1900    1100    1700    800     2700    1800    1900    1000    1000    500     900     1700    1000    1000    400     
	546    1887 3100    2200    3100    1500    1500    3100    800     1000    1500    1200    1500    800     2700    1500    900     800     600     800     700     
	546    1888 2700    2200    2300    2200    1500    1500    1300    2000    1500    700     700     1500    800     300     1500    1200    1300    900     1300    
	546    1889 2100    1400    2100    1400    1000    2100    2000    1200    700     600     1000    900     2000    500     500     600     700     2000    800     
	546    1890 3700    3700    1400    2800    1300    800     1400    400     2800    1300    600     900     700     800     700     1400    600     700     3100    
	546    1891 3900    3100    1200    2500    1000    1200    1300    1800    2500    600     500     1000    1200    400     400     1000    500     800     1000    
	546    1892 1700    1100    1700    1100    1700    1100    900     1000    1100    700     1400    1400    500     1100    500     900     500     700     1700    
	546    1893 3300    1800    1600    600     3300    1600    800     500     500     1800    1500    1400    1600    700     800     700     700     800     600     
	546    1894 3300    2200    1500    1400    3300    1500    1000    1400    600     2200    1100    800     1000    500     300     600     400     1000    600     
	546    1895 2700    2700    1700    2700    1200    1700    1200    1000    2000    800     1200    1200    1700    800     900     1100    300     500     700     
	546    1896 1700    1700    1700    1700    1700    1200    1000    1100    1700    700     600     1700    700     900     500     300     200     1000    1200    
	546    1897 1900    1000    1200    1000    1000    1200    1900    900     800     800     400     1000    600     1200    400     800     1200    700     1100    
	546    1898 1900    1200    1900    1200    1100    1100    1700    1200    300     1000    800     700     800     800     1100    1700    1000    600     600     
	546    1899 3100    3100    2200    1300    1800    1700    1300    800     1300    1800    300     700     1700    1700    1100    300     1300    1000    2000    
	546    1900 1700    1700    1300    1700    1300    1000    900     500     1400    700     700     1300    400     1000    500     900     400     500     500     
	546    1901 2000    1900    2000    1900    2000    1200    1600    1800    700     1100    1400    2000    1200    900     1000    1300    700     900     500     
	546    1902 1300    1300    900     1300    700     900     1100    600     1300    700     600     500     900     800     400     600     500     1000    1200    
	546    1903 1500    1200    1500    1200    1000    1500    700     1200    700     900     600     1000    1100    800     500     600     400     700     2200    
	546    1904 2800    1400    1600    1100    1400    1600    2000    900     900     1400    600     1000    900     1600    800     1600    1400    1100    1000    
	546    1905 1000    800     1000    700     1000    1000    600     700     600     800     1000    1000    700     800     600     500     400     600     800     
	546    1906 2400    700     1700    500     2400    1300    900     300     300     700     1700    600     1300    900     600     800     600     600     800     
	546    1907 2200    1000    2200    1000    1000    1100    2200    1000    600     800     700     800     800     1100    400     2200    400     1200    800     
	546    1908 2400    1300    2400    1300    1400    2400    2300    700     1000    1000    500     1400    1300    1400    1000    1400    1300    1000    1800    
	546    1909 2300    1000    1900    1000    1100    1300    1900    1000    1000    1000    1100    1000    1100    1300    700     1900    700     900     800     
	546    1910 1500    1200    1300    800     1500    1300    1000    800     400     1200    300     900     1300    800     400     700     1000    600     300     
	546    1911 3300    2500    3300    2500    2000    3300    1200    1900    600     700     2000    1300    1100    2900    1100    1200    700     500     400     
	546    1912 2500    800     2500    800     1400    2500    1300    800     700     700     1400    300     600     2400    200     1300    1200    500     600     
	546    1913 1800    1800    1500    1800    800     1500    1600    900     1800    500     700     800     700     700     1500    800     500     1600    1100    
	546    1914 1700    1600    1700    1600    1300    1700    1200    1600    1300    300     1300    800     1200    600     1700    1100    1100    1000    600     
	546    1915 2000    1000    2000    900     1500    1300    1800    900     500     700     900     1300    1300    600     700     900     1800    500     700     
	546    1916 1200    900     1200    500     800     1200    1100    400     500     600     800     600     700     800     700     800     900     700     600     
	546    1917 1800    1800    1200    1800    900     1000    1600    1200    1600    600     700     700     1000    1000    800     1200    500     500     1100    
	546    1918 1600    1600    1500    1200    1600    1100    1200    900     700     1600    800     900     600     700     900     100     800     1200    500     
	546    1919 1800    1000    1800    1000    1100    1800    1700    700     1000    500     1000    600     700     400     1500    1700    800     400     600     
	546    1920 3900    1100    1400    1100    1100    1200    3900    600     1100    1100    1100    400     1200    800     800     1300    2900    1400    300     
	546    1921 2200    1800    2000    1300    2000    1300    2000    400     1300    1800    1200    2000    800     1300    600     1700    700     1700    500     
	546    1922 2000    1200    1500    1100    1400    700     2000    500     1100    1200    500     1400    700     400     500     700     2000    1100    400     
	546    1923 2500    900     2500    500     1600    2500    1000    500     300     900     1100    400     1100    1400    1300    1000    200     400     1100    
	546    1924 1500    1200    1000    900     1200    1000    1500    900     400     1200    800     300     800     1000    500     400     900     1500    900     
	546    1925 -999999 -999999 -999999 -999999 -999999 -999999 -999999 -999999 -999999 -999999 -999999 -999999 -999999 -999999 -999999 -999999 -999999 -999999 -999999 
	546    1926 -999999 -999999 -999999 -999999 -999999 -999999 -999999 -999999 -999999 -999999 -999999 -999999 -999999 -999999 -999999 -999999 -999999 -999999 -999999 
	546    1927 -999999 -999999 -999999 -999999 -999999 -999999 -999999 -999999 -999999 -999999 -999999 -999999 -999999 -999999 -999999 -999999 -999999 -999999 -999999 
	546    1928 -999999 -999999 -999999 -999999 -999999 -999999 -999999 -999999 -999999 -999999 -999999 -999999 -999999 -999999 -999999 -999999 -999999 -999999 -999999 
	546    1929 -999999 -999999 -999999 -999999 -999999 -999999 -999999 -999999 -999999 -999999 -999999 -999999 -999999 -999999 -999999 -999999 -999999 -999999 -999999 
	546    1930 -999999 -999999 -999999 -999999 -999999 -999999 -999999 -999999 -999999 -999999 -999999 -999999 -999999 -999999 -999999 -999999 -999999 -999999 -999999 
	546    1931 -999999 -999999 -999999 -999999 -999999 -999999 -999999 -999999 -999999 -999999 -999999 -999999 -999999 -999999 -999999 -999999 -999999 -999999 -999999 
	546    1932 2500    -999999 1900    -999999 1600    1900    900     1800    2100    1600    300     600     1900    800     900     700     300     900     1600    
	546    1933 2400    1600    2300    1600    2300    1100    1100    1600    700     1100    2300    900     1000    800     1100    1100    700     700     1700    
	546    1934 2400    2400    2000    2400    1500    1600    1600    800     2400    900     600     1500    1300    1300    800     600     300     1600    500     
	546    1935 1600    1600    1400    700     1600    1200    900     700     300     1600    500     1300    500     1200    1100    900     400     500     600     
	546    1936 2600    2600    1500    900     2600    1200    1100    600     900     2600    900     1100    1200    500     1200    400     900     1100    900     
	546    1937 2000    600     2000    600     1500    1100    1000    600     300     400     500     1200    800     800     1000    600     1000    700     400     
	546    1938 2300    2300    1800    1300    2300    1800    800     500     1300    2300    1400    1600    1800    800     900     800     700     800     1000    
	546    1939 2500    1300    2500    1300    1500    1100    1000    600     700     400     600     1500    1100    500     900     1000    300     300     1700    
	546    1940 2100    1300    2100    1300    2100    1100    1100    1000    1000    900     500     2100    1100    500     700     700     1100    400     600     
	546    1941 3300    1200    3300    1200    1600    3300    1500    1100    300     1200    1000    1600    1600    1700    200     1500    800     500     800     
	546    1942 3000    1900    3000    1600    3000    1200    900     1500    1600    1200    2100    900     1200    400     600     900     600     800     600     
	546    1943 3700    3700    1900    1300    2400    1900    1400    400     1300    2400    1000    1300    900     1900    600     900     1400    500     1000    
	546    1944 2100    2100    1900    1900    1300    1900    700     500     1900    900     1000    700     800     700     1800    500     700     300     1000    
	546    1945 1300    900     1200    600     1100    1200    1300    600     400     900     800     1100    800     1200    500     1000    1300    600     500     
	546    1946 1600    1600    1100    1600    1400    1000    1500    1600    500     1400    1100    700     400     900     700     600     1500    700     1300    
	546    1947 3600    1200    3600    1200    1100    2400    1200    1200    700     400     1100    800     1000    2000    2400    1200    900     400     1200    
	546    1948 3100    3100    1500    1600    1500    1500    1500    300     1600    1500    800     1500    1400    1400    900     800     1300    900     1100    
	546    1949 3100    1100    3100    700     1100    3100    1400    500     600     1100    900     700     1700    1400    2000    600     800     500     700     
	546    1950 1700    1200    1700    800     1200    1300    1000    800     400     800     800     1200    1300    400     500     300     1000    500     1300    
	546    1951 2400    1200    1500    700     1000    1100    2400    500     400     1000    1000    400     1100    700     600     700     2000    300     1300    
	546    1952 1500    1500    1300    1200    1300    1100    700     500     1200    800     1100    1300    800     800     1100    700     600     400     900     
	546    1953 3700    3400    1400    1700    2700    1400    3700    1700    700     2700    1100    1200    700     600     1400    700     3000    1100    900     
	546    1954 1700    1700    1400    1700    1700    700     700     1100    600     1700    1400    1400    700     400     500     300     500     600     600     
	546    1955 1900    1600    1900    1200    1900    1000    1000    900     1200    700     1900    800     800     700     1000    800     700     1000    400     
	546    1956 2500    1700    2500    1300    2500    800     1300    500     1300    1700    1700    800     800     400     400     1300    900     1000    900     
	546    1957 1300    1300    1000    1300    900     900     1100    1300    400     500     900     800     700     500     700     300     700     1100    600     
	546    1958 2700    1300    1900    600     1300    1800    2300    500     200     1300    500     500     1800    800     600     700     900     2300    400     
	546    1959 3800    2100    3800    2100    2400    1800    2000    500     2000    400     800     2400    1600    1500    1800    2000    1000    800     800     
	546    1960 1300    900     1300    500     1200    1300    800     300     500     900     1100    1200    1300    400     200     800     200     200     400     
	546    1961 1700    1700    1300    1200    1700    700     1300    500     1200    1700    700     700     700     700     700     1300    800     1200    700     
	546    1962 2100    1200    2000    1100    1400    1700    2100    600     1100    500     900     500     1700    500     400     900     2100    800     700     
	546    1963 2600    2400    2000    1600    800     1200    1400    1100    1600    800     800     800     1200    800     300     1400    900     900     1700    
	546    1964 1700    1700    1500    1300    1200    1400    1000    1300    700     1200    800     500     800     900     1200    800     600     900     800     
	546    1965 1500    1500    1500    1000    1500    1400    1200    300     1000    1300    400     1500    800     600     600     900     1200    700     300     
	546    1966 1600    1000    1600    1000    1100    1400    1400    1000    600     500     400     1100    1000    400     1400    1400    1100    300     200     
	546    1967 1400    1200    1200    1200    900     1200    1400    1200    900     700     800     500     900     800     1200    700     600     1400    400     
	546    1968 1700    1200    1700    800     1700    800     1600    400     800     500     1700    600     600     700     800     600     1000    1600    1500    
	546    1969 1900    900     1900    900     1000    1900    1800    900     700     700     1000    400     1300    1200    1100    1500    1800    300     700     
	546    1970 4100    1300    3500    800     1200    2300    1400    600     300     500     300     1200    2300    600     800     1400    1200    1000    3100    
	546    1971 2300    1400    2300    1400    1100    2100    2200    1400    800     800     1000    800     700     2000    400     2200    1100    600     900     
	546    1972 3000    1900    2000    1900    1500    1300    3000    1000    800     1500    700     500     500     800     1300    1200    1800    400     2100    
	546    1973 4000    2000    1900    2000    1800    1900    1500    1900    500     1800    500     400     1700    900     1900    1500    900     700     600     
	546    1974 3100    700     2400    700     3100    1300    500     500     600     700     2400    700     800     600     1300    500     400     300     700     
	546    1975 1900    1100    1900    1000    1800    1000    1900    800     1000    200     900     1800    1000    600     1000    800     1900    700     1100    
	546    1976 2400    1500    2400    1500    1900    2400    700     500     1500    1100    1700    800     1700    1200    2400    400     700     500     400     
	546    1977 2100    700     2100    600     1100    1700    2100    400     600     400     600     1100    900     1600    400     2100    1100    500     600     
	546    1978 1800    700     1800    700     1700    1600    1600    700     700     500     800     1700    700     1000    1600    1000    1100    1600    700     
	546    1979 2100    800     2100    800     1200    1200    1700    600     800     500     1200    500     500     800     400     1700    1200    700     400     
	546    1980 3200    1400    3200    1400    3200    800     700     1400    800     1200    900     2700    800     500     600     700     400     500     400     
	546    1981 1900    1200    1800    1200    1900    1300    700     500     1200    300     1800    400     500     1300    1100    700     300     500     700     
	546    1982 1600    1400    1600    1400    1600    1100    1500    1400    1300    600     1600    1100    1000    1100    500     1500    800     500     900     
	546    1983 2000    2000    1900    2000    1300    1900    2000    400     2000    1300    300     300     1900    1800    1200    600     600     1400    800     
	546    1984 1800    1300    1800    1100    1800    1500    700     500     1100    1300    1800    500     800     800     1500    300     700     700     600     
	546    1985 2000    2000    1300    2000    1000    1300    1900    400     2000    500     1000    1000    500     1300    400     800     1900    600     300     
	546    1986 3500    3500    1500    3200    1100    1500    2100    400     2800    1100    600     500     1500    1400    1300    1500    700     400     500     
	546    1987 1400    1400    1300    1400    1200    1300    1200    1400    700     1200    900     800     300     1300    400     500     500     900     900     
	546    1988 1700    900     1700    900     1400    1700    1100    900     700     200     1400    1300    1700    300     900     600     1100    700     500     
	546    1989 2100    1300    2100    1300    1800    2100    1200    1000    600     700     700     1800    1800    2100    900     1000    700     1200    1000    
	546    1990 1800    700     1800    700     1600    1800    900     500     600     600     600     1600    900     1800    800     400     900     500     500     
	546    1991 2600    2400    2300    2400    1500    1600    1400    1200    1200    1000    800     1500    300     600     1000    1400    1200    1100    1500    
	546    1992 2100    1300    2100    1300    2100    1100    800     1200    700     500     1000    2100    900     700     300     800     400     400     1100    
	546    1993 1700    1700    1500    1700    1500    800     1600    500     1500    1000    800     700     700     400     600     500     1000    1500    200     
	546    1994 1600    1100    1600    1100    900     1600    1500    500     1100    400     900     500     900     1600    1100    300     1500    600     400     
	546    1995 2700    1500    2700    300     900     2700    2100    200     300     500     800     800     1300    1000    2300    1000    2100    1100    1000    
	546    1996 2900    2900    2100    2900    2100    1200    900     2100    800     1600    2000    1200    1000    1200    1000    900     600     400     1400    
	546    1997 1900    1700    1900    1700    1900    1900    1700    1700    300     1300    1900    1000    700     600     1900    1700    1100    800     700     
	546    1998 1700    1300    1700    1300    1700    1600    700     1200    1300    800     300     1700    400     700     1600    700     200     700     300     
	546    1999 2000    700     2000    600     1200    1200    1400    300     300     700     800     900     600     900     600     1400    1200    700     200     
	546    2000 900     800     900     800     900     900     700     800     300     500     900     700     700     800     900     700     500     300     800     
	546    2001 1400    1400    1400    1400    1400    800     1000    1400    800     400     400     1400    800     400     600     300     1000    800     1300    
	546    2002 2400    1100    1300    1000    2400    1000    1000    1000    500     1100    1300    700     700     700     1000    1000    500     300     1200    
	546    2003 2900    2100    2900    2100    2200    2900    1300    600     2100    2000    2200    700     2100    1300    2700    1000    1300    500     1000    
	546    2004 1700    1000    1400    1000    1400    800     900     300     700     800     900     1400    700     500     300     900     700     400     1500    
	546    2005 1600    800     1400    800     1000    1100    1600    700     800     500     500     1000    1100    900     600     1000    1600    600     500     
	546    2006 1600    1500    1600    1500    1500    1600    1500    1100    900     1300    1300    1500    1200    1600    400     1500    500     600     900     
	546    2007 3700    900     3500    900     3700    1000    1000    300     800     700     3000    500     700     200     800     600     1000    500     1700    
	546    2008 1800    1800    1600    1800    1600    1000    1000    400     1800    300     1300    1500    1000    500     800     1000    700     500     1100    
	546    2009 1400    1000    1400    1000    1000    800     1400    800     500     800     900     800     600     500     800     1400    700     400     500     
	546    2010 2100    1100    2100    1100    2100    1300    1200    1100    1000    900     2100    1400    1100    1000    400     500     1200    400     500     
	546    2011 2800    1800    1700    800     1700    600     2800    700     700     1700    1700    800     400     600     400     1200    600     2800    500     
	546    2012 2600    2400    1600    800     2600    1600    1000    500     800     2400    300     1100    400     700     1600    1000    1000    600     400     
	546    2013 2300    1400    2200    800     2300    2200    1300    600     800     1400    900     600     1100    2200    700     1100    500     800     500     
	546    2014 1900    1700    1900    500     1800    1900    1900    500     300     1700    1200    600     1900    600     200     1900    700     600     400     
	546    2015 2000    2000    1400    1600    2000    1400    1100    400     1600    2000    1300    900     1100    600     800     700     700     400     800     
	546    2016 1800    1300    1300    500     1300    1300    1200    300     400     1300    500     1100    500     1300    700     900     1200    900     1000    
	546    2017 1800    1300    1800    1300    1300    1200    900     1300    800     1000    1300    1300    1200    500     900     800     900     400     300     
	546    2018 2800    1500    2800    1400    2100    2800    1500    500     1400    500     900     2100    1500    1500    600     700     1200    1500    600     
	546    2019 2000    1700    2000    1700    2000    1600    1000    500     1700    1200    2000    1500    1100    600     1200    1000    500     700     500     
	546    2020 2000    1700    2000    700     2000    1200    1700    700     400     1700    1700    2000    700     900     1200    1700    800     700     400     
	546    2021 -999999 -999999 2200    -999999 1500    1600    1300    -999999 1000    900     1500    600     1600    800     500     1300    400     700     1000    
	546    2022 3300    2800    3300    600     3300    1900    800     500     400     2800    2300    1000    900     1900    1400    400     800     500     900     
	546    2023 3900    1100    3900    1100    2000    1900    900     600     1100    500     400     2000    1900    400     1200    900     700     300     500     
	546    2024 1400    -999999 1400    -999999 800     1400    1200    700     -999999 400     600     800     800     600     800     1200    800     800     700     
	546    2025 2900    1300    2900    1100    2900    1600    1200    1000    1000    1300    1100    2300    1400    700     1600    1000    1100    800     1300    
	546    2026 -999999 -999999 -999999 600     -999999 -999999 -999999 600     400     -999999 -999999 -999999 -999999 -999999 -999999 -999999 -999999 -999999 -999999 
	