EUROPEAN CLIMATE ASSESSMENT & DATASET (ECA&D), file created on: 17-05-2026
THESE DATA CAN BE USED FOR NON-COMMERCIAL RESEARCH AND EDUCATION PROVIDED THAT THE FOLLOWING SOURCE IS ACKNOWLEDGED: 

Klein Tank, A.M.G. and Coauthors, 2002. Daily dataset of 20th-century surface
air temperature and precipitation series for the European Climate Assessment.
Int. J. of Climatol., 22, 1441-1453.
Data and metadata available at http://www.ecad.eu

FILE FORMAT (MISSING VALUE CODE = -999999):

THIS FILE HOLDS DATA FOR STATION NETHERLANDS                              DENEKAMP                                 (STAID:   2389)
LATITUDE: dd:mm:ss +52:22:59
LONGITUDE: ddd:mm:ss +007:01:59
ELEVATION: m   24

DATA IS FOR INDEX Maximum no of consecutive dry days (RR < 1 mm) (CDD) with unit 0.01 No of days

01-06 SOUID: Source identifier
08-11 YEAR : YYYY
13-20 ANNUAL DATA VALUES
21-28 WINTER HALF YEAR DATA VALUES
29-36 SUMMER HALF YEAR DATA VALUES
37-44 WINTER (DJF) DATA VALUES
45-52 SPRING (MAM) DATA VALUES
53-60 SUMMER (JJA) DATA VALUES
61-68 AUTUMN (SON) DATA VALUES
69-76 JANUARY DATA VALUES
etc. 
157-164 DECEMBER DATA VALUES

2389   1904 -999999 -999999 -999999 -999999 -999999 -999999 -999999 -999999 -999999 -999999 -999999 -999999 -999999 -999999 -999999 -999999 -999999 -999999 -999999 
	2389   1905 1600    -999999 1500    -999999 1000    1500    800     1600    500     500     700     1000    1500    700     600     800     500     400     600     
	2389   1906 1900    800     1700    800     1900    1100    1200    400     800     600     1700    700     1100    700     500     1100    700     600     1800    
	2389   1907 1500    1500    1500    1500    1300    1500    1000    1500    1100    800     1000    600     800     1500    500     900     500     900     800     
	2389   1908 2100    1900    2100    1900    1800    1600    2100    1900    1400    1800    400     500     1200    1000    500     2100    1400    1100    1200    
	2389   1909 1800    1700    1100    1700    1100    700     800     900     1700    700     1100    700     700     400     600     500     800     700     900     
	2389   1910 1500    1100    1500    900     1300    1100    1500    800     700     1100    600     1300    900     400     1100    1500    1200    600     400     
	2389   1911 1700    1300    1700    1300    1600    1700    1200    1300    800     1100    1600    900     700     1200    1700    1200    600     1000    600     
	2389   1912 2200    1200    2200    1200    2200    900     1300    1100    1100    500     1700    900     800     900     400     1300    1300    400     800     
	2389   1913 2600    1700    2600    1700    1400    1800    1000    700     1700    500     1000    600     700     600     1800    900     800     400     700     
	2389   1914 1900    1700    1900    1700    1300    1400    1400    1700    1200    500     1300    900     1100    700     1400    1000    600     1400    500     
	2389   1915 2400    1600    2300    1600    1400    1300    2400    1500    400     700     700     1400    1300    400     700     1000    2400    1500    700     
	2389   1916 2000    1500    2000    1100    1500    2000    1100    500     700     1500    1000    900     600     800     1400    1000    800     1000    800     
	2389   1917 3000    3000    1300    3000    1800    1100    1400    1400    1600    1800    600     1100    1000    1000    400     1100    600     500     1000    
	2389   1918 2300    1800    1400    1800    1400    800     2300    1300    700     1100    1400    700     600     500     800     400     900     2300    700     
	2389   1919 3200    3200    2200    3200    2200    1100    1300    1600    1600    1800    1100    2200    1100    400     1000    1300    500     500     800     
	2389   1920 2900    1300    1700    1300    800     1700    2900    700     1300    800     600     500     1700    300     600     1200    1600    1500    900     
	2389   1921 3600    1600    2200    1400    2100    1400    3600    300     1400    800     1000    2100    600     1400    700     1700    1900    2300    1100    
	2389   1922 1700    1700    800     1300    1700    600     1400    1300    1100    1700    700     700     600     400     400     600     1400    900     600     
	2389   1923 1900    900     1900    500     1200    1900    700     500     500     900     1200    500     500     1400    1300    700     400     700     400     
	2389   1924 1600    1600    1400    1600    1400    1100    1600    1200    600     1400    700     700     1000    900     300     500     1000    1600    1200    
	2389   1925 1400    1100    1400    1100    1200    1300    1200    1100    500     500     800     1200    1100    800     1300    400     500     1200    800     
	2389   1926 1000    900     1000    900     1000    900     900     600     900     800     600     400     400     800     500     900     600     500     1000    
	2389   1927 2600    1300    1500    1000    1400    600     1100    500     800     1300    400     1000    400     600     600     900     1000    1100    2000    
	2389   1928 1500    1500    1400    1000    1400    600     1400    500     1000    1400    700     900     600     600     500     1400    800     400     500     
	2389   1929 1900    1900    1300    1900    1800    1300    600     1200    1500    1800    1000    700     500     1300    900     600     600     500     600     
	2389   1930 2300    2300    1400    2000    1600    1100    800     1700    1200    1300    500     500     1100    500     800     600     800     400     800     
	2389   1931 1500    1100    1500    500     1100    1500    1200    500     400     1100    500     700     1100    400     500     600     1200    1200    700     
	2389   1932 1900    1900    1300    1500    1900    1300    1000    1500    1100    1900    700     600     1300    1000    700     400     400     1000    1600    
	2389   1933 1900    1900    1200    1900    1200    1000    1400    1900    700     1200    1200    900     900     800     1000    1100    700     600     1300    
	2389   1934 2200    2100    2200    2100    1700    1400    900     700     2100    700     600     1700    1100    1200    1000    800     400     700     700     
	2389   1935 1900    1500    1900    600     1900    1200    1300    600     400     1500    600     1300    500     1100    900     500     500     1300    600     
	2389   1936 1400    1100    1300    500     1300    1000    1400    300     500     1100    800     900     700     200     1000    400     1100    1000    700     
	2389   1937 1600    600     1600    500     900     1600    1300    500     200     300     600     600     700     1000    1200    400     1000    700     500     
	2389   1938 1700    1400    1700    1400    1300    1700    1300    300     1400    1300    800     700     1700    700     600     1300    1200    1300    1100    
	2389   1939 2300    1200    2300    1200    1300    1800    600     600     700     600     500     1300    1000    500     1800    500     300     300     1600    
	2389   1940 1400    1400    1300    1400    900     1100    1100    1300    800     400     800     900     1100    200     700     1100    700     400     600     
	2389   1941 2400    1200    2400    1200    2400    1900    2400    1100    800     1100    900     1500    1600    800     500     1600    800     900     500     
	2389   1942 2000    1800    2000    1600    2000    900     1000    1600    1500    1200    2000    800     900     600     900     1000    500     800     1000    
	2389   1943 2300    2300    1900    1300    1100    1900    1400    900     1300    1000    700     1100    700     1800    500     900     1400    500     1700    
	2389   1944 2000    1900    2000    1900    900     2000    800     300     1900    800     900     700     700     1400    2000    800     800     400     1200    
	2389   1945 1700    1100    1700    700     1300    1700    1400    400     300     1100    1300    1000    800     1700    700     1300    800     1400    900     
	2389   1946 1800    1500    1800    1500    1800    700     1300    1500    300     1200    1100    1200    400     600     400     700     1300    700     1600    
	2389   1947 1600    700     1600    600     1000    1600    900     600     500     700     1000    800     700     1100    1600    700     800     400     500     
	2389   1948 2100    2100    1400    1500    1400    900     1000    400     1500    1100    1400    1400    900     800     600     800     1000    1000    1300    
	2389   1949 2300    2000    2300    2000    1600    2300    1700    1200    1100    1300    800     1600    1900    1000    1000    800     900     500     600     
	2389   1950 1600    1400    1600    1400    900     1300    1000    1400    300     600     400     900     1300    300     900     300     1000    400     1500    
	2389   1951 2700    1500    1000    1500    1000    700     2700    1200    500     900     1000    800     600     700     400     1000    2000    300     700     
	2389   1952 1200    1000    1200    900     1200    800     1100    500     900     1000    1200    1200    500     800     600     1100    600     700     800     
	2389   1953 2400    1700    1900    1700    1600    1900    1600    1400    700     1600    1200    1500    1200    300     1900    700     1200    1600    800     
	2389   1954 1700    1700    1300    1700    1700    600     900     1100    600     1700    1100    1300    600     300     400     500     900     600     600     
	2389   1955 1800    1300    1800    1300    1000    1800    800     1300    800     800     1000    400     900     800     1800    800     700     600     300     
	2389   1956 1400    1300    1300    1300    1400    700     1300    500     1300    1200    1200    800     400     300     700     1300    700     1000    2400    
	2389   1957 3800    1200    3800    1200    1400    3000    600     1200    300     600     1100    800     3000    600     2500    400     500     600     600     
	2389   1958 1400    1400    1100    600     1400    1000    1200    500     300     1400    800     400     800     1000    600     500     800     1200    3100    
	2389   1959 5200    4000    5200    3600    4100    3200    3900    1000    2800    1600    2500    2400    1500    2500    3100    2000    3000    1700    800     
	2389   1960 1500    1500    1200    500     1500    900     900     400     500     1500    700     1200    900     500     300     800     300     900     500     
	2389   1961 1500    1100    1200    1100    900     700     1300    700     1100    900     500     700     700     500     700     1200    900     1300    1500    
	2389   1962 2100    1500    1400    1100    1400    800     2100    500     1100    1100    1400    400     800     500     500     1300    2100    1100    700     
	2389   1963 2100    2000    1200    1200    800     1100    1100    1000    1200    800     500     800     700     1100    400     1100    900     500     1600    
	2389   1964 2400    2400    1100    2000    1800    1000    1000    2000    600     1800    800     1000    500     1000    900     700     800     900     500     
	2389   1965 2600    1100    1200    1100    800     1200    2600    500     1100    700     400     600     800     400     1200    1200    1400    600     200     
	2389   1966 1800    1800    1600    1800    900     1100    1500    1800    600     700     700     600     1100    300     800     1500    800     500     300     
	2389   1967 1200    900     1200    900     800     1200    1100    900     900     700     800     400     500     600     1200    600     700     1100    300     
	2389   1968 2600    1200    2300    800     2300    800     1000    400     800     400     2300    700     600     800     700     800     1000    800     1900    
	2389   1969 2000    1700    1200    1100    900     1200    2000    900     800     900     900     600     800     1200    600     900     2000    300     1000    
	2389   1970 2200    1200    2200    1200    1300    2200    1300    1200    400     600     300     1300    2200    300     900     1300    1100    800     1000    
	2389   1971 2100    800     2000    700     2100    2000    1600    700     700     600     1500    1200    900     1900    500     1200    1200    500     800     
	2389   1972 2300    2000    1900    1800    1500    1200    2300    600     1800    1500    600     600     600     1200    1100    800     1900    700     1800    
	2389   1973 2500    1500    2500    1500    900     2500    1600    1100    600     900     600     600     2500    1000    2100    1600    800     700     800     
	2389   1974 2600    1000    2300    1000    2600    900     500     500     1000    700     2300    600     500     500     900     400     500     400     500     
	2389   1975 2600    1100    2100    1000    1300    2100    2600    1000    1000    600     700     1300    1000    700     1400    600     2600    800     600     
	2389   1976 2500    1400    2500    1300    2500    2200    1400    500     1000    1400    2300    700     1600    1200    800     600     1200    900     700     
	2389   1977 1900    700     1900    600     1100    1500    1900    500     200     700     500     1100    800     1500    600     1900    1200    400     1200    
	2389   1978 1500    1100    1100    1100    1000    1100    1500    1100    600     400     900     700     900     800     1100    500     1500    1000    800     
	2389   1979 1000    800     1000    800     1000    700     1000    800     800     300     1000    800     600     600     700     900     1000    700     600     
	2389   1980 3000    1500    3000    1400    3000    1300    1100    1400    1400    700     800     2800    1300    1100    700     600     600     500     400     
	2389   1981 2300    1400    1800    1400    2300    1200    1100    1300    700     500     1800    800     500     700     600     1000    300     500     600     
	2389   1982 3700    1500    3700    1400    2000    3700    1500    1400    1300    1500    1600    800     900     2900    800     1500    800     600     400     
	2389   1983 2100    1700    1600    1700    1300    1600    2100    400     1700    1300    700     300     900     1600    1400    900     800     1700    800     
	2389   1984 2100    2000    2100    1100    1500    1800    1900    200     1100    1500    1300    900     800     1200    1800    400     700     1600    500     
	2389   1985 2600    2600    1200    2600    900     400     2200    600     2600    400     800     900     300     300     400     800     2200    500     500     
	2389   1986 3500    3500    2300    3200    1400    2300    2100    400     2800    1400    700     700     1300    800     1800    1500    600     600     700     
	2389   1987 1400    1200    1100    1200    1200    1100    1000    1200    700     1200    900     700     300     800     400     500     1000    800     900     
	2389   1988 1400    1100    1400    1100    1400    1400    1400    1100    600     200     1100    1400    1400    300     800     600     1400    900     800     
	2389   1989 2000    2000    2000    2000    1800    1200    1200    1700    700     700     500     1800    1200    1200    900     700     700     1200    800     
	2389   1990 2000    800     1800    600     1600    1800    2000    500     600     800     600     1600    700     1800    900     600     2000    600     500     
	2389   1991 2600    2000    2600    2000    1200    1800    1400    1000    1000    1100    1200    900     200     1800    1200    1400    900     1000    1600    
	2389   1992 2100    1300    2100    1300    2000    1400    1400    1200    600     600     1000    2000    1200    600     700     1000    700     400     900     
	2389   1993 1700    900     1300    900     900     1300    1700    400     900     900     800     700     1300    400     600     500     1100    1600    200     
	2389   1994 1600    1200    1100    1200    1000    1100    1600    500     1200    500     800     600     1100    1100    800     500     1600    500     500     
	2389   1995 2800    1200    2600    500     1300    2600    1100    500     500     500     800     700     1300    1100    2200    700     1100    1100    1700    
	2389   1996 1600    1600    1300    1500    1600    1300    900     1500    700     1600    1300    600     900     1300    800     900     900     600     1200    
	2389   1997 2000    1800    1900    1800    1900    1900    1600    1800    300     1200    1900    1100    600     1000    1900    1600    800     1200    600     
	2389   1998 1600    900     1600    800     1600    1600    1000    800     800     500     300     1600    200     500     1600    800     400     1000    300     
	2389   1999 1500    800     1500    600     1200    1200    1400    600     500     800     800     700     900     900     500     1400    1000    500     300     
	2389   2000 1300    1300    800     1300    800     800     600     1300    300     600     700     800     600     500     800     600     600     400     700     
	2389   2001 1600    1300    1300    1300    1300    1000    1600    1300    300     500     700     1300    1000    700     700     300     1600    400     1300    
	2389   2002 2400    1000    1500    1000    2400    800     1100    500     500     1000    1400    900     500     700     800     1100    700     800     1300    
	2389   2003 2400    2400    2200    2400    2200    2200    1000    900     2400    2000    2200    700     800     1000    2100    900     1000    1000    1000    
	2389   2004 1400    1400    1200    1300    1100    1000    1200    400     1300    1100    1000    900     700     400     900     1200    600     300     1400    
	2389   2005 1900    800     1900    800     800     1100    1600    600     600     500     600     800     1100    1100    500     1400    1600    700     700     
	2389   2006 1800    1300    1800    1200    1500    1300    1800    1000    600     1300    700     1500    1300    1200    200     1800    800     600     1300    
	2389   2007 4500    1300    3500    1300    4500    800     1300    500     700     1000    3000    500     800     500     800     600     1300    1000    2100    
	2389   2008 2400    1700    1500    1700    1500    1000    1000    300     1700    600     900     1300    1000    500     800     1000    700     600     1200    
	2389   2009 1800    1400    1800    1400    1800    1500    1300    800     600     800     1800    800     700     400     1500    1300    500     300     1300    
	2389   2010 1600    700     1600    700     1600    1300    1200    700     700     700     1600    1400    1100    600     400     600     1200    400     400     
	2389   2011 3800    1600    1500    800     1600    1300    3800    700     800     1600    1500    900     400     1200    300     1200    1200    2600    200     
	2389   2012 2100    1700    1300    1700    2100    1300    1000    500     1200    1400    700     600     700     700     800     900     1000    800     400     
	2389   2013 2500    1400    2500    600     2200    2500    1300    600     600     1400    800     600     1100    2300    600     1100    400     900     400     
	2389   2014 1900    1300    1900    1000    1300    900     1900    500     600     1300    400     700     900     900     500     1900    400     600     600     
	2389   2015 1200    1000    1200    900     1200    700     1000    400     900     1000    1200    800     700     300     400     600     900     400     1000    
	2389   2016 1600    1300    1300    700     1300    900     1300    500     700     1300    800     1200    800     600     900     1300    800     900     1000    
	2389   2017 2100    1400    1400    1400    2100    1400    800     1400    800     1000    1100    700     1400    400     1000    400     800     400     900     
	2389   2018 1600    1600    1600    1300    1100    1600    1600    1000    1300    500     900     1100    800     900     800     1200    1600    700     800     
	2389   2019 1900    1000    1900    1000    1900    1600    700     400     1000    600     1900    900     1100    1000    800     600     500     700     700     
	2389   2020 2800    1600    2700    700     2800    1600    1700    700     500     1600    2700    1800    900     400     1200    1700    800     600     400     
	2389   2021 1300    900     1300    600     900     1300    1100    300     600     600     900     400     1300    800     500     1100    600     700     800     
	2389   2022 3500    1600    3500    700     3500    1200    1000    700     400     1200    2000    1500    600     900     1200    500     1000    500     1200    
	2389   2023 2900    1100    2900    1100    1000    1900    1000    700     1100    500     800     1000    1900    400     1200    1000    300     300     500     
	2389   2024 1700    1700    1100    600     1300    700     1200    600     400     1300    700     1100    700     400     400     1100    500     900     700     
	2389   2025 2700    2200    2700    1300    2700    2200    800     1200    1300    2100    1200    2100    1200    600     2200    800     600     800     1300    
	2389   2026 -999999 -999999 -999999 700     -999999 -999999 -999999 700     500     -999999 -999999 -999999 -999999 -999999 -999999 -999999 -999999 -999999 -999999 
	