EUROPEAN CLIMATE ASSESSMENT & DATASET (ECA&D), file created on: 17-05-2026
THESE DATA CAN BE USED FOR NON-COMMERCIAL RESEARCH AND EDUCATION PROVIDED THAT THE FOLLOWING SOURCE IS ACKNOWLEDGED: 

Klein Tank, A.M.G. and Coauthors, 2002. Daily dataset of 20th-century surface
air temperature and precipitation series for the European Climate Assessment.
Int. J. of Climatol., 22, 1441-1453.
Data and metadata available at http://www.ecad.eu

FILE FORMAT (MISSING VALUE CODE = -999999):

THIS FILE HOLDS DATA FOR STATION NETHERLANDS                              WEHL                                     (STAID:  20635)
LATITUDE: dd:mm:ss +51:57:45
LONGITUDE: ddd:mm:ss +006:12:39
ELEVATION: m   14

DATA IS FOR INDEX Maximum no of consecutive dry days (RR < 1 mm) (CDD) with unit 0.01 No of days

01-06 SOUID: Source identifier
08-11 YEAR : YYYY
13-20 ANNUAL DATA VALUES
21-28 WINTER HALF YEAR DATA VALUES
29-36 SUMMER HALF YEAR DATA VALUES
37-44 WINTER (DJF) DATA VALUES
45-52 SPRING (MAM) DATA VALUES
53-60 SUMMER (JJA) DATA VALUES
61-68 AUTUMN (SON) DATA VALUES
69-76 JANUARY DATA VALUES
etc. 
157-164 DECEMBER DATA VALUES

20635  1886 -999999 -999999 -999999 -999999 -999999 -999999 1900    -999999 -999999 -999999 -999999 -999999 -999999 -999999 -999999 1900    900     300     500     
	20635  1887 3000    2000    3000    2000    1000    3000    800     1600    1500    1000    800     500     2600    900     700     800     700     600     400     
	20635  1888 1400    700     1200    600     800     500     1400    600     600     300     500     800     400     300     500     1200    1400    900     1300    
	20635  1889 1300    900     900     900     600     900     1300    800     300     600     600     500     900     600     400     500     500     1300    800     
	20635  1890 1600    1600    1100    1500    1200    600     1100    400     1400    1200    600     700     400     400     600     1100    700     600     3100    
	20635  1891 3400    2600    1100    2500    900     600     1700    400     2500    900     600     700     600     300     400     1100    600     700     1000    
	20635  1892 1700    1400    1400    800     1700    1200    600     800     600     1100    1400    1100    600     1200    1100    500     500     600     1200    
	20635  1893 4400    1300    3100    1000    4400    1800    900     1000    400     1300    3000    1100    1800    700     1700    400     600     900     600     
	20635  1894 2900    1700    1200    1300    2900    1000    1100    1300    900     1700    1200    800     1000    700     400     1100    400     1000    1300    
	20635  1895 2300    1800    2300    1800    1300    1700    1700    700     1100    1300    1000    1200    900     700     1700    1600    500     400     900     
	20635  1896 1500    1400    1500    1400    1500    1100    1000    900     1100    500     900     1400    600     1100    500     400     200     1000    500     
	20635  1897 2600    1100    1500    1100    900     1300    2600    1100    700     800     700     900     800     1300    500     900     1200    1400    1500    
	20635  1898 1900    1100    1900    900     1200    1900    1400    900     400     800     1200    400     800     1200    1900    1100    1100    1200    600     
	20635  1899 -999999 -999999 2200    -999999 -999999 1900    1500    900     -999999 -999999 300     600     1700    1000    1400    400     1500    800     600     
	20635  1900 1600    1600    1200    1300    1400    900     1000    400     1100    1400    1200    1200    600     900     800     900     500     1000    500     
	20635  1901 2300    1800    2300    1800    2000    2300    1700    1800    1000    600     1000    2000    1200    2300    900     1300    1200    500     600     
	20635  1902 1800    1800    1300    1800    1000    1300    1100    1300    1800    700     1000    800     1300    700     400     1100    600     800     1100    
	20635  1903 1600    1200    1600    1000    1200    1600    1200    1000    600     1200    400     1000    1100    700     400     900     1000    1000    2000    
	20635  1904 2800    1100    2800    1100    1900    2800    1100    500     800     700     900     1900    700     2200    600     1100    900     800     1000    
	20635  1905 1400    1200    1300    1200    1300    1300    1400    1200    600     300     1000    1300    1200    1300    900     700     500     1200    700     
	20635  1906 1900    700     1900    700     1900    1800    1300    300     700     500     1600    800     900     900     1400    1200    900     400     900     
	20635  1907 1600    1000    1600    800     1400    1600    1400    700     800     900     500     900     800     1600    500     800     500     900     400     
	20635  1908 2200    1600    2200    1100    1600    2200    1800    800     1100    1600    700     700     1500    900     600     1500    1200    1100    1700    
	20635  1909 1800    1800    1500    1200    1700    1300    1100    700     1200    1700    1000    1400    700     600     1300    600     400     800     800     
	20635  1910 -999999 1300    -999999 800     2100    -999999 -999999 900     300     1300    800     1300    400     500     -999999 -999999 -999999 -999999 -999999 
	20635  1911 -999999 -999999 -999999 -999999 -999999 -999999 -999999 -999999 -999999 -999999 -999999 -999999 -999999 -999999 -999999 -999999 -999999 -999999 -999999 
	20635  1912 -999999 -999999 -999999 -999999 -999999 -999999 -999999 -999999 -999999 -999999 -999999 -999999 -999999 -999999 -999999 -999999 -999999 -999999 -999999 
	20635  1913 -999999 -999999 -999999 -999999 -999999 -999999 -999999 -999999 -999999 -999999 -999999 -999999 -999999 -999999 -999999 -999999 -999999 -999999 -999999 
	20635  1914 -999999 -999999 -999999 -999999 -999999 -999999 -999999 -999999 -999999 -999999 -999999 -999999 -999999 -999999 -999999 -999999 -999999 -999999 -999999 
	20635  1915 -999999 -999999 -999999 -999999 -999999 -999999 -999999 -999999 -999999 -999999 -999999 -999999 -999999 -999999 -999999 -999999 -999999 -999999 -999999 
	20635  1916 -999999 -999999 -999999 -999999 -999999 -999999 -999999 -999999 -999999 -999999 -999999 -999999 -999999 -999999 -999999 -999999 -999999 -999999 -999999 
	20635  1917 -999999 -999999 -999999 -999999 -999999 -999999 -999999 -999999 -999999 -999999 -999999 -999999 -999999 -999999 -999999 -999999 -999999 -999999 -999999 
	20635  1918 -999999 -999999 -999999 -999999 -999999 -999999 -999999 -999999 -999999 -999999 -999999 -999999 -999999 -999999 -999999 -999999 -999999 -999999 -999999 
	20635  1919 -999999 -999999 -999999 -999999 -999999 -999999 -999999 -999999 -999999 -999999 -999999 -999999 -999999 -999999 -999999 -999999 -999999 -999999 -999999 
	20635  1920 -999999 -999999 -999999 -999999 -999999 -999999 -999999 -999999 -999999 -999999 -999999 -999999 -999999 -999999 -999999 -999999 -999999 -999999 -999999 
	20635  1921 -999999 -999999 -999999 -999999 -999999 -999999 -999999 -999999 -999999 -999999 -999999 -999999 -999999 -999999 -999999 -999999 -999999 -999999 -999999 
	20635  1922 -999999 -999999 -999999 -999999 -999999 -999999 -999999 -999999 -999999 -999999 -999999 -999999 -999999 -999999 -999999 -999999 -999999 -999999 -999999 
	20635  1923 -999999 -999999 -999999 -999999 -999999 -999999 -999999 -999999 -999999 -999999 -999999 -999999 -999999 -999999 -999999 -999999 -999999 -999999 -999999 
	20635  1924 -999999 -999999 -999999 -999999 -999999 -999999 -999999 -999999 -999999 -999999 -999999 -999999 -999999 -999999 -999999 -999999 -999999 -999999 -999999 
	20635  1925 -999999 -999999 -999999 -999999 -999999 -999999 -999999 -999999 -999999 -999999 -999999 -999999 -999999 -999999 -999999 -999999 -999999 -999999 -999999 
	20635  1926 -999999 -999999 -999999 -999999 -999999 -999999 -999999 -999999 -999999 -999999 -999999 -999999 -999999 -999999 -999999 -999999 -999999 -999999 -999999 
	20635  1927 -999999 -999999 -999999 -999999 -999999 -999999 -999999 -999999 -999999 -999999 -999999 -999999 -999999 -999999 -999999 -999999 -999999 -999999 -999999 
	20635  1928 -999999 -999999 -999999 -999999 -999999 -999999 -999999 -999999 -999999 -999999 -999999 -999999 -999999 -999999 -999999 -999999 -999999 -999999 -999999 
	20635  1929 -999999 -999999 -999999 -999999 -999999 -999999 -999999 -999999 -999999 -999999 -999999 -999999 -999999 -999999 -999999 -999999 -999999 -999999 -999999 
	20635  1930 -999999 -999999 -999999 -999999 -999999 -999999 -999999 -999999 -999999 -999999 -999999 -999999 -999999 -999999 -999999 -999999 -999999 -999999 -999999 
	20635  1931 -999999 -999999 -999999 -999999 -999999 -999999 -999999 -999999 -999999 -999999 -999999 -999999 -999999 -999999 -999999 -999999 -999999 -999999 -999999 
	20635  1932 -999999 -999999 -999999 -999999 -999999 -999999 -999999 -999999 -999999 -999999 -999999 -999999 -999999 -999999 -999999 -999999 -999999 -999999 -999999 
	20635  1933 -999999 -999999 -999999 -999999 -999999 -999999 -999999 -999999 -999999 -999999 -999999 -999999 -999999 -999999 -999999 -999999 -999999 -999999 -999999 
	20635  1934 -999999 -999999 -999999 -999999 -999999 -999999 -999999 -999999 -999999 -999999 -999999 -999999 -999999 -999999 -999999 -999999 -999999 -999999 -999999 
	20635  1935 -999999 -999999 -999999 -999999 -999999 -999999 -999999 -999999 -999999 -999999 -999999 -999999 -999999 -999999 -999999 -999999 -999999 -999999 -999999 
	20635  1936 -999999 -999999 -999999 -999999 -999999 -999999 -999999 -999999 -999999 -999999 -999999 -999999 -999999 -999999 -999999 -999999 -999999 -999999 -999999 
	20635  1937 -999999 -999999 -999999 -999999 -999999 -999999 -999999 -999999 -999999 -999999 -999999 -999999 -999999 -999999 -999999 -999999 -999999 -999999 -999999 
	20635  1938 -999999 -999999 -999999 -999999 -999999 -999999 -999999 -999999 -999999 -999999 -999999 -999999 -999999 -999999 -999999 -999999 -999999 -999999 -999999 
	20635  1939 -999999 -999999 -999999 -999999 -999999 -999999 -999999 -999999 -999999 -999999 -999999 -999999 -999999 -999999 -999999 -999999 -999999 -999999 -999999 
	20635  1940 -999999 -999999 -999999 -999999 -999999 -999999 -999999 -999999 -999999 -999999 -999999 -999999 -999999 -999999 -999999 -999999 -999999 -999999 -999999 
	20635  1941 -999999 -999999 -999999 -999999 -999999 -999999 -999999 -999999 -999999 -999999 -999999 -999999 -999999 -999999 -999999 -999999 -999999 -999999 -999999 
	20635  1942 -999999 -999999 -999999 -999999 -999999 -999999 -999999 -999999 -999999 -999999 -999999 -999999 -999999 -999999 -999999 -999999 -999999 -999999 -999999 
	20635  1943 -999999 -999999 -999999 -999999 -999999 -999999 -999999 -999999 -999999 -999999 -999999 -999999 -999999 -999999 -999999 -999999 -999999 -999999 -999999 
	20635  1944 -999999 -999999 -999999 -999999 -999999 -999999 -999999 -999999 -999999 -999999 -999999 -999999 -999999 -999999 -999999 -999999 -999999 -999999 -999999 
	20635  1945 -999999 -999999 -999999 -999999 -999999 -999999 -999999 -999999 -999999 -999999 -999999 -999999 -999999 -999999 -999999 -999999 -999999 -999999 -999999 
	20635  1946 -999999 -999999 -999999 -999999 -999999 -999999 -999999 -999999 -999999 -999999 -999999 -999999 -999999 -999999 -999999 -999999 -999999 -999999 -999999 
	20635  1947 -999999 -999999 -999999 -999999 -999999 -999999 -999999 -999999 -999999 -999999 -999999 -999999 -999999 -999999 -999999 -999999 -999999 -999999 -999999 
	20635  1948 -999999 -999999 -999999 -999999 -999999 -999999 -999999 -999999 -999999 -999999 -999999 -999999 -999999 -999999 -999999 -999999 -999999 -999999 -999999 
	20635  1949 -999999 -999999 -999999 -999999 -999999 -999999 -999999 -999999 -999999 -999999 -999999 -999999 -999999 -999999 -999999 -999999 -999999 -999999 -999999 
	20635  1950 -999999 -999999 -999999 -999999 -999999 -999999 -999999 -999999 -999999 -999999 -999999 -999999 -999999 -999999 -999999 -999999 -999999 -999999 -999999 
	20635  1951 2200    -999999 1100    -999999 1000    900     2200    900     400     900     1000    900     900     700     700     800     1900    300     500     
	20635  1952 2000    900     2000    900     2000    1100    1100    500     900     900     2000    2000    500     1000    1100    1100    900     600     700     
	20635  1953 2500    1700    1200    1100    1600    1200    1700    800     700     1600    1200    900     700     600     1200    700     1400    1700    900     
	20635  1954 1800    1800    1600    1800    1700    600     900     1100    700     1700    1100    1600    600     400     300     900     900     600     600     
	20635  1955 2200    1200    2200    900     1200    1800    1000    900     800     900     1200    600     900     800     1800    700     800     1000    500     
	20635  1956 1200    1200    1200    800     1200    700     1200    500     800     1200    1000    800     400     400     700     1200    900     1000    600     
	20635  1957 1500    800     1100    700     1500    900     1000    700     300     500     1100    800     600     600     700     300     1000    600     400     
	20635  1958 1300    1300    1200    600     1300    1200    1200    600     300     1300    700     500     1200    800     600     500     800     1200    700     
	20635  1959 3700    2800    3700    2800    1500    2300    2700    800     2000    400     1000    1500    1600    2300    1700    2000    1800    1200    800     
	20635  1960 1500    1200    1500    900     1400    1500    900     400     900     1200    1000    1200    1500    400     700     900     400     400     600     
	20635  1961 1500    1500    1400    1000    1500    700     1400    500     1000    1500    700     600     700     700     700     1400    1200    900     1500    
	20635  1962 2800    1300    2000    1200    1500    1700    2800    500     1200    1300    1000    500     1700    600     500     700     2400    900     700     
	20635  1963 2100    2000    1300    1200    900     1200    1000    1000    1200    800     500     900     400     1200    400     900     1000    500     1600    
	20635  1964 1800    1800    1200    1300    1200    900     1000    1300    600     1200    800     1200    500     800     900     700     700     900     600     
	20635  1965 2600    2600    1700    1300    1300    1100    1700    400     1300    1300    400     700     800     300     1100    1700    1400    600     400     
	20635  1966 1700    1100    1700    1100    700     1400    1600    1100    600     600     700     600     1400    300     800     1600    800     400     300     
	20635  1967 1200    900     1200    900     1000    1200    1000    800     900     700     1000    400     800     800     1200    700     900     1000    400     
	20635  1968 2200    1200    2200    800     2200    700     1600    500     800     700     2200    500     600     500     700     600     1000    1600    1600    
	20635  1969 2300    1700    2300    1200    1200    1100    2000    1200    700     1000    1000    800     1100    700     900     2000    2000    400     900     
	20635  1970 2400    1300    2400    600     1200    2300    1300    600     400     800     200     1200    2300    500     900     1300    1200    800     900     
	20635  1971 2100    1400    2100    1400    2000    2000    2100    1400    800     500     1500    800     900     1900    500     2100    1200    600     900     
	20635  1972 2300    1900    1700    1700    1500    1200    2300    600     1700    1500    900     800     300     1000    1200    700     1900    500     1800    
	20635  1973 3700    2300    2600    2300    1800    2600    1300    1900    600     1800    600     400     2600    600     2000    1300    900     900     500     
	20635  1974 2400    900     2200    900     2400    1400    500     500     900     800     2200    700     1100    600     1400    300     300     400     500     
	20635  1975 1500    1100    1400    1100    1400    1400    1500    600     1100    400     700     1400    1000    700     1000    800     1500    800     700     
	20635  1976 2500    1300    2500    1300    2500    2200    800     500     900     1100    2300    800     1600    1200    1400    600     800     600     500     
	20635  1977 2300    800     1700    600     1100    1700    2300    400     400     700     400     1100    800     1600    500     1400    2300    400     1200    
	20635  1978 1700    1100    1700    1100    1200    1100    1500    1100    800     300     900     1200    800     1000    1100    400     1500    1000    800     
	20635  1979 1100    900     900     900     600     600     1100    900     600     200     600     400     600     500     500     900     1100    400     400     
	20635  1980 2700    1500    2700    1400    2700    700     1100    1400    1400    700     900     2600    500     700     700     700     600     500     400     
	20635  1981 1800    1300    1800    1300    1100    1800    1100    1200    700     600     1000    600     600     700     1800    1000    300     500     600     
	20635  1982 2000    1400    2000    1400    1600    2000    1500    1400    1400    900     1600    800     600     1700    300     1500    800     600     400     
	20635  1983 1800    1700    1600    1700    1300    1600    1800    400     1700    1300    400     300     700     1600    1100    900     800     1400    700     
	20635  1984 2000    1700    2000    1100    1300    1800    1700    300     1100    1300    1300    900     700     1200    1800    200     700     1400    700     
	20635  1985 2200    2000    900     2000    900     600     2200    900     2000    400     900     700     300     600     400     900     2200    600     500     
	20635  1986 3400    3400    2400    3100    1400    2400    2500    300     2800    1400    500     500     700     800     1800    1500    1000    700     500     
	20635  1987 1600    1500    1600    1500    1200    1600    1200    1500    700     1200    1000    700     500     1300    400     900     500     900     900     
	20635  1988 2000    1200    2000    1100    1400    2000    2000    1100    600     300     1200    1400    2000    300     800     600     1100    900     800     
	20635  1989 2000    1300    2000    1300    1800    1500    1200    1000    700     700     500     1800    1500    700     900     800     700     1200    800     
	20635  1990 2200    1400    1700    1400    1600    1700    1800    1400    300     800     500     1600    1000    1700    900     600     1800    600     800     
	20635  1991 2600    2400    2600    2400    1600    1200    1400    1100    1300    1300    900     1600    200     1100    1200    1400    900     1000    1500    
	20635  1992 2200    1300    2200    1300    1800    2200    1600    1200    600     500     1100    1800    1100    1400    800     1200    700     300     900     
	20635  1993 1700    1000    1100    900     1000    1100    1700    500     900     1000    800     700     1100    400     600     500     1100    1600    200     
	20635  1994 1900    1100    1900    1100    1900    1300    1700    400     1100    400     1600    600     600     1300    500     400     1700    500     600     
	20635  1995 2600    1200    2600    500     1600    2600    1100    500     500     500     900     700     1300    1300    1200    900     1100    700     1700    
	20635  1996 1800    1800    1300    1800    1600    1300    800     1800    800     1600    1300    1300    1300    1300    800     800     800     400     1200    
	20635  1997 2200    1800    2200    1800    1900    1700    2200    1800    400     1200    1900    1000    600     800     1700    2200    1700    700     500     
	20635  1998 1800    1000    1800    1000    1600    1800    1000    1000    800     600     300     1600    300     500     1700    600     200     1000    300     
	20635  1999 2500    700     2500    700     700     1200    1400    700     400     500     600     700     1200    900     1100    1400    1300    400     200     
	20635  2000 1300    1300    1100    1300    900     1100    800     1300    300     900     600     800     1100    600     800     800     400     300     700     
	20635  2001 1300    1100    1000    1100    1000    800     700     1100    500     400     400     1000    700     700     800     200     700     700     1300    
	20635  2002 2300    1100    1500    1100    2300    700     1100    1000    600     1000    1300    700     500     700     700     1100    500     600     700     
	20635  2003 2200    2000    2200    1900    2200    1700    1100    600     1900    2000    2200    700     1200    1200    1600    1100    900     1000    1000    
	20635  2004 1500    1300    1500    1300    1400    1500    1200    400     1300    900     1300    1400    500     600     900     1200    700     500     1400    
	20635  2005 1600    700     1400    600     800     1100    1600    600     600     500     600     800     1100    1100    900     800     1600    400     700     
	20635  2006 2000    1300    2000    1000    1300    2000    1300    1000    500     1300    1200    1000    1300    2000    400     1300    900     500     1000    
	20635  2007 3600    1000    3500    900     3600    900     1300    400     600     1000    3000    500     900     300     900     600     1300    700     1400    
	20635  2008 1800    1800    1200    1800    1200    700     1000    300     1800    400     700     1200    700     500     700     1000    700     700     1200    
	20635  2009 1500    1000    1500    1000    1000    700     1500    800     200     1000    900     800     600     400     700     1500    500     300     600     
	20635  2010 1700    900     1700    900     1700    1300    1400    900     700     600     1700    800     1100    600     300     500     1200    1400    400     
	20635  2011 1800    1300    1700    700     1700    600     1800    700     700     1200    1400    1500    400     400     300     1200    1200    1800    300     
	20635  2012 1700    1700    1300    1700    1600    1300    1100    500     1200    1400    600     600     600     700     700     1000    1100    700     100     
	20635  2013 2000    1200    2000    800     1900    2000    1500    500     800     1100    800     600     1200    2000    600     1300    500     900     600     
	20635  2014 1900    1300    1900    500     1300    900     1900    500     500     1300    900     900     800     900     500     1900    400     1100    600     
	20635  2015 1600    1600    1200    1400    1600    700     1300    400     1400    1600    1200    800     700     400     600     600     900     400     500     
	20635  2016 1800    1100    1300    700     1100    1100    1300    700     400     1100    500     1100    1100    700     900     1300    1100    900     900     
	20635  2017 2200    1300    1400    1300    2200    1400    900     1300    500     1100    1100    700     1400    400     900     500     900     400     400     
	20635  2018 4700    1700    4700    1400    1200    4700    1600    400     1400    500     900     1200    1000    3100    600     700     1600    1100    500     
	20635  2019 2100    900     2100    900     2100    1600    700     400     900     600     2100    900     1100    1100    700     600     500     700     700     
	20635  2020 2000    1800    1400    400     2000    1200    1300    300     400     1800    1400    1000    900     800     1200    1300    900     500     400     
	20635  2021 -999999 -999999 -999999 -999999 1000    -999999 1100    -999999 600     1000    900     400     1300    -999999 500     1100    600     700     800     
	20635  2022 2200    2200    1900    700     1900    1400    900     700     400     1900    1400    700     600     1300    1400    500     700     700     1000    
	20635  2023 2800    1100    2800    1100    900     1900    900     900     1100    500     600     900     1900    300     1200    900     700     200     400     
	20635  2024 1100    -999999 1100    -999999 1000    800     1100    700     -999999 400     500     1000    800     600     500     1100    500     800     700     
	20635  2025 4400    3200    2800    1200    4300    2500    1500    1200    900     3100    1200    2200    1100    600     2500    1300    800     800     1300    
	20635  2026 -999999 -999999 -999999 1000    -999999 -999999 -999999 1000    500     -999999 -999999 -999999 -999999 -999999 -999999 -999999 -999999 -999999 -999999 
	