EUROPEAN CLIMATE ASSESSMENT & DATASET (ECA&D), file created on: 17-05-2026
THESE DATA CAN BE USED FOR NON-COMMERCIAL RESEARCH AND EDUCATION PROVIDED THAT THE FOLLOWING SOURCE IS ACKNOWLEDGED: 

Klein Tank, A.M.G. and Coauthors, 2002. Daily dataset of 20th-century surface
air temperature and precipitation series for the European Climate Assessment.
Int. J. of Climatol., 22, 1441-1453.
Data and metadata available at http://www.ecad.eu

FILE FORMAT (MISSING VALUE CODE = -999999):

THIS FILE HOLDS DATA FOR STATION NETHERLANDS                              EINDHOVEN                                (STAID:   2566)
LATITUDE: dd:mm:ss +51:26:58
LONGITUDE: ddd:mm:ss +005:22:36
ELEVATION: m   23

DATA IS FOR INDEX Maximum no of consecutive dry days (RR < 1 mm) (CDD) with unit 0.01 No of days

01-06 SOUID: Source identifier
08-11 YEAR : YYYY
13-20 ANNUAL DATA VALUES
21-28 WINTER HALF YEAR DATA VALUES
29-36 SUMMER HALF YEAR DATA VALUES
37-44 WINTER (DJF) DATA VALUES
45-52 SPRING (MAM) DATA VALUES
53-60 SUMMER (JJA) DATA VALUES
61-68 AUTUMN (SON) DATA VALUES
69-76 JANUARY DATA VALUES
etc. 
157-164 DECEMBER DATA VALUES

2566   1950 -999999 -999999 -999999 -999999 -999999 -999999 -999999 -999999 -999999 -999999 -999999 -999999 -999999 -999999 -999999 -999999 -999999 -999999 -999999 
	2566   1951 6400    -999999 6400    -999999 1000    6000    2200    3000    700     900     1000    900     2900    3000    800     800     1900    300     3100    
	2566   1952 3100    3200    1900    3100    1900    1100    800     500     2800    1000    1900    1400    800     1000    1100    800     700     700     3000    
	2566   1953 2500    1700    1400    1700    1600    1400    1700    1700    700     1600    1200    1100    600     300     1400    800     1300    1700    800     
	2566   1954 1700    1700    1200    1700    1500    600     700     1000    700     1500    1100    900     600     600     500     600     700     600     600     
	2566   1955 1900    1000    1900    900     1900    1300    1100    900     400     1000    1900    600     900     1300    900     800     700     1100    500     
	2566   1956 2000    1700    1200    1200    2000    800     1200    500     1200    1700    1100    800     800     300     500     1200    900     1000    500     
	2566   1957 1500    1200    1400    1200    1400    1200    1500    1200    300     600     1000    800     1000    700     700     300     1500    800     600     
	2566   1958 1700    1400    1200    800     1400    900     1700    500     300     1400    600     400     900     700     600     1200    800     1700    700     
	2566   1959 3700    2800    3700    2800    1300    1700    2000    800     2000    300     900     1300    1600    1700    1700    2000    900     800     800     
	2566   1960 1400    900     1400    700     1400    900     800     500     700     900     700     1100    900     500     300     800     300     400     600     
	2566   1961 1700    1700    1300    1100    1700    700     1300    600     1100    1700    700     800     700     700     600     1300    900     900     1500    
	2566   1962 2200    2000    2200    1300    1500    1700    2200    500     1300    1200    1000    500     1700    400     700     1200    2200    400     700     
	2566   1963 2900    2000    2100    1200    900     1500    1800    1000    1200    800     600     900     1200    1200    900     1800    1300    500     2400    
	2566   1964 4400    1800    4400    1300    1200    4100    1000    1300    600     1200    800     1000    800     1000    3100    800     700     900     500     
	2566   1965 1300    1300    1300    1300    1300    1300    1200    300     1300    1300    500     700     800     500     600     1000    1200    700     300     
	2566   1966 1600    1600    1500    1600    900     900     1500    1600    600     600     400     900     900     400     700     1500    800     400     100     
	2566   1967 1200    900     1200    900     800     1200    1100    900     900     700     800     200     600     800     1200    700     500     1100    400     
	2566   1968 2200    1200    2000    800     2000    1000    1600    300     800     700     2000    500     600     800     500     600     1500    1600    1500    
	2566   1969 2400    1100    1800    800     1100    900     2400    800     600     1100    1000    700     800     700     900     1600    2100    300     700     
	2566   1970 1800    1300    1800    600     800     1600    1200    600     400     800     400     600     1600    1000    800     1200    1200    700     600     
	2566   1971 2200    1700    2200    1700    2000    2200    2100    1400    1000    500     1500    800     400     2100    700     2100    1100    400     1100    
	2566   1972 2300    1500    1600    1400    1500    1300    2300    600     800     1500    900     600     400     1300    1100    700     1900    500     1800    
	2566   1973 3100    2100    1300    2100    1800    1300    1200    1300    600     1800    500     400     1000    400     1300    800     900     900     800     
	2566   1974 3300    1100    2200    1000    3300    900     400     600     1000    1100    2200    900     800     600     900     300     300     400     400     
	2566   1975 1800    1200    1800    1200    1800    1000    1800    900     1200    400     900     1800    1000    600     1000    900     1800    800     700     
	2566   1976 2300    1500    2300    1500    1800    2300    900     500     1500    1100    1600    600     1700    1100    2300    500     800     900     500     
	2566   1977 2300    1300    1700    600     1100    1700    2300    400     300     1000    600     1100    900     1600    500     1000    2300    500     900     
	2566   1978 1300    1300    1100    1300    1000    1100    1300    600     1300    500     900     900     700     1000    1000    1000    1300    900     700     
	2566   1979 1900    900     1200    800     900     1200    1900    800     500     200     700     900     600     700     700     1000    1300    700     400     
	2566   1980 1400    1400    1300    1400    1300    1100    900     1400    800     1200    800     1300    1100    500     800     700     500     700     400     
	2566   1981 2100    1600    2100    1600    1100    1100    1000    600     1600    500     600     900     1000    800     1100    1000    300     500     600     
	2566   1982 1600    1500    1600    1500    1600    1100    1400    1100    1500    900     1600    900     400     1100    800     1400    800     600     1000    
	2566   1983 3600    1700    1800    1700    1200    1800    3600    500     1700    1200    800     300     1300    1600    1800    900     1200    2400    500     
	2566   1984 2300    1300    2300    1100    1500    2000    800     400     1100    1300    1500    700     700     1100    2000    400     700     700     800     
	2566   1985 2200    2000    1600    2000    1000    1600    2200    500     2000    900     1000    700     300     1600    400     800     2200    500     400     
	2566   1986 3800    3800    1500    3500    1400    1400    3300    700     2800    1400    600     400     700     1200    1400    1500    1800    600     600     
	2566   1987 1900    1600    1500    1600    1300    700     1100    1600    600     1200    1100    800     400     700     700     1100    500     900     1500    
	2566   1988 2500    900     2500    900     1200    2500    1400    900     500     300     1000    1200    2500    500     800     600     900     1400    700     
	2566   1989 3100    1400    2100    1400    1900    1400    2000    1000    700     700     400     1900    1100    1200    1400    800     700     2000    1100    
	2566   1990 2100    1700    1800    1400    1700    1800    1100    1400    600     1700    600     1600    900     1800    900     600     1100    700     900     
	2566   1991 2500    1600    2300    1600    1600    1200    1400    900     1200    1300    900     1600    300     600     900     1400    900     1000    1500    
	2566   1992 1800    1500    1800    1500    1800    1400    1500    1200    900     500     800     1800    1100    700     700     1500    800     300     1100    
	2566   1993 1900    1700    1800    1700    1800    1600    1600    600     1500    1500    1100    700     1200    500     600     400     1000    1600    300     
	2566   1994 3300    1400    3300    1100    1400    3300    1700    500     1100    700     1400    500     2000    1700    400     500     1700    1100    700     
	2566   1995 2800    1300    2600    400     1300    2600    1200    300     400     500     900     900     1300    1300    2200    500     1100    1200    1700    
	2566   1996 3100    3100    1900    3100    1900    1400    1100    2100    1000    1600    1900    1100    1000    1400    700     1100    900     400     1300    
	2566   1997 2900    1800    2300    1800    1900    1900    2900    1800    400     1500    1900    900     600     600     1900    2300    1800    500     800     
	2566   1998 2100    2000    2100    2000    1700    2100    1000    1100    2000    1100    300     1700    600     500     2000    1000    500     1000    400     
	2566   1999 2500    800     2500    700     1200    1300    1400    300     500     800     800     600     600     900     1100    1400    1000    600     400     
	2566   2000 1500    1300    1500    1300    1300    1500    800     1300    400     500     1100    600     800     800     1500    800     300     400     1100    
	2566   2001 1400    900     1400    900     1400    900     1100    900     400     600     300     1400    900     600     900     100     1100    900     1400    
	2566   2002 2400    1400    1400    1400    2400    900     1000    1400    500     1000    1400    800     700     600     900     1000    600     700     1300    
	2566   2003 2300    2200    2300    2200    2300    1800    1400    1100    2200    2000    2300    700     800     1800    1600    1100    1400    1200    900     
	2566   2004 1700    900     1300    900     1300    1100    1300    300     600     900     900     1300    500     500     600     900     1300    600     1500    
	2566   2005 2200    1200    2200    800     900     2200    1600    800     700     900     500     800     2200    1100    600     1000    1600    700     800     
	2566   2006 1800    1800    1700    1800    1400    1500    1400    1100    700     1300    900     1400    1300    1500    400     1400    700     600     1100    
	2566   2007 3800    1000    3600    1000    3800    800     1000    300     700     800     3000    600     600     300     800     600     1000    600     1600    
	2566   2008 1800    1800    1400    1800    1400    800     900     500     1800    400     900     1300    700     400     800     900     600     800     1100    
	2566   2009 2000    1100    2000    1000    1000    2000    1900    800     600     1000    800     800     1500    500     800     1500    700     400     600     
	2566   2010 1600    1000    1600    1000    1600    1300    1400    1000    800     800     1600    800     1100    1000    400     600     1200    1400    500     
	2566   2011 2500    1300    1500    800     1500    700     2500    600     800     1200    1500    800     400     500     300     1200    1200    2500    300     
	2566   2012 3000    2400    1000    900     3000    1000    1100    500     900     2400    600     700     600     600     800     1000    1100    1000    400     
	2566   2013 2200    1100    2200    900     1900    2200    1400    700     900     1100    800     500     1200    2200    600     1200    400     800     600     
	2566   2014 1700    1700    1700    500     1700    1700    1700    500     500     1700    1500    500     1700    700     200     1700    600     1000    400     
	2566   2015 2000    1700    2000    1500    2000    1100    1000    400     1500    1700    2000    600     1100    400     800     600     700     400     600     
	2566   2016 1800    1800    1400    600     1800    900     1300    500     600     1800    600     1400    700     900     900     1000    1200    900     900     
	2566   2017 1400    1400    1400    1400    1100    1400    1300    1400    800     1100    1100    800     1400    400     1000    900     1300    500     300     
	2566   2018 4900    1400    4900    1300    800     4900    2200    400     1300    400     700     800     2200    2700    600     800     2200    1200    600     
	2566   2019 1700    1700    1600    1700    1500    1600    1000    500     1700    700     1500    1500    1100    1200    800     1000    400     700     500     
	2566   2020 2200    1100    1900    1100    2200    1600    1800    1100    300     1100    1500    1900    500     800     1000    1800    900     700     400     
	2566   2021 1300    800     1300    700     1000    1300    1100    600     600     800     1000    700     1300    800     600     1100    600     700     1000    
	2566   2022 3300    3300    2000    900     3000    1300    1100    900     400     3000    1700    1500    1000    1300    1200    500     1100    800     900     
	2566   2023 3800    1100    3800    1100    1900    1900    900     500     1100    500     700     1900    1900    500     1100    900     800     300     500     
	2566   2024 1200    1000    1200    800     1000    800     1200    800     200     1000    500     600     800     800     800     1200    400     1000    700     
	2566   2025 2900    2500    2900    1100    2900    2400    1700    1100    1000    2400    1200    2300    1700    900     2400    1500    1400    800     1200    
	2566   2026 -999999 1200    -999999 1200    -999999 -999999 -999999 1200    400     900     1900    -999999 -999999 -999999 -999999 -999999 -999999 -999999 -999999 
	