EUROPEAN CLIMATE ASSESSMENT & DATASET (ECA&D), file created on: 17-05-2026
THESE DATA CAN BE USED FOR NON-COMMERCIAL RESEARCH AND EDUCATION PROVIDED THAT THE FOLLOWING SOURCE IS ACKNOWLEDGED: 

Klein Tank, A.M.G. and Coauthors, 2002. Daily dataset of 20th-century surface
air temperature and precipitation series for the European Climate Assessment.
Int. J. of Climatol., 22, 1441-1453.
Data and metadata available at http://www.ecad.eu

FILE FORMAT (MISSING VALUE CODE = -999999):

THIS FILE HOLDS DATA FOR STATION NETHERLANDS                              GIETHOORN                                (STAID:   2419)
LATITUDE: dd:mm:ss +52:43:00
LONGITUDE: ddd:mm:ss +006:04:00
ELEVATION: m   -1

DATA IS FOR INDEX Maximum no of consecutive dry days (RR < 1 mm) (CDD) with unit 0.01 No of days

01-06 SOUID: Source identifier
08-11 YEAR : YYYY
13-20 ANNUAL DATA VALUES
21-28 WINTER HALF YEAR DATA VALUES
29-36 SUMMER HALF YEAR DATA VALUES
37-44 WINTER (DJF) DATA VALUES
45-52 SPRING (MAM) DATA VALUES
53-60 SUMMER (JJA) DATA VALUES
61-68 AUTUMN (SON) DATA VALUES
69-76 JANUARY DATA VALUES
etc. 
157-164 DECEMBER DATA VALUES

2419   1941 -999999 -999999 -999999 -999999 -999999 1900    1500    -999999 -999999 -999999 -999999 1300    1600    800     500     1500    800     700     800     
	2419   1942 3100    3100    3000    2100    3000    1200    1100    2100    1500    1500    2000    1000    1200    500     600     1100    400     800     800     
	2419   1943 3100    3100    2000    1300    1800    2000    1400    900     1300    1800    1200    1100    900     1800    600     1200    1400    600     1500    
	2419   1944 2100    2100    1900    1900    1300    1900    1300    600     1900    1100    1000    700     1000    700     1800    1300    800     200     800     
	2419   1945 1400    1000    1400    800     1400    1300    1400    800     300     1000    1400    1100    700     1300    500     1300    900     1400    600     
	2419   1946 1900    1600    1900    1600    1900    900     1500    1600    400     900     1700    1200    400     900     500     700     1500    700     1300    
	2419   1947 2400    1900    2400    1900    2100    2400    1000    700     1300    400     900     2100    600     1100    2400    700     800     400     300     
	2419   1948 2100    2100    1400    1500    1400    1400    1200    200     1500    900     1400    1100    1000    1400    1000    700     700     1200    1100    
	2419   1949 2400    1300    1600    800     1500    1600    2400    800     800     1300    800     600     1300    1200    1200    800     1600    600     500     
	2419   1950 1600    1400    1600    1400    900     1300    900     1400    400     800     900     900     1300    400     600     200     900     400     1600    
	2419   1951 2200    1400    1400    1200    1100    900     2200    1000    400     1000    1100    700     900     700     700     1000    2000    400     600     
	2419   1952 1300    1100    1300    1100    1300    800     800     1100    600     1000    1100    1300    700     800     600     500     800     500     700     
	2419   1953 2400    2000    1400    1100    1600    1000    1600    900     1100    1600    1200    1300    500     600     1000    700     1000    1600    900     
	2419   1954 1800    1800    1400    1800    1600    800     600     1100    700     1600    1300    1400    400     600     700     300     300     600     700     
	2419   1955 1600    1600    1400    1200    1200    1400    800     1100    1200    800     1200    800     900     1300    700     800     700     600     300     
	2419   1956 1600    1600    1300    1600    1500    500     1300    500     1100    1200    900     800     500     400     400     1300    700     900     600     
	2419   1957 1400    1100    1100    1100    1400    1100    600     1100    400     700     1100    800     1100    300     800     400     500     600     600     
	2419   1958 2900    1900    1200    600     1900    1000    2200    500     300     1900    600     600     1000    900     700     600     800     2200    700     
	2419   1959 2700    2100    2400    2100    2400    1800    2700    500     2000    400     900     2400    1500    1800    700     2000    1800    700     1300    
	2419   1960 1400    1400    1400    500     1400    900     900     400     500     1400    700     1200    900     300     500     900     300     300     500     
	2419   1961 1500    1000    1000    1000    1000    700     1400    700     1000    900     500     1000    700     600     700     700     800     1400    1500    
	2419   1962 2100    2000    900     1200    1100    800     2100    600     1200    1100    900     400     800     500     300     400     2100    800     700     
	2419   1963 2400    2400    1800    1600    900     600     1800    1100    1600    800     600     900     600     500     400     1800    900     500     1800    
	2419   1964 2400    2400    1300    1600    1800    1300    1000    1600    600     1800    700     900     700     900     500     700     700     900     500     
	2419   1965 1500    1500    1200    700     1300    1200    1200    500     700     1300    500     700     700     400     1200    1100    1200    700     300     
	2419   1966 1600    1000    1600    1000    900     1000    1500    1000    800     600     300     900     1000    300     800     1500    800     700     300     
	2419   1967 1800    800     1800    800     800     1800    1100    800     800     700     800     300     1800    700     1100    700     300     1100    400     
	2419   1968 2300    1300    1800    1300    1800    1000    1300    500     1300    900     1800    700     1000    500     700     1000    1000    1300    1600    
	2419   1969 1700    1200    1500    900     1200    1500    1700    900     600     1200    900     600     800     1500    600     1500    1700    300     600     
	2419   1970 2000    1200    2000    800     1300    2000    1300    800     400     800     300     1300    2000    300     900     1300    1100    700     700     
	2419   1971 1700    700     1400    700     1400    1200    1700    700     600     600     1100    800     400     1100    600     1200    1100    600     900     
	2419   1972 2200    1500    1600    1300    1500    1100    2200    1000    900     1500    600     700     400     1000    1100    700     1800    500     1800    
	2419   1973 2600    2000    2500    1100    2000    2500    1400    1000    600     2000    1000    500     2500    600     2100    1400    800     500     500     
	2419   1974 3200    1100    2100    1000    3200    1200    800     400     1000    1100    2100    900     800     300     1200    800     300     400     400     
	2419   1975 2000    1200    2000    1100    900     2000    1400    700     1100    300     900     700     1100    700     1400    900     1400    700     700     
	2419   1976 2600    1300    2600    1300    2500    2600    1400    500     1000    1100    2300    800     1600    1100    2600    1400    800     500     300     
	2419   1977 2000    800     1700    600     1600    1500    2000    500     500     400     500     1600    1300    1500    700     1100    2000    500     700     
	2419   1978 1700    1100    1700    1100    1700    1100    1400    1100    900     400     1700    1000    1100    1100    600     500     1400    900     800     
	2419   1979 1000    900     1000    900     700     700     1000    900     600     300     700     500     600     700     500     1000    900     400     400     
	2419   1980 3000    1500    3000    1400    3000    900     700     1400    1400    800     1500    2800    900     900     700     500     600     500     400     
	2419   1981 2300    1300    2200    1300    2300    1100    1100    1200    1200    500     1800    800     600     600     1100    1100    300     700     600     
	2419   1982 1900    1900    1600    1900    1600    1100    1400    1900    1600    700     1600    1000    500     1100    700     1200    800     600     900     
	2419   1983 1600    1600    1600    1600    1200    1600    1600    500     1600    1200    400     300     1300    1600    1600    900     600     1300    800     
	2419   1984 2700    1200    2700    1100    1800    2600    1100    400     1100    1200    1800    600     800     1300    2600    300     700     1100    500     
	2419   1985 2300    2200    900     2200    900     600     2300    900     2200    500     800     900     600     600     400     900     2300    600     500     
	2419   1986 2500    2500    1700    2500    1100    1700    2100    400     2100    1100    700     1000    1300    1000    800     1500    700     600     400     
	2419   1987 1400    1400    1400    1400    1200    1400    900     1300    1400    1200    900     700     300     1400    500     500     600     900     900     
	2419   1988 2000    1100    2000    1100    1900    2000    1500    500     1100    200     1500    1900    2000    300     900     700     1400    800     500     
	2419   1989 2100    1300    2100    1300    1900    2000    1400    1000    600     700     500     1900    1700    2000    800     900     400     1400    1100    
	2419   1990 1900    1000    1900    1000    1900    1700    1900    700     700     900     500     1900    1000    1700    1000    500     1900    500     900     
	2419   1991 2900    2100    2900    2100    1600    1400    1500    1100    1000    1100    800     1600    400     600     1400    1500    1300    800     1600    
	2419   1992 1900    1300    1900    1300    1900    1300    1000    1200    700     500     800     1900    1100    700     800     1000    400     600     1200    
	2419   1993 1900    1800    1100    1800    1500    1100    1600    500     1500    1500    800     700     1100    300     400     500     1000    1600    300     
	2419   1994 1700    1300    1300    1300    1000    1300    1700    600     1300    500     900     600     500     1300    800     600     1700    600     400     
	2419   1995 2700    1500    2700    500     1600    2700    1400    500     500     500     900     700     1300    1000    2300    700     1400    700     1700    
	2419   1996 3000    3000    1300    3000    1600    1300    1200    2100    900     1600    1300    600     800     1300    600     1000    1200    400     500     
	2419   1997 2000    1800    2000    1800    1000    2000    1600    1800    300     900     900     1000    600     600     2000    1600    900     600     500     
	2419   1998 1600    1300    1600    1300    1600    1600    1300    1000    1300    1000    300     1600    200     600     1600    1300    200     1000    300     
	2419   1999 1900    600     1900    600     1700    1500    1400    300     300     600     800     1700    900     900     600     1400    1000    400     200     
	2419   2000 1100    1100    900     1100    900     700     600     1100    300     500     900     800     600     700     600     600     600     500     600     
	2419   2001 1300    1300    1000    1300    1000    1000    700     1300    300     500     700     1000    800     600     1000    200     700     700     1000    
	2419   2002 2300    1100    1300    1100    2300    900     1100    1000    500     1000    1300    800     500     900     900     1100    700     900     1900    
	2419   2003 2200    2200    1700    2200    2000    1700    1500    500     2200    2000    1400    700     1000    1200    1600    1100    1500    1000    1000    
	2419   2004 1500    1500    1500    900     1400    1500    1200    400     700     1100    1100    1400    600     600     900     1200    1000    400     1400    
	2419   2005 1800    1100    1400    800     1100    1100    1800    500     600     1100    600     700     1100    900     600     800     1800    600     700     
	2419   2006 2700    1600    2700    1600    1300    1300    2700    1000    900     1200    1300    1100    1300    1100    400     2700    1100    600     900     
	2419   2007 3700    1100    3500    1000    3700    1200    1300    400     700     900     3000    500     1200    400     1000    400     1300    1000    1300    
	2419   2008 1500    1500    1200    1500    1200    900     1000    400     1500    200     1100    1200    900     300     900     1000    600     600     800     
	2419   2009 1700    1000    1700    1000    1700    1200    1400    800     500     1000    1700    700     1000    200     900     1400    500     200     500     
	2419   2010 2500    700     2500    600     2500    1400    1200    500     600     700     2500    1600    1200    700     400     300     1200    700     700     
	2419   2011 2700    1600    2700    700     2700    600     2000    600     700     1600    1900    800     400     400     300     900     600     2000    500     
	2419   2012 2500    2200    1000    800     2500    900     1000    500     800     2200    400     700     600     700     800     1000    500     600     200     
	2419   2013 2200    1400    2000    800     2200    2000    1300    800     400     1400    1000    600     1100    2000    700     1100    500     1000    400     
	2419   2014 2400    1800    2400    600     1700    1000    2300    500     600     1700    500     600     800     900     500     2300    700     600     600     
	2419   2015 1400    1400    1200    1400    1200    800     1400    400     1400    1000    1200    500     700     300     800     600     1000    400     400     
	2419   2016 1700    1300    1300    500     1300    800     1300    500     500     1300    500     1100    800     400     800     1300    1300    1000    700     
	2419   2017 2200    1300    1200    1300    2200    1200    800     1300    400     1100    1100    900     1200    400     800     800     700     400     500     
	2419   2018 2200    1700    1800    1400    1500    1800    2200    900     1400    500     900     1500    900     1800    600     800     2200    700     500     
	2419   2019 1500    1000    1500    1000    1000    1500    500     600     1000    600     1000    900     1000    1000    900     400     500     400     700     
	2419   2020 2500    1700    2500    700     2500    1100    1300    700     500     1700    2500    1100    1100    500     900     1300    800     700     400     
	2419   2021 1700    1700    1500    1000    1300    1200    1500    300     1000    900     1300    400     1200    900     500     1500    500     400     1000    
	2419   2022 3100    1900    3100    1000    3100    1400    1100    1000    400     1500    2100    1000    1400    1300    1400    500     1100    400     1700    
	2419   2023 2900    1100    2900    1100    1000    1900    1000    600     1100    500     800     1000    1900    300     1200    1000    700     300     500     
	2419   2024 1300    700     1300    700     800     1300    1200    700     400     500     400     800     1100    600     700     1200    500     900     800     
	2419   2025 2900    2900    2200    1200    2700    2200    1100    1100    900     2700    1100    1900    1200    600     2200    900     800     700     1200    
	2419   2026 -999999 1100    -999999 1100    -999999 -999999 -999999 1100    500     900     1000    -999999 -999999 -999999 -999999 -999999 -999999 -999999 -999999 
	