EUROPEAN CLIMATE ASSESSMENT & DATASET (ECA&D), file created on: 17-05-2026
THESE DATA CAN BE USED FOR NON-COMMERCIAL RESEARCH AND EDUCATION PROVIDED THAT THE FOLLOWING SOURCE IS ACKNOWLEDGED: 

Klein Tank, A.M.G. and Coauthors, 2002. Daily dataset of 20th-century surface
air temperature and precipitation series for the European Climate Assessment.
Int. J. of Climatol., 22, 1441-1453.
Data and metadata available at http://www.ecad.eu

FILE FORMAT (MISSING VALUE CODE = -999999):

THIS FILE HOLDS DATA FOR STATION NETHERLANDS                              LEENDE                                   (STAID:   2462)
LATITUDE: dd:mm:ss +51:19:59
LONGITUDE: ddd:mm:ss +005:31:59
ELEVATION: m   25

DATA IS FOR INDEX Maximum no of consecutive dry days (RR < 1 mm) (CDD) with unit 0.01 No of days

01-06 SOUID: Source identifier
08-11 YEAR : YYYY
13-20 ANNUAL DATA VALUES
21-28 WINTER HALF YEAR DATA VALUES
29-36 SUMMER HALF YEAR DATA VALUES
37-44 WINTER (DJF) DATA VALUES
45-52 SPRING (MAM) DATA VALUES
53-60 SUMMER (JJA) DATA VALUES
61-68 AUTUMN (SON) DATA VALUES
69-76 JANUARY DATA VALUES
etc. 
157-164 DECEMBER DATA VALUES

2462   1950 -999999 -999999 -999999 -999999 -999999 -999999 -999999 -999999 -999999 -999999 -999999 -999999 -999999 -999999 -999999 -999999 -999999 -999999 -999999 
	2462   1951 2200    -999999 1200    -999999 1200    900     2200    900     400     900     1200    600     900     700     700     700     1900    300     1300    
	2462   1952 1900    1700    1900    1700    1900    1100    900     500     1700    1000    1900    1400    500     800     1100    800     700     900     700     
	2462   1953 3600    1700    1400    800     1400    900     2800    800     700     1400    1300    1300    700     300     900     700     1000    2800    900     
	2462   1954 1700    1700    1700    1700    1700    600     700     1000    700     1500    1100    1700    500     600     500     500     700     600     600     
	2462   1955 1900    900     1900    900     1900    1300    900     900     400     800     1900    500     900     1300    900     800     700     900     500     
	2462   1956 1500    1300    1200    1300    1500    800     1200    500     1300    1200    700     800     800     300     500     1200    1000    1000    500     
	2462   1957 1800    1000    1400    500     1800    1300    1500    500     300     600     1400    800     900     700     500     300     1500    800     900     
	2462   1958 1300    1300    1200    900     1300    1200    1300    500     400     1300    600     400     1200    900     600     600     800     1300    700     
	2462   1959 3000    2300    3000    2300    2500    2000    2000    800     1500    300     900     2500    1600    2000    1000    2000    900     800     800     
	2462   1960 1300    900     1300    700     1000    1300    900     400     700     900     700     1000    1300    400     500     900     500     400     600     
	2462   1961 1500    1500    1200    1100    1500    700     1200    600     1100    1500    600     900     700     700     700     1200    800     900     1400    
	2462   1962 2300    1500    1900    1100    1200    1400    2300    500     1100    1200    600     500     1400    400     500     1100    2300    500     700     
	2462   1963 2000    2000    1800    1200    1000    1000    1800    1000    1200    800     800     900     600     1000    600     1800    1300    500     1300    
	2462   1964 1800    1800    1600    1300    1400    1200    1000    1300    600     1200    800     1400    500     1200    1200    800     700     800     500     
	2462   1965 2600    2600    1100    1300    1300    1100    1400    300     1300    1300    400     800     800     300     600     1100    1200    1400    300     
	2462   1966 1600    1100    1600    1100    1600    1000    1500    1100    600     900     600     1600    1000    300     800     1500    700     400     400     
	2462   1967 1200    900     1200    900     800     1200    1000    900     900     700     800     500     800     500     1200    800     800     1000    400     
	2462   1968 2400    1100    2400    700     2400    1000    1100    500     700     400     2400    600     600     800     800     600     1100    1100    1300    
	2462   1969 2400    1200    1800    1200    1000    1200    2400    1200    600     1000    1000    600     1100    700     900     1600    2100    400     700     
	2462   1970 1800    1300    1800    600     800     1300    1200    500     300     800     400     700     1300    500     800     1200    1200    700     1000    
	2462   1971 2100    1300    2100    1300    2100    2000    2100    1300    800     500     1600    1200    500     1900    1000    2100    1100    400     1100    
	2462   1972 3200    2100    1800    2100    1500    1300    3200    1000    800     1500    900     800     800     1100    1300    1400    1800    500     1800    
	2462   1973 3100    1800    1400    1700    1800    1400    1200    1300    600     1800    500     400     1000    400     1400    500     900     1000    600     
	2462   1974 3300    1100    2200    1000    3300    900     500     600     1000    1100    2200    800     900     600     900     500     400     400     400     
	2462   1975 1600    1200    1600    1200    1400    1000    1400    900     1200    300     900     1400    1000    600     900     1000    1400    800     1100    
	2462   1976 2800    1500    2800    1500    2800    2100    800     500     1500    1100    2600    600     1700    1100    1400    500     800     400     600     
	2462   1977 2300    1300    2000    600     1100    1600    2300    400     600     1000    700     1100    400     1600    400     2000    2300    500     800     
	2462   1978 1200    1200    1200    1200    900     1200    1200    600     1200    500     900     900     700     1100    1000    1200    1100    900     800     
	2462   1979 1400    700     1200    700     900     1200    1400    700     500     200     500     900     600     700     600     1000    1200    700     400     
	2462   1980 1600    1400    1600    1400    1600    800     1600    1400    800     700     900     1600    700     500     800     800     400     1300    400     
	2462   1981 2000    900     2000    900     700     1100    1000    400     900     600     600     400     1100    500     1000    1000    300     500     700     
	2462   1982 1700    1500    1600    1500    1700    1100    1500    1000    1500    1200    1600    600     400     1100    800     1500    800     600     1000    
	2462   1983 2200    1700    1600    1700    1200    1600    2200    500     1700    1200    600     200     900     1600    1300    900     700     2200    500     
	2462   1984 2300    1300    2300    1100    1400    2000    700     300     1100    1300    1400    700     700     1000    2000    300     700     700     1200    
	2462   1985 2200    2000    1100    2000    1100    1100    2200    700     2000    500     1100    700     500     800     800     800     2200    500     400     
	2462   1986 3800    3800    1500    3500    1400    1400    3200    700     2800    1400    600     800     700     1100    1400    1500    1700    400     700     
	2462   1987 1700    1200    1700    1100    1700    800     1000    800     700     1200    1700    700     400     800     700     600     400     800     1000    
	2462   1988 2000    800     2000    600     1200    2000    1700    500     600     200     1200    800     2000    600     800     600     900     1000    700     
	2462   1989 1800    1300    1800    1300    1800    1400    1300    1000    800     700     400     1800    1100    1300    1400    900     700     1300    800     
	2462   1990 1700    1600    1700    800     1600    1700    1000    800     600     1600    600     1600    900     1700    900     600     1000    600     500     
	2462   1991 2500    1800    2400    1800    1500    1200    1500    1100    1200    1400    800     1500    300     600     900     1500    900     1000    1500    
	2462   1992 1700    1400    1700    1400    1100    1700    1600    1200    1300    500     800     1100    900     1100    600     1300    500     300     1100    
	2462   1993 1800    1800    1200    1800    1600    800     1600    500     1500    1600    1200    600     700     400     700     500     500     1600    200     
	2462   1994 1800    1100    1700    1100    1400    1700    1800    500     1100    400     1400    500     800     1700    400     500     1800    600     400     
	2462   1995 2700    600     2200    500     1100    2200    1100    200     500     500     800     700     1300    1100    1800    800     600     1100    1600    
	2462   1996 2300    2300    1300    2300    1600    1300    1600    2200    800     1600    1200    700     1000    1300    700     1000    1600    500     1200    
	2462   1997 2000    1800    2000    1800    1900    2000    2000    1800    500     1500    1900    900     600     700     2000    1600    1700    700     800     
	2462   1998 1900    1400    1900    1400    1700    1900    700     1200    1400    1000    400     1700    600     1000    1900    600     400     700     300     
	2462   1999 2500    900     2500    400     1300    1200    1400    400     300     900     900     1000    600     900     1100    1400    1000    400     400     
	2462   2000 1600    1000    1600    1000    700     1600    600     1000    400     400     600     700     700     800     1500    600     400     300     800     
	2462   2001 1300    1000    1300    1000    1300    900     1000    1000    400     300     400     1300    800     800     800     200     1000    800     700     
	2462   2002 1600    1000    1600    1000    1300    900     1100    1000    400     1000    1300    700     900     500     700     1100    800     600     1100    
	2462   2003 2800    2000    2800    1900    2200    2800    1300    600     1900    2000    2200    700     700     1700    2700    1100    1300    1200    1000    
	2462   2004 1400    900     1200    900     1200    1000    900     200     700     900     700     1200    600     500     500     900     700     400     1400    
	2462   2005 1700    1100    1300    1100    900     1100    1700    500     800     900     500     700     1100    1100    900     800     1700    700     1000    
	2462   2006 1600    1300    1600    1000    1300    1600    1300    1000    600     1300    600     1000    1200    1600    400     1300    1200    600     1000    
	2462   2007 3800    1000    3500    1000    3800    900     700     300     600     700     3000    600     700     700     900     600     700     500     1900    
	2462   2008 1700    1700    1600    1700    1600    900     900     500     1700    400     700     1400    600     400     900     900     700     800     1100    
	2462   2009 1400    1000    1400    900     1000    1400    900     800     600     1000    900     800     1000    600     700     900     700     400     1000    
	2462   2010 2400    1300    2400    1300    1700    2400    1300    1300    800     900     1700    800     2000    700     400     500     1300    900     600     
	2462   2011 2500    1100    1500    700     1500    1300    2500    600     700     1100    1500    800     300     1100    300     900     1200    2500    200     
	2462   2012 2700    2400    1700    900     2700    1700    1100    500     900     2400    400     700     600     600     1700    1000    1100    1000    400     
	2462   2013 2200    1100    2200    800     1900    2200    1300    700     800     1100    800     500     1200    2200    600     1100    400     800     500     
	2462   2014 1700    1600    1700    500     1600    1600    1700    500     500     1600    800     600     1600    1000    200     1700    400     600     400     
	2462   2015 1700    1700    1500    1000    1700    1500    1100    400     1000    1700    1200    900     800     700     600     600     700     700     400     
	2462   2016 1800    1700    1800    600     1700    1800    1300    600     600     1700    600     1500    400     1800    700     1300    800     900     700     
	2462   2017 1800    1100    1800    800     1400    1800    1100    800     800     1100    1400    700     1800    400     1000    800     1100    300     300     
	2462   2018 4100    1400    4100    1300    900     4100    2200    700     1300    400     900     800     1600    2500    600     700     2200    700     600     
	2462   2019 2100    1700    2100    1700    2100    1600    1000    400     1700    1400    2100    800     1100    1200    700     1000    500     700     500     
	2462   2020 2400    1100    2400    1000    2200    1500    1300    1000    300     1100    1500    2100    400     500     1500    1300    900     1000    400     
	2462   2021 -999999 -999999 1400    -999999 1300    1200    1200    -999999 600     800     1100    600     1200    800     500     1200    600     900     1100    
	2462   2022 3300    3300    2200    1000    3000    2000    900     1000    400     3000    1700    1700    900     2000    1200    400     700     700     700     
	2462   2023 3900    1300    3900    1300    2000    1900    1700    600     1300    500     700     2000    1900    700     700     900     1000    300     200     
	2462   2024 1100    -999999 800     -999999 900     800     1100    800     -999999 900     600     600     800     500     800     800     400     900     700     
	2462   2025 2900    2200    2900    1200    2900    2700    1700    1200    900     2100    1200    2300    1000    800     2700    1500    500     700     1300    
	2462   2026 -999999 -999999 -999999 1300    -999999 -999999 -999999 1300    400     -999999 -999999 -999999 -999999 -999999 -999999 -999999 -999999 -999999 -999999 
	