EUROPEAN CLIMATE ASSESSMENT & DATASET (ECA&D), file created on: 17-05-2026
THESE DATA CAN BE USED FOR NON-COMMERCIAL RESEARCH AND EDUCATION PROVIDED THAT THE FOLLOWING SOURCE IS ACKNOWLEDGED: 

Klein Tank, A.M.G. and Coauthors, 2002. Daily dataset of 20th-century surface
air temperature and precipitation series for the European Climate Assessment.
Int. J. of Climatol., 22, 1441-1453.
Data and metadata available at http://www.ecad.eu

FILE FORMAT (MISSING VALUE CODE = -999999):

THIS FILE HOLDS DATA FOR STATION NETHERLANDS                              DEVENTER                                 (STAID:   2391)
LATITUDE: dd:mm:ss +52:16:00
LONGITUDE: ddd:mm:ss +006:13:00
ELEVATION: m    6

DATA IS FOR INDEX Maximum no of consecutive dry days (RR < 1 mm) (CDD) with unit 0.01 No of days

01-06 SOUID: Source identifier
08-11 YEAR : YYYY
13-20 ANNUAL DATA VALUES
21-28 WINTER HALF YEAR DATA VALUES
29-36 SUMMER HALF YEAR DATA VALUES
37-44 WINTER (DJF) DATA VALUES
45-52 SPRING (MAM) DATA VALUES
53-60 SUMMER (JJA) DATA VALUES
61-68 AUTUMN (SON) DATA VALUES
69-76 JANUARY DATA VALUES
etc. 
157-164 DECEMBER DATA VALUES

2391   1918 -999999 -999999 -999999 -999999 -999999 -999999 900     -999999 -999999 -999999 -999999 -999999 -999999 -999999 700     300     900     900     500     
	2391   1919 2200    2000    2200    2000    2000    1400    1200    500     1400    900     600     2000    800     600     1400    1200    1000    600     1000    
	2391   1920 2800    1200    1400    1200    700     1400    2800    700     1200    700     500     600     1400    300     700     1000    1600    1400    1300    
	2391   1921 2300    1500    1600    1300    1400    1600    1800    400     1300    800     1000    1400    800     1600    800     1200    1600    1800    500     
	2391   1922 2100    2100    1500    2100    1600    1200    1700    2000    1100    1600    700     700     1200    300     700     400     1400    1700    600     
	2391   1923 1500    1500    1400    600     1500    1400    800     400     600     1500    1100    600     400     1300    1400    700     600     800     500     
	2391   1924 2100    1700    1200    1400    1700    1200    1900    1200    1300    1700    700     500     900     1200    400     600     1100    1900    2100    
	2391   1925 1700    1000    1700    1000    1200    1600    800     1000    400     400     600     1200    1600    900     1100    300     800     700     600     
	2391   1926 1800    1400    1600    900     1800    500     1100    900     900     1400    1600    400     300     400     400     1100    600     500     900     
	2391   1927 2000    1400    1500    1100    1400    600     1200    800     1100    1400    700     1100    400     300     600     900     1200    900     1400    
	2391   1928 2400    1500    2400    1000    1400    2000    2300    300     1000    1400    1000    700     600     2000    500     2300    500     700     500     
	2391   1929 5000    5000    1900    2900    2100    1900    900     1400    2800    2100    1000    800     700     1900    900     800     700     700     500     
	2391   1930 2200    2200    2000    1300    1100    2000    1000    700     1300    900     600     500     2000    600     800     500     1000    400     600     
	2391   1931 1500    1200    1500    600     1200    1500    1200    500     600     1200    400     800     1000    500     600     1000    1200    1100    700     
	2391   1932 2600    2600    1300    2600    1800    1300    1000    2500    1200    1800    800     600     1300    400     800     400     500     1000    1700    
	2391   1933 2200    1900    1500    1900    1500    1000    1500    1900    1000    1200    1500    900     900     900     900     1100    900     900     1300    
	2391   1934 2000    1900    2000    1900    1500    1400    1000    700     1900    900     600     1500    700     1200    1400    800     400     1000    300     
	2391   1935 1900    1600    1900    600     1900    1300    500     600     400     1600    600     1300    400     900     1100    500     500     500     700     
	2391   1936 1900    1900    1500    1200    1900    1400    1900    300     1200    1900    400     1100    1400    300     1200    400     1600    1000    900     
	2391   1937 1500    1000    1500    500     1000    1500    1300    500     300     400     600     700     600     900     1200    500     1000    800     500     
	2391   1938 1400    1300    1400    1300    1300    1100    1400    300     1300    1300    900     700     1100    700     700     1400    1200    1100    1200    
	2391   1939 2500    1300    2500    1300    1500    1500    1100    500     800     400     600     1500    1000    600     1500    1100    400     300     1500    
	2391   1940 1700    1500    1700    1500    900     1100    900     1400    800     400     700     900     1100    300     800     900     900     400     500     
	2391   1941 1500    1200    1500    1100    1400    1000    1500    1100    600     1200    1000    1400    1000    700     400     1500    800     900     800     
	2391   1942 2100    2100    2100    1600    2100    1200    1000    1300    1600    1100    2100    900     1200    600     600     1000    500     800     800     
	2391   1943 3100    3100    1800    1300    1800    1800    1400    600     1300    1800    700     1100    400     1800    600     900     1400    700     900     
	2391   1944 -999999 -999999 -999999 1800    -999999 -999999 -999999 600     1800    -999999 -999999 -999999 -999999 -999999 -999999 -999999 -999999 -999999 -999999 
	2391   1945 -999999 -999999 -999999 -999999 -999999 -999999 -999999 -999999 -999999 -999999 -999999 -999999 -999999 -999999 -999999 -999999 -999999 -999999 -999999 
	2391   1946 -999999 -999999 -999999 -999999 -999999 -999999 -999999 -999999 -999999 -999999 -999999 -999999 -999999 -999999 -999999 -999999 -999999 -999999 -999999 
	2391   1947 -999999 -999999 -999999 -999999 -999999 -999999 -999999 -999999 -999999 -999999 -999999 -999999 -999999 -999999 -999999 -999999 -999999 -999999 -999999 
	2391   1948 -999999 -999999 -999999 -999999 -999999 -999999 -999999 -999999 -999999 -999999 -999999 -999999 -999999 -999999 -999999 -999999 -999999 -999999 -999999 
	2391   1949 -999999 -999999 -999999 -999999 -999999 -999999 -999999 -999999 -999999 -999999 -999999 -999999 -999999 -999999 -999999 -999999 -999999 -999999 -999999 
	2391   1950 -999999 -999999 -999999 -999999 -999999 -999999 -999999 -999999 -999999 -999999 -999999 -999999 -999999 -999999 -999999 -999999 -999999 -999999 -999999 
	2391   1951 2700    -999999 1200    -999999 1000    800     2700    900     600     900     1000    500     800     800     600     1000    1900    300     700     
	2391   1952 1300    1000    1300    800     1300    1100    1000    500     800     1000    1300    1200    800     900     1100    1000    800     300     700     
	2391   1953 2500    2100    1500    1100    1600    1500    2300    800     1100    1600    1400    1300    1000    400     1500    700     1600    1700    900     
	2391   1954 1800    1800    1300    1800    1300    700     700     1100    700     900     1100    1300    700     300     600     300     700     600     600     
	2391   1955 2700    2700    1200    1200    1500    1100    800     900     1200    1500    1200    400     900     900     1100    800     800     800     700     
	2391   1956 1300    1200    1300    900     1300    500     1300    500     800     1200    1100    800     500     400     300     1300    1000    1000    600     
	2391   1957 1400    1200    1300    1200    1400    1300    600     1200    400     500     1100    800     1300    600     700     300     500     600     600     
	2391   1958 2500    1300    1100    600     1300    1100    1800    600     300     1300    600     500     1000    1100    600     500     800     1800    700     
	2391   1959 2800    2800    2400    2800    1100    2400    2700    800     2000    400     1000    1100    1100    2400    700     2000    1800    800     800     
	2391   1960 1400    1200    1400    600     1400    800     800     600     500     1200    600     1200    800     400     400     800     500     400     600     
	2391   1961 1300    1000    1200    1000    900     700     1300    700     1000    900     400     900     700     400     700     1200    1200    1300    800     
	2391   1962 1500    1300    1500    1200    1500    1300    1000    500     1200    1100    1000    500     1300    500     500     500     1000    900     700     
	2391   1963 2300    2300    1300    1500    900     1200    1100    1000    1500    800     500     900     700     1200    400     1100    900     500     1600    
	2391   1964 3000    3000    1600    1800    1800    1600    1000    1800    1200    1800    800     1000    800     1000    1100    700     700     900     700     
	2391   1965 1400    900     1200    900     800     1200    1400    500     900     700     400     700     800     300     1200    1100    1400    1400    400     
	2391   1966 1600    1100    1600    1100    600     1100    1600    1100    400     400     600     600     1100    600     800     1500    800     800     300     
	2391   1967 1500    900     1500    900     1000    1500    1000    900     900     700     1000    400     800     1200    1100    700     600     1000    400     
	2391   1968 2600    1100    2200    800     2200    700     1000    500     800     800     2200    400     600     600     700     600     1000    1000    1900    
	2391   1969 2300    1600    2300    900     1100    1200    2000    900     700     1100    1000    800     1000    1200    900     2000    1700    300     600     
	2391   1970 2300    1200    2300    800     1200    2300    1200    800     400     800     300     1200    2300    400     900     1200    1100    800     900     
	2391   1971 2300    1200    2300    1200    2000    1700    2200    1200    500     500     1500    900     900     1600    500     2200    1200    600     800     
	2391   1972 3000    2000    1700    1800    1600    1200    3000    1000    1800    1600    900     800     500     1200    1200    1200    1800    700     2100    
	2391   1973 4000    2300    2500    2300    1800    2500    1300    1900    500     1800    700     400     2500    500     2000    1300    900     700     500     
	2391   1974 3300    1100    2200    1000    3300    900     500     400     1000    1100    2200    700     800     600     900     400     300     400     500     
	2391   1975 2100    1100    2100    1100    800     2100    1400    600     1100    300     700     800     1000    700     1400    700     1400    800     1100    
	2391   1976 2500    1500    2500    1500    2500    2100    900     500     1500    1100    2300    700     1700    1100    1400    600     800     500     500     
	2391   1977 2100    800     2100    600     1100    1700    2100    400     600     400     400     1100    800     1600    500     2100    2000    500     600     
	2391   1978 1300    1100    1300    1100    1200    1000    1000    1100    600     500     900     1200    1000    900     800     500     1000    1000    700     
	2391   1979 1400    1000    1100    1000    600     600     1400    1000    600     400     600     400     500     600     600     1100    1100    700     400     
	2391   1980 1900    1900    1200    1400    1200    700     1100    1400    1400    700     800     1200    500     700     600     600     600     500     400     
	2391   1981 1900    1300    1900    1300    1100    1700    1000    1200    700     700     1100    700     500     500     1700    1000    200     500     600     
	2391   1982 1800    1800    1700    1800    1600    1100    1700    1800    1400    900     1600    900     900     1100    700     1700    800     600     400     
	2391   1983 1700    1700    1600    1700    1300    1600    1700    400     1700    1300    400     200     900     1600    1000    900     800     1400    800     
	2391   1984 2800    1700    2800    1100    1300    2600    2000    300     1100    1300    1300    900     700     1200    2600    300     700     1400    500     
	2391   1985 2200    2200    1200    2200    900     600     2200    900     2200    500     700     900     300     600     400     900     2200    600     500     
	2391   1986 3400    3400    1500    3100    1100    1500    2100    400     2800    1100    700     800     700     1100    1000    1500    600     400     700     
	2391   1987 2000    1500    2000    1500    2000    1300    800     1500    700     1200    1000    1000    500     800     300     300     600     800     900     
	2391   1988 2000    1100    2000    1100    1400    2000    1000    1100    600     200     1300    1400    2000    300     700     600     1000    700     800     
	2391   1989 2000    1300    2000    1300    1800    1800    1100    1000    700     700     500     1800    1800    1200    800     900     500     1100    800     
	2391   1990 1700    900     1700    600     1600    1700    900     600     600     900     600     1600    900     1700    1000    600     900     600     900     
	2391   1991 2800    2100    2800    2100    1600    1400    1400    1100    1000    1200    1000    1600    200     1100    1400    1400    1200    1000    1600    
	2391   1992 2200    1300    2200    1300    1900    2200    800     1200    700     500     1100    1900    1900    600     700     800     700     400     1100    
	2391   1993 1700    1000    1000    900     1000    1000    1700    400     900     1000    1000    800     1000    400     600     500     1100    1600    200     
	2391   1994 1700    1200    1100    1200    900     1100    1700    500     1200    400     900     600     1100    1100    800     600     1700    600     600     
	2391   1995 2600    1600    2600    500     1400    2600    2100    300     500     500     800     800     1300    1100    2200    1000    2100    800     1700    
	2391   1996 3400    3400    2000    3400    2000    1300    1200    2400    1000    1600    2000    1200    1200    1300    1000    900     1200    600     1200    
	2391   1997 2000    1800    2000    1800    1900    2000    1800    1800    400     1200    1900    900     600     900     2000    1600    1500    700     600     
	2391   1998 1600    1200    1600    1000    1600    1400    700     1000    800     1200    300     1600    400     500     1400    600     300     700     300     
	2391   1999 1900    600     1900    600     1200    1200    1400    600     400     500     800     700     1200    900     500     1400    1000    400     200     
	2391   2000 1400    1400    1400    1400    1300    1400    800     1400    300     700     700     1300    700     900     1400    800     400     300     600     
	2391   2001 1500    1500    1000    1500    1000    700     800     1500    500     400     300     1000    700     700     700     200     700     800     1200    
	2391   2002 2300    1200    1300    1200    2300    700     1000    1100    600     1000    1300    600     400     500     700     1000    700     500     1300    
	2391   2003 2200    2200    2200    2200    2000    2200    1200    600     2200    2000    1300    700     1200    1200    2100    1100    1000    1200    1000    
	2391   2004 2000    1400    2000    1300    2000    1500    1300    400     1300    1100    2000    1400    700     600     900     1200    1300    300     1400    
	2391   2005 1400    800     1400    600     800     1200    1200    500     600     800     600     800     1200    1100    900     1200    900     400     700     
	2391   2006 1700    1700    1500    1700    1500    1300    1300    1100    600     1300    900     1500    1300    1000    300     1300    700     500     1200    
	2391   2007 3700    1000    3500    1000    3700    900     1300    400     700     800     3000    800     900     300     900     600     1300    500     1500    
	2391   2008 1700    1700    1100    1700    1100    900     1000    300     1700    700     700     1100    900     500     700     1000    700     600     1200    
	2391   2009 1800    1000    1800    1000    1800    1100    1300    800     300     1000    1800    900     900     300     700     1300    500     200     600     
	2391   2010 1700    900     1700    900     1700    1000    1400    900     800     600     1700    1100    1000    1000    300     500     1200    1400    300     
	2391   2011 2500    1300    1500    700     1500    1000    2500    500     700     1200    1500    800     400     1000    300     1300    600     2500    500     
	2391   2012 2400    2200    1100    900     2400    1100    1100    500     900     2200    600     600     700     700     900     900     1100    700     200     
	2391   2013 2200    1400    2000    600     2200    2000    1300    600     400     1400    900     600     1100    2000    700     1100    600     900     700     
	2391   2014 1900    1700    1900    600     1700    900     1900    500     600     1700    600     900     900     800     300     1900    500     500     600     
	2391   2015 1600    1600    1200    900     1600    800     1400    400     900     1600    1200    800     700     500     800     600     1000    400     500     
	2391   2016 1600    1200    1300    500     1200    1100    1300    500     400     1200    700     1100    1100    800     1000    1300    1100    900     700     
	2391   2017 1400    1400    1400    1400    1400    1400    1000    1400    400     800     1100    700     1400    600     900     400     1000    400     600     
	2391   2018 2100    1700    1800    1400    900     1800    2100    500     1400    600     900     800     900     1800    800     800     2100    1500    600     
	2391   2019 2100    900     2100    900     2100    1600    700     400     900     600     2100    900     1100    1000    900     600     500     700     700     
	2391   2020 2900    1800    2000    600     2900    1600    1300    600     400     1800    1500    2000    900     700     1200    1300    700     800     400     
	2391   2021 -999999 -999999 1300    -999999 1300    1300    1100    -999999 1000    900     1300    400     1300    900     400     1100    600     700     400     
	2391   2022 2200    2200    2100    700     2100    1400    1200    700     400     1900    1400    1500    600     800     1400    500     1200    800     1200    
	2391   2023 3400    1100    3400    1100    1500    1900    900     700     1100    500     700     1500    1900    500     1200    900     700     200     400     
	2391   2024 1200    -999999 1200    -999999 1100    700     1200    700     -999999 900     500     1100    700     600     700     1200    500     800     700     
	2391   2025 2700    1300    2700    1000    2700    1600    1200    600     1000    1200    1200    2100    1400    500     1600    1000    500     800     1300    
	2391   2026 -999999 -999999 -999999 1300    -999999 -999999 -999999 1300    500     -999999 -999999 -999999 -999999 -999999 -999999 -999999 -999999 -999999 -999999 
	