EUROPEAN CLIMATE ASSESSMENT & DATASET (ECA&D), file created on: 17-05-2026
THESE DATA CAN BE USED FOR NON-COMMERCIAL RESEARCH AND EDUCATION PROVIDED THAT THE FOLLOWING SOURCE IS ACKNOWLEDGED: 

Klein Tank, A.M.G. and Coauthors, 2002. Daily dataset of 20th-century surface
air temperature and precipitation series for the European Climate Assessment.
Int. J. of Climatol., 22, 1441-1453.
Data and metadata available at http://www.ecad.eu

FILE FORMAT (MISSING VALUE CODE = -999999):

THIS FILE HOLDS DATA FOR STATION NETHERLANDS                              EINDHOVEN (VB)                           (STAID:    587)
LATITUDE: dd:mm:ss +51:27:00
LONGITUDE: ddd:mm:ss +005:25:00
ELEVATION: m   20

DATA IS FOR INDEX Maximum no of consecutive dry days (RR < 1 mm) (CDD) with unit 0.01 No of days

01-06 SOUID: Source identifier
08-11 YEAR : YYYY
13-20 ANNUAL DATA VALUES
21-28 WINTER HALF YEAR DATA VALUES
29-36 SUMMER HALF YEAR DATA VALUES
37-44 WINTER (DJF) DATA VALUES
45-52 SPRING (MAM) DATA VALUES
53-60 SUMMER (JJA) DATA VALUES
61-68 AUTUMN (SON) DATA VALUES
69-76 JANUARY DATA VALUES
etc. 
157-164 DECEMBER DATA VALUES

587    1950 -999999 -999999 -999999 -999999 -999999 -999999 -999999 -999999 -999999 -999999 -999999 -999999 -999999 -999999 -999999 -999999 -999999 -999999 -999999 
	587    1951 3100    -999999 1100    -999999 1000    1000    3100    400     600     900     1000    500     900     700     700     700     2800    300     1300    
	587    1952 2500    1700    2500    1700    2500    1100    800     500     1700    1000    2300    1400    800     900     1100    800     700     400     700     
	587    1953 3400    1700    1400    1000    1600    800     2600    1000    700     1600    1400    1300    500     300     800     700     1000    2600    900     
	587    1954 1700    1700    1200    1700    1500    600     700     1000    700     1500    1100    800     600     300     500     500     700     500     600     
	587    1955 1500    900     1400    900     1200    1400    800     900     400     900     1200    700     900     1300    900     800     700     800     600     
	587    1956 1500    1300    1200    1300    1500    800     1200    500     1300    1200    1100    800     800     700     500     1200    1000    900     400     
	587    1957 2000    1200    1700    1200    2000    1200    1500    1200    300     600     1700    800     700     700     700     300     1500    800     600     
	587    1958 1700    1300    1200    800     1300    700     1700    500     300     1300    600     400     500     700     700     1100    800     1700    700     
	587    1959 3700    2800    3700    2800    2800    1900    2000    800     2000    600     900     2800    1600    1900    1700    2000    900     800     800     
	587    1960 1400    900     1400    700     1400    800     800     200     700     900     700     1100    800     400     500     800     300     400     500     
	587    1961 1700    1700    1400    1100    1700    800     1400    600     1100    1700    700     900     700     700     800     1400    900     1200    1500    
	587    1962 2200    1600    2100    1200    1900    1700    2200    500     1200    1200    1400    500     1700    500     700     1200    2200    500     700     
	587    1963 2000    2000    1600    1200    1000    1300    1300    1000    1200    800     800     900     700     1000    700     1300    1300    500     1300    
	587    1964 1800    1800    1500    1300    1200    1200    1500    1300    600     1200    800     1100    500     800     1200    900     700     900     500     
	587    1965 1600    1100    1600    1000    1200    1100    1600    300     1000    1100    600     700     800     300     600     1600    1400    1400    400     
	587    1966 1600    1100    1600    1100    1600    1000    1500    1100    600     900     400     1600    1000    400     700     1500    800     400     100     
	587    1967 1200    1000    1200    1000    900     1200    1000    900     1000    800     900     400     800     600     1200    700     500     1000    400     
	587    1968 2400    1100    2400    700     2400    1000    1600    400     700     700     2400    500     600     800     500     600     1500    1600    1300    
	587    1969 2400    1100    1800    800     1000    900     2400    800     400     900     1000    700     700     700     900     1600    2100    300     700     
	587    1970 2100    1300    1600    600     800     1100    1300    600     400     800     500     700     900     500     800     1300    1200    800     2100    
	587    1971 2200    1700    2200    1700    2000    2200    2100    1400    1000    500     1500    800     400     2100    700     2100    1100    400     1100    
	587    1972 2300    1500    1600    1400    1500    1300    2300    600     800     1500    900     600     400     1300    1100    700     1900    500     1800    
	587    1973 3100    2100    1300    2100    1800    1300    1200    1300    600     1800    500     400     1000    400     1300    800     900     900     800     
	587    1974 3300    1100    2200    1000    3300    900     400     600     1000    1100    2200    900     800     600     900     300     300     400     400     
	587    1975 1800    1200    1800    1200    1800    1000    1800    900     1200    400     900     1800    1000    600     1000    900     1800    800     700     
	587    1976 2300    1500    2300    1500    1800    2300    900     500     1500    1100    1600    600     1700    1100    2300    500     800     900     500     
	587    1977 2300    1300    1700    600     1100    1700    2300    400     300     1000    600     1100    900     1600    500     1000    2300    500     900     
	587    1978 1300    1300    1100    1300    1000    1100    1300    600     1300    500     900     900     700     1000    1000    1000    1300    900     700     
	587    1979 1900    900     1200    800     900     1200    1900    800     500     200     700     900     600     700     700     1000    1300    700     400     
	587    1980 1400    1400    1300    1400    1300    1100    900     1400    800     1200    800     1300    1100    500     800     700     500     700     400     
	587    1981 2100    1600    2100    1600    1100    1100    1000    600     1600    500     600     900     1000    800     1100    1000    300     500     600     
	587    1982 1600    1500    1600    1500    1600    1100    1400    1100    1500    900     1600    900     400     1100    800     1400    800     600     1000    
	587    1983 3600    1700    1800    1700    1200    1800    3600    500     1700    1200    800     300     1300    1600    1800    900     1200    2400    500     
	587    1984 2300    1300    2300    1100    1500    2000    800     400     1100    1300    1500    700     700     1100    2000    300     800     700     700     
	587    1985 2200    2000    1700    2000    1000    1700    2200    600     2000    800     1000    900     300     1700    400     800     2200    500     500     
	587    1986 3200    2600    1500    2300    1400    1400    3200    700     2300    1400    600     400     700     1100    1400    1500    1700    600     700     
	587    1987 1800    1500    1500    1500    1300    700     1200    1500    700     1200    1100    700     200     600     700     1100    400     900     1400    
	587    1988 2500    1000    2500    1000    1300    2500    1500    1000    600     300     1100    1300    2500    600     700     600     900     1500    700     
	587    1989 2300    1300    2100    1300    1900    1400    2000    1000    800     700     400     1900    1100    1200    1400    800     700     2000    800     
	587    1990 2200    1600    1800    1400    1600    1800    1000    1400    600     1600    600     1600    1000    1800    800     600     1000    600     500     
	587    1991 2500    1700    2300    1700    1600    1200    1400    1000    1200    1300    900     1600    300     600     900     1400    1200    1000    1500    
	587    1992 1900    1400    1800    1400    1800    1300    1900    1200    600     600     800     1800    1100    700     600     1700    700     300     1100    
	587    1993 1900    1800    1900    1800    1900    1800    1700    500     1500    1600    1200    700     1400    500     500     400     1100    1600    300     
	587    1994 3200    1400    3200    1200    1400    3200    1800    600     1200    400     1400    600     2000    1700    400     500     1800    1100    600     
	587    1995 2600    1300    2600    500     1400    2600    1200    300     500     500     800     900     1300    1300    2200    500     1200    1100    800     
	587    1996 3200    3200    1900    3200    1900    1300    1000    2200    1000    1600    1900    1200    1000    1300    800     1000    800     400     1200    
	587    1997 2200    1800    2200    1800    1900    2000    2200    1800    500     1500    1900    900     600     600     2000    2200    1700    700     800     
	587    1998 2000    1300    2000    1300    1600    2000    1000    1200    1300    800     400     1600    200     500     1900    1000    400     700     300     
	587    1999 2500    900     2500    700     1200    1200    1400    400     400     900     800     700     800     900     1100    1400    1100    400     200     
	587    2000 1400    1000    1400    1000    1400    1200    800     1000    400     400     1000    600     800     800     1200    800     400     400     800     
	587    2001 1400    1000    1400    1000    1400    1200    1100    1000    400     500     300     1400    1200    500     900     200     1100    800     1300    
	587    2002 1600    1000    1600    1000    1300    800     1000    1000    600     900     1300    700     700     600     800     1000    500     600     1200    
	587    2003 2300    2300    1800    2300    2000    1800    1100    900     2300    2000    1800    700     1300    1600    1600    1100    900     800     1000    
	587    2004 1700    1000    1200    1000    1200    1000    900     300     700     600     800     1200    700     500     500     900     900     600     1500    
	587    2005 1700    900     1500    800     900     1500    1700    500     600     900     500     500     1500    1100    600     1000    1700    700     700     
	587    2006 1700    1700    1600    1700    1300    1600    1400    1100    600     1300    900     1000    1200    1600    400     1400    700     600     1000    
	587    2007 3800    1000    3500    1000    3800    800     1000    300     700     700     3000    500     700     300     800     600     1000    400     1500    
	587    2008 1800    1800    1100    1800    1100    900     900     500     1800    300     800     1100    600     400     900     900     700     800     1100    
	587    2009 1800    1000    1600    1000    1000    1100    1800    800     600     1000    900     800     1100    400     700     1600    700     400     700     
	587    2010 2300    1300    2300    1300    1700    2300    1200    1300    400     900     1700    800     2100    1000    400     500     1200    900     600     
	587    2011 2500    1500    1500    1500    1500    600     2500    600     900     1200    1500    800     400     500     400     1200    600     2500    200     
	587    2012 2900    2400    1300    900     2900    1300    1200    500     900     2400    500     700     600     800     1300    1000    1200    700     400     
	587    2013 2400    1100    2400    800     1900    2400    1400    600     800     1100    900     600     1200    2400    600     1200    500     800     500     
	587    2014 1800    1700    1800    600     1700    1800    1700    500     600     1700    800     500     1800    700     200     1700    400     600     400     
	587    2015 2000    2000    1200    1400    2000    900     1100    400     1400    2000    1200    600     800     400     900     600     700     400     500     
	587    2016 1700    1700    1500    600     1700    1000    1100    600     600     1700    500     1500    700     1000    700     1000    1100    900     800     
	587    2017 1400    1300    1400    1300    1200    1400    1000    1300    400     1100    1000    1200    1400    500     900     800     1000    600     300     
	587    2018 6000    1500    6000    1400    900     6000    2200    400     1400    500     900     800     2300    3100    600     700     2200    1200    600     
	587    2019 2100    1700    2100    1700    1500    2100    1000    600     1700    1400    1500    1500    1600    1100    900     1000    500     700     500     
	587    2020 2200    1100    1900    1000    2200    1600    1900    1000    300     1100    1500    1900    600     800     1000    1900    900     700     400     
	587    2021 1300    800     1300    800     1300    1200    1200    600     600     700     1100    500     1200    800     600     1200    600     600     1200    
	587    2022 3300    3300    2300    1000    2900    1900    900     1000    400     2900    1700    1800    900     1900    1200    400     700     800     900     
	587    2023 3700    1100    3700    1100    2000    1700    900     600     1100    500     700     2000    1700    500     1200    900     700     300     600     
	587    2024 1200    900     1200    700     900     800     1200    700     300     900     500     700     800     500     600     1200    600     1000    700     
	587    2025 2900    2500    2900    1200    2900    2400    1700    1200    1000    2400    1100    2300    1000    800     2400    1500    700     800     1300    
	587    2026 -999999 1000    -999999 1000    -999999 -999999 -999999 1000    400     900     1900    -999999 -999999 -999999 -999999 -999999 -999999 -999999 -999999 
	