EUROPEAN CLIMATE ASSESSMENT & DATASET (ECA&D), file created on: 17-05-2026
THESE DATA CAN BE USED FOR NON-COMMERCIAL RESEARCH AND EDUCATION PROVIDED THAT THE FOLLOWING SOURCE IS ACKNOWLEDGED: 

Klein Tank, A.M.G. and Coauthors, 2002. Daily dataset of 20th-century surface
air temperature and precipitation series for the European Climate Assessment.
Int. J. of Climatol., 22, 1441-1453.
Data and metadata available at http://www.ecad.eu

FILE FORMAT (MISSING VALUE CODE = -999999):

THIS FILE HOLDS DATA FOR STATION NETHERLANDS                              EETHEN                                   (STAID:  20513)
LATITUDE: dd:mm:ss +51:43:53
LONGITUDE: ddd:mm:ss +005:03:06
ELEVATION: m -100

DATA IS FOR INDEX Maximum no of consecutive dry days (RR < 1 mm) (CDD) with unit 0.01 No of days

01-06 SOUID: Source identifier
08-11 YEAR : YYYY
13-20 ANNUAL DATA VALUES
21-28 WINTER HALF YEAR DATA VALUES
29-36 SUMMER HALF YEAR DATA VALUES
37-44 WINTER (DJF) DATA VALUES
45-52 SPRING (MAM) DATA VALUES
53-60 SUMMER (JJA) DATA VALUES
61-68 AUTUMN (SON) DATA VALUES
69-76 JANUARY DATA VALUES
etc. 
157-164 DECEMBER DATA VALUES

20513  1867 -999999 -999999 1000    -999999 1000    1000    800     -999999 1200    800     300     1000    700     1000    900     600     800     600     1000    
	20513  1868 2200    1100    2200    1100    1500    2200    1500    1100    600     400     700     900     1600    2200    800     1500    600     500     300     
	20513  1869 2500    1300    2500    1200    1300    2500    600     1200    800     1300    600     400     1000    1700    1500    600     500     600     600     
	20513  1870 2200    1900    2200    1900    1700    800     1900    1500    1900    600     1000    1700    500     800     600     1300    600     800     1200    
	20513  1871 1800    1800    1300    1800    1300    1300    1700    500     1800    1300    800     1100    500     700     1300    1100    1200    1100    900     
	20513  1872 1200    1200    1200    1200    1000    1200    900     800     600     1000    800     700     1100    900     1200    500     900     500     700     
	20513  1873 2000    2000    1300    1800    2000    1200    1500    800     1000    2000    1000    800     1200    800     700     1300    800     1200    1500    
	20513  1874 -999999 800     -999999 800     1100    -999999 1800    800     700     700     1100    700     1100    -999999 -999999 900     1300    900     700     
	20513  1875 2800    1300    2800    700     2800    1000    1700    500     700     1000    2700    800     800     1000    800     1700    900     700     600     
	20513  1876 1700    1700    1500    1700    1000    1500    1700    1500    500     700     800     800     1500    1400    1500    400     1700    600     500     
	20513  1877 1100    600     1100    400     1000    1100    700     400     200     400     700     800     900     500     500     700     500     500     600     
	20513  1878 -999999 800     -999999 800     1200    900     -999999 500     800     600     1200    500     900     800     600     -999999 -999999 -999999 -999999 
	20513  1879 -999999 -999999 -999999 -999999 -999999 -999999 -999999 -999999 -999999 -999999 -999999 -999999 -999999 -999999 -999999 -999999 -999999 -999999 -999999 
	20513  1880 -999999 -999999 -999999 -999999 -999999 1700    900     -999999 -999999 -999999 -999999 -999999 -999999 600     1700    800     500     500     300     
	20513  1881 -999999 -999999 1100    -999999 1300    1000    1100    -999999 -999999 900     900     1100    1000    900     700     500     600     1100    900     
	20513  1882 1800    1800    1300    1800    1300    700     800     1800    1300    900     900     1300    500     400     700     400     700     300     500     
	20513  1883 3200    1300    2900    900     3200    1000    1200    900     900     1300    2900    1300    600     500     700     1200    1000    400     900     
	20513  1884 2000    1300    2000    1300    2000    1300    1400    700     900     800     2000    1200    700     500     1100    1400    800     900     1100    
	20513  1885 2000    1500    1900    1500    1400    1900    900     1500    1100    1100    1400    400     900     1900    1000    400     400     900     800     
	20513  1886 2700    2700    2500    2700    2500    1800    1900    1000    2700    1800    1500    1000    700     1100    800     1900    1000    600     500     
	20513  1887 3600    3600    2500    2500    1100    2500    900     1800    2500    1100    900     400     2500    1600    1500    800     700     900     1200    
	20513  1888 3100    1400    3000    1200    3100    1200    1500    900     1200    300     3000    1300    1200    400     600     1200    1500    700     1200    
	20513  1889 2400    2400    1300    2400    900     1300    2000    2200    1100    600     900     400     1300    700     500     700     600     2000    900     
	20513  1890 4800    4800    1600    3000    1800    1200    1400    800     2800    1800    700     1100    700     1200    800     1400    700     700     3100    
	20513  1891 3900    3700    1000    3100    1200    800     1900    1900    2800    1200    900     900     500     800     500     1000    700     1200    1100    
	20513  1892 2700    2300    2400    1900    2700    1200    1000    1900    900     1400    2400    1000    600     1200    1100    600     700     1000    1800    
	20513  1893 6000    1400    4600    1000    6000    1600    1100    1000    600     1400    3000    1600    1600    800     1000    1100    400     900     700     
	20513  1894 2900    1900    1300    1600    2700    1100    1600    1600    600     1900    900     700     1000    600     400     1300    700     1600    1300    
	20513  1895 2400    1400    2300    1400    1200    1300    2400    300     1100    900     900     1200    1300    800     700     2300    1200    600     1100    
	20513  1896 2000    1600    2000    1600    1800    1700    1500    1000    1600    1400    700     1800    600     900     1300    300     300     1500    900     
	20513  1897 2600    1200    1700    1200    1700    1300    2600    1200    1000    1000    1100    1700    800     1300    400     900     1500    1100    1300    
	20513  1898 2100    2000    2100    1000    2000    1600    1800    1000    400     2000    1100    400     1300    1600    1200    1800    1100    900     600     
	20513  1899 2100    1700    2100    1300    1300    1900    1900    900     1300    1300    700     700     1700    800     1400    300     1200    1900    1900    
	