EUROPEAN CLIMATE ASSESSMENT & DATASET (ECA&D), file created on: 17-05-2026
THESE DATA CAN BE USED FOR NON-COMMERCIAL RESEARCH AND EDUCATION PROVIDED THAT THE FOLLOWING SOURCE IS ACKNOWLEDGED: 

Klein Tank, A.M.G. and Coauthors, 2002. Daily dataset of 20th-century surface
air temperature and precipitation series for the European Climate Assessment.
Int. J. of Climatol., 22, 1441-1453.
Data and metadata available at http://www.ecad.eu

FILE FORMAT (MISSING VALUE CODE = -999999):

THIS FILE HOLDS DATA FOR STATION NETHERLANDS                              KORNWERDERZAND                           (STAID:   2455)
LATITUDE: dd:mm:ss +53:04:00
LONGITUDE: ddd:mm:ss +005:19:59
ELEVATION: m    3

DATA IS FOR INDEX Maximum no of consecutive dry days (RR < 1 mm) (CDD) with unit 0.01 No of days

01-06 SOUID: Source identifier
08-11 YEAR : YYYY
13-20 ANNUAL DATA VALUES
21-28 WINTER HALF YEAR DATA VALUES
29-36 SUMMER HALF YEAR DATA VALUES
37-44 WINTER (DJF) DATA VALUES
45-52 SPRING (MAM) DATA VALUES
53-60 SUMMER (JJA) DATA VALUES
61-68 AUTUMN (SON) DATA VALUES
69-76 JANUARY DATA VALUES
etc. 
157-164 DECEMBER DATA VALUES

2455   1950 -999999 -999999 -999999 -999999 -999999 -999999 -999999 -999999 -999999 -999999 -999999 -999999 -999999 -999999 -999999 -999999 -999999 -999999 -999999 
	2455   1951 2400    -999999 1600    -999999 1100    1200    2400    500     500     900     1100    500     1000    1200    600     800     1900    400     1300    
	2455   1952 1500    1000    1500    800     1500    900     800     500     800     1000    1200    1500    700     900     600     700     800     600     700     
	2455   1953 3400    3400    1100    1400    2500    1100    2000    1400    900     2500    1100    800     600     600     800     700     1300    1600    700     
	2455   1954 2800    1800    2800    1800    2800    700     500     1100    700     1700    2600    1400    400     400     700     300     500     500     300     
	2455   1955 2200    1500    2200    1100    1200    1800    900     900     1100    800     1200    400     800     1300    1800    800     800     900     600     
	2455   1956 1400    1100    1400    700     1400    1000    1400    500     700     1100    900     800     1000    400     400     1400    800     800     600     
	2455   1957 1500    1100    1500    1100    1500    1200    1000    1100    500     500     1200    800     1200    300     700     500     1000    800     1000    
	2455   1958 2700    1400    1100    600     1400    1000    2100    500     400     1400    600     600     1000    800     600     500     800     2100    600     
	2455   1959 2200    2100    2200    2100    1800    1700    2100    500     2000    400     1300    1800    1700    1600    900     2000    1700    700     1000    
	2455   1960 1900    1500    1900    400     1900    800     1100    400     400     1500    900     1200    800     400     600     900     200     400     400     
	2455   1961 1500    1000    1200    1000    1000    900     1500    600     1000    900     700     1000    700     600     900     600     1200    1500    1500    
	2455   1962 2200    1200    1400    1100    1400    900     2200    500     1100    1100    900     500     900     800     600     300     2200    1000    500     
	2455   1963 2200    1900    1700    1100    1000    1000    1700    1000    1100    1000    600     500     700     700     300     1700    1000    500     1700    
	2455   1964 2400    2400    1100    1200    1800    900     1000    1200    600     1800    800     1100    600     900     700     800     700     900     500     
	2455   1965 2000    800     2000    800     800     2000    1300    500     500     600     400     700     800     600     1900    1000    1300    600     300     
	2455   1966 1500    900     1500    900     1400    1000    1500    900     400     600     300     1400    1000    600     800     1500    800     300     300     
	2455   1967 1100    900     1100    900     800     1100    800     900     800     700     800     500     900     700     1100    500     200     800     500     
	2455   1968 1700    1300    1700    1300    1700    1000    900     500     1300    900     1700    600     1000    800     800     300     900     700     1500    
	2455   1969 2500    1200    2500    900     1100    2500    1900    900     500     1100    800     500     1300    2100    600     1500    1900    200     600     
	2455   1970 2100    1100    2100    900     1300    2000    1300    900     400     700     300     1300    2000    500     900     1300    1000    700     1200    
	2455   1971 2100    1200    2100    1200    2100    1300    2100    600     700     600     1500    900     700     1100    600     2100    1100    400     1800    
	2455   1972 3200    1900    2100    1300    1900    1300    3200    1000    900     1900    700     700     400     1200    1300    1400    1800    300     1800    
	2455   1973 2300    1300    2300    1000    1300    2300    1300    1000    700     1300    800     600     2300    500     2100    1300    800     700     500     
	2455   1974 3500    1100    2400    1100    3500    1400    500     500     1100    1100    2400    1400    1400    700     700     500     500     400     400     
	2455   1975 2100    1200    2100    1100    1400    2100    2000    900     1100    600     900     1400    1300    900     1400    500     1800    700     900     
	2455   1976 2900    2300    2900    1300    2700    2900    1100    500     1100    2300    2100    800     1100    1800    1500    1100    700     400     500     
	2455   1977 2200    800     2200    500     1800    1500    1200    400     500     800     600     1800    1100    1500    600     1200    1100    400     600     
	2455   1978 2100    1100    2100    1100    1500    1200    2100    1100    900     600     1000    1500    600     1200    800     600     1000    1100    800     
	2455   1979 1300    1100    1300    1100    600     1000    1300    1100    700     300     500     600     800     700     1000    1300    900     700     400     
	2455   1980 2200    1600    2200    1400    2200    900     900     1400    1400    1200    1600    2200    600     900     500     900     400     500     500     
	2455   1981 2600    1300    2100    1300    2600    1700    1100    500     1300    500     2100    1000    900     800     1700    1100    200     300     1300    
	2455   1982 1900    1400    1900    1400    1600    1200    1800    1400    1400    1200    1600    1100    600     1000    700     1800    600     500     400     
	2455   1983 2400    1700    2400    1700    1300    2400    1900    500     1700    1300    300     200     1200    2300    1000    900     600     1300    600     
	2455   1984 2500    1300    2500    1100    2100    2500    900     1100    1100    1300    1900    600     900     1400    2500    300     900     400     700     
	2455   1985 2200    2200    1000    2200    900     700     2200    500     2200    400     800     900     500     600     600     900     2200    900     500     
	2455   1986 3400    3400    1500    3100    1400    1400    2100    400     2800    1400    1200    500     700     1000    1400    1500    700     400     500     
	2455   1987 1400    1400    1200    1400    1300    1200    900     1200    1400    1300    1000    900     800     900     500     500     400     800     600     
	2455   1988 1800    800     1800    600     1800    1100    900     400     600     300     1400    1800    1100    400     700     600     900     700     500     
	2455   1989 1800    1700    1800    1700    1800    1800    1300    1400    600     700     500     1800    1800    1600    1000    1100    400     1300    800     
	2455   1990 2600    800     2600    800     1900    2600    900     800     700     800     600     1900    1200    2200    900     600     900     500     900     
	2455   1991 2100    2100    2100    2100    1600    2100    1300    1100    1000    1200    800     1600    600     600     1500    1300    1200    400     1600    
	2455   1992 1900    1300    1900    1300    1900    1500    600     1200    700     400     800     1900    1100    700     800     600     500     600     1300    
	2455   1993 2000    900     2000    900     2000    1300    1800    500     900     900     1000    1200    1300    300     600     500     1000    1400    200     
	2455   1994 1600    1000    1200    1000    1000    1200    1600    400     1000    200     900     700     1000    1200    700     600     1600    1000    300     
	2455   1995 2500    1600    2500    500     1600    2500    2000    200     500     500     1000    600     1300    1000    2300    300     2000    1100    1100    
	2455   1996 3000    3000    1900    3000    2200    1000    1200    2200    800     2200    1900    600     900     1000    800     1200    800     300     900     
	2455   1997 2200    2000    2200    2000    2200    1700    1600    1800    300     700     2200    1000    600     1300    1700    1600    700     500     400     
	2455   1998 1600    1300    1600    1300    1400    1600    1100    800     1300    1200    300     1400    300     600     1600    1100    400     500     400     
	2455   1999 2000    600     2000    600     1400    1500    1400    300     500     500     1000    1200    900     1400    600     1400    1200    700     200     
	2455   2000 1800    1400    1800    1400    800     1800    600     1400    500     500     700     800     700     1600    600     600     400     300     600     
	2455   2001 1800    1000    1800    1000    1200    1800    400     1000    900     400     300     1200    900     1200    700     400     400     400     1200    
	2455   2002 2300    1200    1300    1200    2300    900     900     1000    500     1000    1300    900     700     900     900     900     600     600     1300    
	2455   2003 3000    2300    3000    2200    2300    3000    1600    600     2200    2300    1400    700     1200    1300    2800    1600    1500    800     1000    
	2455   2004 1900    1500    1500    1300    1400    1500    1000    300     1300    1100    1100    1400    1300    600     900     1000    900     400     1500    
	2455   2005 1300    800     1300    600     700     1100    1000    300     600     500     600     700     1100    900     1000    800     1000    400     500     
	2455   2006 3300    1700    3300    1700    1500    1300    3000    1100    900     1300    900     1500    1300    1100    400     3000    1100    400     900     
	2455   2007 4600    1100    3500    900     4600    1200    1600    500     500     1100    3000    500     700     400     1100    500     1500    900     1700    
	2455   2008 2200    1500    2200    1500    2200    800     900     400     1500    300     2200    1500    600     300     800     900     700     600     1200    
	2455   2009 2400    1200    2400    1000    1700    900     2400    800     600     1200    1700    800     500     400     900     2400    500     200     400     
	2455   2010 2400    1200    2400    1200    2400    1200    800     900     1200    700     2400    1600    900     1200    400     300     800     600     900     
	2455   2011 3300    3000    3300    700     3300    700     2000    600     700     2900    1900    1400    400     600     400     400     600     2000    500     
	2455   2012 1700    1400    1400    800     1700    1000    1200    500     800     1400    700     1400    600     700     700     1000    500     1200    200     
	2455   2013 2400    1300    2400    900     2100    2400    1300    900     800     1300    1000    700     1100    2400    1200    1100    500     400     400     
	2455   2014 2000    1700    2000    500     1700    1100    1900    500     500     1700    800     600     900     1100    400     1900    300     500     600     
	2455   2015 1400    1000    1200    900     1200    1100    1400    400     900     1000    1200    900     1100    700     800     600     1000    400     400     
	2455   2016 1700    1600    1700    500     1600    1000    1700    200     500     1600    500     1100    800     1000    700     1700    900     1000    700     
	2455   2017 1400    1300    1300    1300    1400    1300    1000    700     1300    800     1100    900     1300    500     900     1000    700     300     700     
	2455   2018 3400    1700    3400    1400    1000    3400    1800    400     1400    700     900     1000    900     2500    600     600     1800    700     500     
	2455   2019 2100    900     2100    700     2100    1500    600     400     700     700     2100    800     1000    900     1000    600     500     600     700     
	2455   2020 2100    1600    2100    500     2100    1600    1300    500     300     1600    2100    1000    800     900     1200    1300    600     900     400     
	2455   2021 -999999 -999999 -999999 -999999 1700    -999999 1600    -999999 1000    900     1700    500     1200    -999999 500     1600    500     300     800     
	2455   2022 3100    1400    3100    900     3100    1500    700     900     400     1400    2100    1000    900     1300    1500    500     700     500     700     
	2455   2023 3500    1100    3500    1100    1600    1900    1100    600     1100    400     800     1600    1900    400     600     1100    500     200     500     
	2455   2024 1600    -999999 1400    -999999 1600    1400    1200    800     -999999 1600    500     1100    1400    600     700     1200    500     900     600     
	2455   2025 2700    2300    2700    1200    2700    1700    1100    1000    1000    2200    1100    2100    800     600     1700    1000    400     700     1200    
	2455   2026 -999999 -999999 -999999 1100    -999999 -999999 -999999 1100    500     -999999 -999999 -999999 -999999 -999999 -999999 -999999 -999999 -999999 -999999 
	