EUROPEAN CLIMATE ASSESSMENT & DATASET (ECA&D), file created on: 17-05-2026
THESE DATA CAN BE USED FOR NON-COMMERCIAL RESEARCH AND EDUCATION PROVIDED THAT THE FOLLOWING SOURCE IS ACKNOWLEDGED: 

Klein Tank, A.M.G. and Coauthors, 2002. Daily dataset of 20th-century surface
air temperature and precipitation series for the European Climate Assessment.
Int. J. of Climatol., 22, 1441-1453.
Data and metadata available at http://www.ecad.eu

FILE FORMAT (MISSING VALUE CODE = -999999):

THIS FILE HOLDS DATA FOR STATION NETHERLANDS                              HOOGKARSPEL                              (STAID:   2443)
LATITUDE: dd:mm:ss +52:40:59
LONGITUDE: ddd:mm:ss +005:10:00
ELEVATION: m   -1

DATA IS FOR INDEX Maximum no of consecutive dry days (RR < 1 mm) (CDD) with unit 0.01 No of days

01-06 SOUID: Source identifier
08-11 YEAR : YYYY
13-20 ANNUAL DATA VALUES
21-28 WINTER HALF YEAR DATA VALUES
29-36 SUMMER HALF YEAR DATA VALUES
37-44 WINTER (DJF) DATA VALUES
45-52 SPRING (MAM) DATA VALUES
53-60 SUMMER (JJA) DATA VALUES
61-68 AUTUMN (SON) DATA VALUES
69-76 JANUARY DATA VALUES
etc. 
157-164 DECEMBER DATA VALUES

2443   1876 -999999 -999999 -999999 -999999 -999999 -999999 -999999 -999999 -999999 -999999 -999999 -999999 -999999 -999999 -999999 -999999 -999999 -999999 900     
	2443   1877 -999999 -999999 -999999 -999999 -999999 -999999 -999999 -999999 -999999 -999999 -999999 -999999 -999999 -999999 -999999 -999999 -999999 -999999 -999999 
	2443   1878 -999999 -999999 1800    -999999 -999999 1700    1000    -999999 -999999 -999999 1200    900     1500    1300    500     1000    900     700     800     
	2443   1879 3400    3400    900     3400    1300    800     900     2900    500     1300    500     700     300     800     600     700     700     900     2100    
	2443   1880 2800    2300    2800    2300    1900    2300    700     1700    800     1700    1300    900     700     300     2300    700     600     500     400     
	2443   1881 1400    1000    1400    1000    1300    1400    1100    900     1000    900     1100    700     800     900     700     700     400     900     600     
	2443   1882 2100    2100    1400    2100    1400    700     800     2100    1200    1300    1200    1400    500     500     700     700     800     800     1100    
	2443   1883 2300    1200    2200    1200    2300    1300    1100    1200    900     700     2200    1100    1200    600     1300    1100    700     400     900     
	2443   1884 1300    1000    1300    1000    1300    1300    1300    700     700     900     700     1100    700     400     1200    1300    600     900     1100    
	2443   1885 2400    1300    2100    1300    2400    1600    1000    1300    500     1100    2100    600     1000    1100    900     300     200     1000    1100    
	2443   1886 2500    2500    1800    2200    1500    1400    1300    500     2200    1500    600     700     900     700     1400    1200    1100    400     400     
	2443   1887 2600    1300    2600    1300    1200    2600    1300    900     1300    1000    1200    400     2200    1400    900     700     600     1300    400     
	2443   1888 1500    1500    1300    1500    1300    1100    1400    1500    500     300     400     1300    800     400     1100    1200    1400    900     1000    
	2443   1889 2700    1200    2700    1200    1300    2700    1300    1100    300     600     1300    1000    2100    600     500     700     800     1300    700     
	2443   1890 3000    3000    1800    3000    1200    800     1800    400     2700    1200    900     1000    500     800     800     1800    700     800     1800    
	2443   1891 2200    1900    2200    1900    2200    600     800     1000    1900    1000    2200    600     600     500     500     800     300     800     900     
	2443   1892 1800    900     1500    900     1800    1200    400     900     900     700     1500    800     400     1200    1100    400     100     400     1000    
	2443   1893 7000    2400    4600    500     7000    1600    600     500     400     2400    3000    1600    1600    1000    600     400     600     200     500     
	2443   1894 3400    2000    1400    1000    3400    600     1000    1000    1000    2000    1400    1200    500     300     300     700     800     1000    500     
	2443   1895 1900    1000    1800    1000    1800    900     1900    700     1000    800     1800    1300    900     800     700     1700    500     1100    700     
	2443   1896 1800    1100    1800    1100    1800    1100    1500    600     1100    700     1400    1200    600     1100    500     300     200     1500    1000    
	2443   1897 2900    900     1700    800     1000    1700    2900    800     800     500     1000    1000    800     1600    400     800     1600    1300    700     
	2443   1898 2000    1600    2000    1300    1600    2000    1400    1300    600     1600    1000    500     2000    900     1300    1100    1100    400     800     
	2443   1899 2800    1700    2800    1500    1100    1700    1900    800     1500    800     300     1100    1700    900     1100    300     600     1900    900     
	2443   1900 2800    1300    2800    900     2800    1000    1500    700     700     1300    2300    1300    600     1000    500     1500    600     700     400     
	2443   1901 1600    1500    1600    1500    1400    1600    1400    1500    800     700     1000    1400    800     1100    1400    1000    1400    600     500     
	2443   1902 1800    1000    1800    800     800     1800    1600    700     600     700     700     800     1800    900     400     900     800     1600    1200    
	2443   1903 1400    1300    1400    1300    1000    1400    900     1000    1300    900     300     1000    1000    400     600     900     400     600     2200    
	2443   1904 2800    1200    1700    1200    800     1700    1600    1100    800     700     800     600     900     1700    500     1600    800     1000    1100    
	2443   1905 1400    1200    1100    1200    1100    1000    900     1200    800     600     1100    1100    1000    800     700     900     500     600     1400    
	2443   1906 2000    800     1700    800     2000    1300    1200    400     400     800     1700    500     1300    1100    500     1200    600     600     700     
	2443   1907 2400    1400    2400    1400    1300    1800    2400    1400    900     800     1000    600     400     1800    400     2400    600     1100    800     
	2443   1908 2300    1500    1800    1300    1500    1800    2300    800     1100    1500    1200    500     1200    1500    500     900     2100    800     1300    
	2443   1909 1900    1800    1300    1300    1000    1300    1100    1300    1200    600     800     1000    500     700     1300    500     500     900     600     
	2443   1910 2600    1300    1400    1000    2600    1400    1200    1000    400     1300    1300    900     1000    1400    900     800     1200    400     400     
	2443   1911 3000    1200    2500    1200    3000    2400    1200    700     800     500     2500    1700    700     2400    900     1200    600     600     400     
	2443   1912 2600    800     2600    800     2000    2600    1700    800     700     500     1900    500     300     2400    300     1700    1100    400     400     
	2443   1913 2600    1700    2600    1700    1100    1800    1000    1500    1600    500     800     700     800     900     1800    800     600     400     600     
	2443   1914 2300    1600    2300    1600    2300    1900    1100    1600    700     400     1700    900     900     800     1900    900     1000    400     300     
	2443   1915 1700    900     1700    700     1300    1200    1200    700     300     700     700     1300    1200    600     700     1100    1200    600     400     
	2443   1916 2600    1400    2600    1200    1400    2600    1200    1100    400     1400    1000    800     400     1300    1300    1100    700     900     400     
	2443   1917 3400    3400    2300    3400    2300    1200    1000    1800    1600    1100    1100    1200    900     900     400     800     400     500     600     
	2443   1918 1800    1800    1600    1400    1800    1300    1200    900     700     1800    700     1600    600     700     1000    400     1100    900     600     
	2443   1919 2200    1900    2200    1900    2200    2000    1800    700     1500    900     900     2200    700     600     1500    1800    800     700     700     
	2443   1920 2900    1200    1400    1200    1100    1300    2900    900     1200    1100    500     700     1300    500     800     1400    1600    1300    900     
	2443   1921 2700    1500    1800    1300    1800    1100    2200    300     1300    900     1200    1800    900     1100    500     1700    900     2200    500     
	2443   1922 2300    1600    2300    1200    1600    900     1400    1000    1200    1600    900     1400    900     500     400     700     1400    700     500     
	2443   1923 2400    1400    2400    700     1400    2400    700     600     700     1400    1100    700     1000    1400    1400    700     100     700     500     
	2443   1924 1700    1700    1300    1200    1700    1300    1600    900     1200    1700    800     600     1000    1300    400     500     900     1600    1000    
	2443   1925 2300    800     2300    800     1200    2300    1400    800     500     500     1000    1200    1700    1900    1200    400     1100    700     500     
	2443   1926 2700    2100    1700    900     2700    1700    1000    700     900     2100    800     900     1300    1200    600     1000    600     700     900     
	2443   1927 1800    1400    1600    1400    1600    700     1100    500     1400    1300    700     1100    400     700     600     700     1100    600     1200    
	2443   1928 2000    1700    2000    1200    1600    2000    1100    200     1200    1300    1100    900     700     2000    500     1100    600     300     700     
	2443   1929 2300    2300    1900    2300    1600    1900    800     1300    2200    1600    1000    1600    600     1900    700     800     500     500     500     
	2443   1930 2100    2100    1300    1500    1000    1000    1200    1200    1400    900     700     500     1000    500     800     500     1200    300     700     
	2443   1931 1700    1200    1100    900     1200    1100    1200    500     700     1200    500     900     600     500     900     600     1200    1200    1700    
	2443   1932 2700    2700    2000    2700    1800    2000    900     1500    1600    1800    600     600     2000    500     900     500     300     900     1300    
	2443   1933 3300    1300    1200    1300    1300    1100    1200    1000    700     1200    900     1000    800     700     1000    1200    600     700     2600    
	2443   1934 2100    2100    1900    2100    1500    1500    1000    800     2100    900     700     1500    1300    1200    800     700     400     1000    700     
	2443   1935 1800    1500    1800    900     1800    1300    700     900     700     1500    600     1200    400     1100    1100    700     600     500     600     
	2443   1936 1800    1800    1500    1100    1800    1200    1200    300     1100    1800    700     900     800     500     1200    400     900     1000    900     
	2443   1937 1800    600     1800    600     1300    1800    900     600     200     400     600     1300    700     700     1200    500     900     700     500     
	2443   1938 2300    2300    1700    1200    2300    1700    1200    300     1200    2300    1400    800     1700    800     900     700     1200    700     1200    
	2443   1939 2400    1200    2400    1200    1400    1000    800     400     800     400     700     1400    1000    600     1000    500     400     400     1500    
	2443   1940 1300    1100    1300    1100    1200    1100    900     800     1000    800     700     1200    1100    400     700     900     800     500     600     
	2443   1941 2400    1600    2400    1600    2400    1300    1500    1000    600     1100    1000    1400    1300    900     400     1500    700     700     400     
	2443   1942 3100    2100    3100    1700    3100    1100    1100    1700    1600    1200    2100    1000    1100    400     700     1100    300     600     500     
	2443   1943 3200    3200    1900    1300    1900    1900    1800    400     1300    1900    1100    1300    1000    1900    600     700     1600    600     1500    
	2443   1944 2000    2000    2000    2000    1200    2000    800     600     2000    1100    900     900     800     1000    1800    600     800     200     1100    
	2443   1945 2000    2000    1400    600     2000    1400    1400    600     400     2000    800     1400    700     1400    400     1300    1000    1400    600     
	2443   1946 1600    1500    1600    1500    1300    1600    1400    1500    400     1200    1300    800     800     1400    600     600     1400    700     1300    
	2443   1947 3100    1200    3100    1200    1200    2500    900     1200    1000    400     1100    1200    900     1300    2500    900     700     500     1000    
	2443   1948 3000    3000    1400    1500    1500    1400    1400    300     1500    1500    800     1100    600     1400    900     800     1100    1400    1100    
	2443   1949 2000    1300    1700    1000    1400    1700    2000    1000    600     1300    900     900     1700    1200    1000    1200    800     600     600     
	2443   1950 1600    1400    1600    1400    900     1300    900     1400    400     500     500     900     1300    400     500     500     900     400     1500    
	2443   1951 2400    1600    1600    800     1100    1100    2400    400     600     1000    1100    600     1100    1000    400     700     2000    300     1200    
	2443   1952 1400    1000    1400    1000    1400    1100    800     400     1000    1000    1200    1400    700     800     1100    800     800     200     600     
	2443   1953 2400    2000    1600    1100    1700    1000    2400    700     1100    1700    1200    1400    600     500     1000    700     2400    1100    800     
	2443   1954 2500    1700    2500    1700    2500    700     600     1100    600     1600    2400    1400    500     500     700     400     500     600     500     
	2443   1955 2200    1500    2200    1300    2000    1800    900     1300    1100    800     2000    800     700     1300    1800    800     800     700     500     
	2443   1956 3000    3000    2300    3000    2300    1000    800     500     2800    1200    1500    800     1000    400     400     800     800     800     600     
	2443   1957 1400    1200    1100    1200    1400    1100    800     1200    300     600     1000    800     1100    400     700     400     500     800     900     
	2443   1958 1700    1200    1100    600     1200    1000    1700    500     200     1200    600     500     1000    900     600     600     1100    1700    600     
	2443   1959 2600    2100    2200    2100    1500    1700    2600    500     2000    600     1300    1500    1700    1600    800     2000    1700    700     500     
	2443   1960 1900    1300    1900    600     1900    900     1100    200     600     1300    1000    1200    900     700     500     900     200     400     300     
	2443   1961 1500    1500    1300    1100    1500    700     1300    600     1100    1500    800     1000    700     600     700     1300    800     700     700     
	2443   1962 2200    1200    1600    1100    1400    1600    2200    600     1100    1200    900     700     1600    700     400     400     2200    700     700     
	2443   1963 2300    2300    1900    1700    1000    1000    1900    1700    1500    1000    600     500     600     700     400     1900    1000    500     1700    
	2443   1964 2400    2400    1600    1200    1800    1600    1000    1200    600     1800    800     1100    700     1000    600     700     600     900     600     
	2443   1965 1500    1500    1000    900     1300    900     1400    700     800     1300    400     1000    800     800     700     700     1400    600     100     
	2443   1966 1600    1100    1600    1100    1400    1000    1500    1100    500     600     300     1400    1000    300     600     1500    800     300     300     
	2443   1967 1200    1000    1200    1000    800     1200    1000    1000    800     700     800     500     900     700     1100    700     400     1000    400     
	2443   1968 1800    1200    1800    800     1800    800     1000    400     800     800     1800    500     800     700     700     500     1000    800     1500    
	2443   1969 2500    1300    2500    1000    1300    1200    2500    1000    400     1300    800     700     1100    1200    900     2500    1800    300     600     
	2443   1970 3100    1200    3100    700     1600    2600    1300    700     600     800     300     1600    2600    600     1200    1300    1100    800     600     
	2443   1971 2000    900     1500    800     2000    1200    1800    700     800     500     1500    800     900     1100    800     1300    1200    600     900     
	2443   1972 3200    1900    1400    1400    1900    1000    3200    1000    900     1900    700     600     300     1000    600     1400    1800    400     1800    
	2443   1973 2300    2100    2300    1400    2100    2300    1200    1400    600     2100    800     800     2300    500     2100    1200    900     900     500     
	2443   1974 3500    1100    2400    700     3500    1500    500     500     600     1100    2400    700     1500    500     1500    500     500     500     500     
	2443   1975 2100    1200    2100    1100    1000    2100    1200    900     1100    500     900     1000    1100    1000    1400    900     1000    800     1000    
	2443   1976 2500    1500    2500    1500    1500    2500    1200    500     1500    1100    1500    500     1600    1200    2500    400     1200    500     400     
	2443   1977 1600    800     1600    600     1500    1400    1300    300     600     800     500     1500    1400    700     500     1300    1100    600     600     
	2443   1978 2100    1500    2100    1500    1500    1300    900     1000    1500    500     900     1500    1300    1100    600     700     800     900     800     
	2443   1979 1000    1000    1000    1000    600     800     1000    1000    700     400     600     500     800     700     500     1000    1000    400     400     
	2443   1980 3300    1600    3300    1400    3300    800     700     1400    1400    1100    1600    2800    600     800     600     700     500     500     400     
	2443   1981 2500    1600    1800    1600    2500    1700    1100    500     1600    700     1800    700     500     600     1700    1000    300     400     300     
	2443   1982 1400    1400    1300    1400    1300    1300    1400    1200    1400    900     1000    1300    700     1300    300     1300    800     600     700     
	2443   1983 1900    1900    1800    1900    1300    1800    1600    500     1900    1300    700     300     1300    1700    1400    900     600     1300    600     
	2443   1984 2100    1200    2100    1100    2100    1600    800     400     1100    1200    1900    600     800     1500    1600    500     700     800     500     
	2443   1985 2300    2300    1000    2300    900     800     1700    400     2200    500     800     900     500     800     600     900     1700    1300    300     
	2443   1986 2300    1900    2300    1900    1500    2300    2100    400     1900    1500    1300    500     2000    1100    300     1500    700     600     500     
	2443   1987 1900    1300    1900    1300    1200    1900    900     1300    900     1200    1000    700     700     1400    400     400     600     900     600     
	2443   1988 2000    800     2000    500     1500    2000    900     500     300     300     1200    1500    2000    600     900     500     900     700     500     
	2443   1989 1800    1000    1800    1000    1800    1800    1300    1000    600     700     500     1800    1800    1300    1200    1000    400     1300    800     
	2443   1990 1900    900     1900    700     1900    1800    1100    700     700     900     600     1900    1000    1800    800     500     1100    400     600     
	2443   1991 2400    2100    2200    2100    1500    1300    1400    1100    1000    1100    700     1500    300     700     800     1400    1200    800     1600    
	2443   1992 1800    1000    1800    1000    1800    1300    900     700     700     500     1100    1800    1100    700     800     900     400     600     1200    
	2443   1993 1600    1000    1600    900     1600    1600    1600    700     800     1000    1000    800     1300    300     600     400     1000    1400    300     
	2443   1994 2000    1300    2000    1300    1000    2000    1600    500     1300    800     900     500     800     2000    500     300     1600    900     400     
	2443   1995 2800    900     2800    700     1700    2800    1100    700     300     500     900     800     1300    800     2400    1000    1100    1100    1700    
	2443   1996 3200    3200    1900    3200    1900    1700    1200    2400    800     1600    1900    600     1700    1300    1100    800     1200    300     800     
	2443   1997 2000    1800    1900    1800    1900    1900    1600    1800    400     900     1900    900     600     1000    1900    1600    1000    600     1100    
	2443   1998 1600    1300    1600    1300    1500    1600    700     800     1300    1200    300     1500    200     900     1600    700     400     700     300     
	2443   1999 2000    700     2000    700     1100    1400    1400    300     400     500     700     800     900     1400    600     1400    1000    400     200     
	2443   2000 1700    1200    1700    1200    800     1700    600     1200    300     500     600     800     700     1600    600     600     400     300     600     
	2443   2001 1500    900     1500    900     1400    1500    400     900     700     500     500     1400    900     600     700     200     400     300     1000    
	2443   2002 2300    1000    1300    1000    2300    900     700     900     500     1000    1300    700     600     700     900     600     500     200     1200    
	2443   2003 2200    2000    2200    1900    2200    1800    1400    600     1900    2000    2200    700     1000    1300    1700    1100    1400    800     1000    
	2443   2004 1800    1000    1800    1000    1800    1500    1100    300     700     500     1800    1400    1300    600     900     1100    1000    300     1500    
	2443   2005 1700    1000    1400    600     800     1100    1700    500     600     800     600     700     1100    900     900     800     1700    600     500     
	2443   2006 1700    1700    1500    1700    1500    1300    1100    1100    800     1400    1300    1500    1200    1100    400     1100    500     400     1200    
	2443   2007 3800    800     3500    800     3800    1000    1200    400     500     700     3000    500     900     400     1000    500     1200    1000    1500    
	2443   2008 1500    1500    1500    1500    1500    1100    1000    300     1500    300     1500    1400    900     300     1100    1000    700     600     1200    
	2443   2009 2400    1000    2400    1000    1300    1100    2400    800     600     800     1300    700     900     400     900     2400    500     200     600     
	2443   2010 2100    1100    2100    1100    2100    1300    800     500     1100    1000    2100    1600    1100    600     400     500     800     600     1200    
	2443   2011 2700    1600    2700    800     2700    900     2700    700     700     1600    1900    800     400     700     400     1200    600     2700    500     
	2443   2012 1900    1400    1300    800     1900    1300    1000    500     800     1400    500     1000    600     800     800     1000    800     500     200     
	2443   2013 2200    2000    2200    1400    2200    2200    1300    500     1400    1400    1200    700     1100    2200    700     1100    600     400     500     
	2443   2014 2000    1800    2000    500     1700    1600    1900    500     400     1700    500     600     1600    800     200     1900    700     1000    600     
	2443   2015 1600    1600    1600    1600    1200    1600    1000    400     1600    1100    1200    900     1600    400     800     700     600     300     400     
	2443   2016 1600    1300    1300    500     1300    1000    1300    500     400     1300    400     1100    900     1000    900     1300    1000    900     1000    
	2443   2017 1400    800     1300    800     1400    1300    800     800     800     800     1100    700     1300    500     800     800     700     300     400     
	2443   2018 3900    1700    3900    1400    1500    3900    2000    400     1400    600     900     1500    1200    2700    900     600     2000    700     800     
	2443   2019 2000    1900    2000    1800    2000    1500    700     600     1800    1400    2000    800     1000    900     1100    600     500     700     700     
	2443   2020 4500    1800    2700    700     4500    900     1300    700     400     1800    2700    1100    600     800     900     1300    800     700     400     
	2443   2021 -999999 -999999 1900    -999999 1500    1900    900     -999999 1000    900     1500    400     1200    1900    500     900     400     300     800     
	2443   2022 3100    1400    3100    1400    3100    1900    700     1400    400     1400    2100    1000    900     1900    1500    500     700     500     700     
	2443   2023 3500    1100    3500    1100    1600    1900    900     600     1100    400     800     1600    1900    300     1100    900     700     200     500     
	2443   2024 1800    -999999 1800    -999999 1000    1800    1100    700     -999999 1000    500     800     1300    600     1200    1100    700     900     700     
	2443   2025 3000    1900    2700    1200    3000    1600    1000    1100    1000    1900    1100    2100    900     700     1600    900     600     700     1300    
	2443   2026 -999999 -999999 -999999 1100    -999999 -999999 -999999 1100    900     -999999 -999999 -999999 -999999 -999999 -999999 -999999 -999999 -999999 -999999 
	