EUROPEAN CLIMATE ASSESSMENT & DATASET (ECA&D), file created on: 17-05-2026
THESE DATA CAN BE USED FOR NON-COMMERCIAL RESEARCH AND EDUCATION PROVIDED THAT THE FOLLOWING SOURCE IS ACKNOWLEDGED: 

Klein Tank, A.M.G. and Coauthors, 2002. Daily dataset of 20th-century surface
air temperature and precipitation series for the European Climate Assessment.
Int. J. of Climatol., 22, 1441-1453.
Data and metadata available at http://www.ecad.eu

FILE FORMAT (MISSING VALUE CODE = -999999):

THIS FILE HOLDS DATA FOR STATION NETHERLANDS                              STAVOREN_1                               (STAID:  10965)
LATITUDE: dd:mm:ss +52:53:08
LONGITUDE: ddd:mm:ss +005:21:29
ELEVATION: m    1

DATA IS FOR INDEX Maximum no of consecutive dry days (RR < 1 mm) (CDD) with unit 0.01 No of days

01-06 SOUID: Source identifier
08-11 YEAR : YYYY
13-20 ANNUAL DATA VALUES
21-28 WINTER HALF YEAR DATA VALUES
29-36 SUMMER HALF YEAR DATA VALUES
37-44 WINTER (DJF) DATA VALUES
45-52 SPRING (MAM) DATA VALUES
53-60 SUMMER (JJA) DATA VALUES
61-68 AUTUMN (SON) DATA VALUES
69-76 JANUARY DATA VALUES
etc. 
157-164 DECEMBER DATA VALUES

10965  1950 -999999 -999999 -999999 -999999 -999999 -999999 -999999 -999999 -999999 -999999 -999999 -999999 -999999 -999999 -999999 -999999 -999999 -999999 -999999 
	10965  1951 2400    -999999 1600    -999999 1100    1000    2400    400     500     900     1100    500     1000    1000    1000    900     1900    400     800     
	10965  1952 2000    1000    2000    1000    2000    1000    1100    500     1000    1000    1100    2000    800     900     600     1100    700     700     700     
	10965  1953 3800    3800    1500    1100    2700    1000    1600    700     1100    2700    1200    1400    500     500     1000    700     900     1600    800     
	10965  1954 2700    1800    2700    1800    2700    800     600     1100    700     1600    2600    1400    400     500     700     300     500     600     500     
	10965  1955 2000    1500    2000    1100    2000    1400    800     1100    1100    800     2000    400     700     1300    600     800     800     700     500     
	10965  1956 1400    1000    1400    800     1300    1000    1400    500     800     1000    600     800     1000    400     400     1400    800     700     600     
	10965  1957 1300    1200    1100    1200    1300    1100    1000    1200    500     600     900     800     1100    300     700     500     1000    800     1100    
	10965  1958 2500    1300    1200    600     1300    1200    2100    500     300     1300    600     500     1000    1200    600     500     900     2100    500     
	10965  1959 2600    2100    2200    2100    1500    1700    2600    500     2000    400     1300    1500    1700    1500    1500    2000    1700    700     900     
	10965  1960 1800    1200    1800    500     1800    800     1100    500     400     1200    1800    1100    800     300     700     900     200     300     500     
	10965  1961 1800    1700    1300    1000    1700    1000    1800    600     1000    1700    800     1000    700     600     1000    1200    1200    1800    1500    
	10965  1962 2200    1200    2200    1100    1400    1700    1100    500     1100    500     900     500     1700    900     400     400     1100    1100    700     
	10965  1963 2100    1900    1200    1500    900     1000    1200    1500    1100    800     800     600     700     700     400     1200    1100    500     1600    
	10965  1964 2400    2400    1100    1700    1800    900     1000    1700    600     1800    800     1100    600     900     500     800     700     900     400     
	10965  1965 1700    1600    1700    1600    1300    1700    1300    500     1100    1300    400     800     800     600     1700    900     1300    600     300     
	10965  1966 1500    1100    1500    1100    1400    1000    1500    1100    500     600     300     1400    1000    600     600     1500    800     300     300     
	10965  1967 1200    1100    1200    1100    800     1200    1100    1100    600     700     800     300     900     900     1100    700     500     1100    500     
	10965  1968 1700    1300    1700    1300    1700    800     1100    400     1300    900     1700    500     800     700     800     1100    800     800     1500    
	10965  1969 1800    1100    1800    900     1100    1200    1700    900     500     1100    800     700     1200    1200    900     1500    1700    200     600     
	10965  1970 2600    1400    2600    800     2300    2600    1300    800     400     800     300     2300    2600    600     800     1300    1300    700     1200    
	10965  1971 2000    1000    1500    1000    2000    1300    1500    700     700     500     1500    800     900     1100    600     900     1100    400     900     
	10965  1972 3100    1400    1900    1400    1400    1200    3100    1000    900     1400    700     400     400     1200    1100    1300    1800    400     1800    
	10965  1973 3200    2100    2300    1700    2100    2300    1400    1400    600     2100    800     600     2300    500     2100    1400    800     700     400     
	10965  1974 3500    1100    2400    1100    3500    1900    500     600     1100    1100    2400    900     800     500     1900    500     500     500     600     
	10965  1975 2100    1200    2100    1200    900     2100    2000    900     1200    700     700     900     1200    1000    1400    1000    2000    800     1800    
	10965  1976 3800    1300    3200    1300    3800    2900    900     700     1100    1100    3000    1600    1600    1800    2500    700     800     500     400     
	10965  1977 1900    800     1900    500     1600    1500    1900    300     500     600     600     1600    1400    1500    600     1900    1100    400     600     
	10965  1978 2200    1000    2200    900     1600    1200    900     700     900     700     1000    1600    600     1100    1200    500     800     900     800     
	10965  1979 1400    900     1000    900     800     800     1400    900     600     400     400     800     800     700     500     1000    1100    400     400     
	10965  1980 3300    1600    3300    1400    3300    800     1200    1400    1400    700     1700    2800    600     800     500     1200    600     500     400     
	10965  1981 2600    1300    2100    1300    2600    1500    1100    500     1300    500     2100    700     500     700     1500    1000    300     600     600     
	10965  1982 1400    1400    1300    1400    1100    1100    1400    1200    1400    900     1100    1100    700     1100    400     1300    800     600     500     
	10965  1983 2500    1700    2500    1700    1300    2500    1200    400     1700    1300    300     200     1300    2500    1000    900     600     600     600     
	10965  1984 2800    1300    2800    1100    2100    2600    900     400     1100    1300    1900    700     1000    1100    2600    300     900     800     500     
	10965  1985 2200    2200    1000    2200    900     800     2200    500     2200    300     800     900     500     800     500     900     2200    900     400     
	10965  1986 2100    1900    1500    1900    1500    1200    2100    400     1900    1500    1200    800     1200    1000    600     1500    700     400     500     
	10965  1987 1400    1400    1200    1400    1200    1200    800     1300    1100    1200    1000    700     300     900     400     400     600     800     600     
	10965  1988 1500    1100    1500    1100    1500    1100    1000    300     1100    300     1400    1500    1100    400     900     600     1000    800     500     
	10965  1989 1900    1700    1900    1700    1800    1900    1200    1400    600     700     600     1800    1900    1300    1200    900     400     1200    900     
	10965  1990 1800    800     1800    700     1800    1800    1100    500     700     800     600     1800    600     1800    900     600     1100    500     700     
	10965  1991 2400    2100    2200    2100    1500    2200    1400    1100    1000    1200    800     1500    500     700     1500    1400    1200    800     1600    
	10965  1992 1700    1300    1700    1300    1700    1500    600     1200    700     400     1100    1700    1200    700     800     600     500     600     1300    
	10965  1993 1800    1800    1700    1800    1600    1700    1800    500     1500    1000    800     800     900     1000    600     400     1000    1400    300     
	10965  1994 1900    1900    1300    1900    1000    1300    1700    500     1900    500     900     600     500     1300    500     600     1700    900     400     
	10965  1995 2400    1600    2400    500     1900    2400    2000    300     500     500     1100    800     1300    800     2200    300     2000    1100    1100    
	10965  1996 3100    3100    1600    3100    1600    1300    1300    2200    900     1500    1600    600     800     1300    800     1000    1300    400     900     
	10965  1997 2000    1800    1900    1800    1900    1900    1600    1800    300     900     1900    1100    600     1400    1900    1600    600     600     500     
	10965  1998 1400    1300    1400    1300    1400    900     1300    800     1300    1000    300     1400    200     600     900     1300    400     700     300     
	10965  1999 2000    600     2000    600     1400    1300    1400    300     300     600     1000    1000    900     900     600     1400    1000    700     200     
	10965  2000 1500    1400    1500    1400    1500    1100    600     1400    300     500     700     1500    700     1100    900     600     400     300     600     
	10965  2001 1800    900     1800    900     1400    1800    400     900     900     500     400     1400    900     900     700     200     400     400     1200    
	10965  2002 1800    1000    1300    1000    1800    900     1000    1000    500     1000    1000    800     500     900     700     1000    500     600     1200    
	10965  2003 2400    2400    1900    2400    2300    1900    1600    600     2400    2300    1400    700     1000    700     1700    1100    1600    800     1000    
	10965  2004 1800    1500    1800    1300    1800    1500    1000    300     1300    1100    1800    1400    1400    600     900     1000    1000    300     1500    
	10965  2005 1700    1000    1300    800     900     900     1700    500     600     500     600     900     800     900     900     800     1700    600     700     
	10965  2006 1800    1400    1800    1400    1400    1200    1800    1100    900     1400    600     1300    1200    1100    300     1800    700     600     1300    
	10965  2007 4500    1000    3500    900     4500    1300    1200    400     600     1000    3000    500     1300    400     700     500     1200    1000    1500    
	10965  2008 1600    1500    1600    1500    1400    1100    1600    400     1500    700     800     1400    1100    400     1100    1600    700     600     1200    
	10965  2009 2400    1200    2400    1000    1700    1400    2400    800     300     1200    1700    700     1000    400     900     2400    500     200     500     
	10965  2010 2400    700     2400    600     2400    1200    800     600     600     700     2400    1600    900     1200    400     500     800     700     900     
	10965  2011 2700    1600    2700    700     2700    800     2000    600     700     1600    1900    800     400     700     500     1200    600     2000    500     
	10965  2012 1900    1400    1100    800     1900    1000    1000    500     800     1400    700     600     600     700     900     1000    500     600     200     
	10965  2013 2200    1000    2200    900     1300    2200    1300    900     800     1000    1300    700     1100    2200    700     1100    500     400     400     
	10965  2014 2000    1800    2000    500     1700    1200    1900    500     400     1700    500     800     900     1200    400     1900    700     1000    600     
	10965  2015 1400    1100    1200    900     1200    1100    1400    400     900     1100    1200    800     1100    500     800     600     1000    400     400     
	10965  2016 1900    1900    1700    600     1900    1100    1700    300     600     1900    600     1100    1100    1000    700     1700    1100    900     900     
	10965  2017 2200    1100    1300    800     2200    1300    1000    800     800     1100    1100    700     1300    500     900     500     800     300     500     
	10965  2018 3600    1700    3600    1400    1900    3600    2200    400     1400    500     900     1900    900     2700    900     500     2200    1400    800     
	10965  2019 2100    1300    2100    1300    2100    1100    700     600     700     700     2100    800     1000    900     1100    600     500     700     700     
	10965  2020 4600    1900    2700    300     4600    1200    1300    300     300     1900    2700    2100    800     1000    1200    1300    400     700     400     
	10965  2021 1900    1700    1900    1000    1700    1900    1400    500     1000    1000    1700    500     1200    1900    700     1400    600     400     1000    
	10965  2022 1900    1400    1900    1000    1500    1500    800     1000    400     1400    1500    1000    900     1300    1500    500     800     500     600     
	10965  2023 2900    1100    2900    1100    1000    1900    1000    600     1100    400     700     1000    1900    500     900     1000    700     300     400     
	10965  2024 1900    1000    1900    600     1000    1900    1100    600     500     1000    400     800     800     600     1300    1100    400     900     700     
	10965  2025 2700    1500    2700    1100    2700    1600    1100    1100    1000    1500    1100    2100    900     600     1600    1000    500     700     1100    
	10965  2026 -999999 1100    -999999 1100    -999999 -999999 -999999 1100    500     900     1000    -999999 -999999 -999999 -999999 -999999 -999999 -999999 -999999 
	