EUROPEAN CLIMATE ASSESSMENT & DATASET (ECA&D), file created on: 17-05-2026
THESE DATA CAN BE USED FOR NON-COMMERCIAL RESEARCH AND EDUCATION PROVIDED THAT THE FOLLOWING SOURCE IS ACKNOWLEDGED: 

Klein Tank, A.M.G. and Coauthors, 2002. Daily dataset of 20th-century surface
air temperature and precipitation series for the European Climate Assessment.
Int. J. of Climatol., 22, 1441-1453.
Data and metadata available at http://www.ecad.eu

FILE FORMAT (MISSING VALUE CODE = -999999):

THIS FILE HOLDS DATA FOR STATION NETHERLANDS                              LOTTUM                                   (STAID:  20557)
LATITUDE: dd:mm:ss +51:27:41
LONGITUDE: ddd:mm:ss +006:09:51
ELEVATION: m -100

DATA IS FOR INDEX Maximum no of consecutive dry days (RR < 1 mm) (CDD) with unit 0.01 No of days

01-06 SOUID: Source identifier
08-11 YEAR : YYYY
13-20 ANNUAL DATA VALUES
21-28 WINTER HALF YEAR DATA VALUES
29-36 SUMMER HALF YEAR DATA VALUES
37-44 WINTER (DJF) DATA VALUES
45-52 SPRING (MAM) DATA VALUES
53-60 SUMMER (JJA) DATA VALUES
61-68 AUTUMN (SON) DATA VALUES
69-76 JANUARY DATA VALUES
etc. 
157-164 DECEMBER DATA VALUES

20557  1928 -999999 -999999 -999999 -999999 -999999 -999999 2200    -999999 -999999 -999999 -999999 -999999 -999999 -999999 500     2200    500     800     500     
	20557  1929 2800    2800    1400    800     2800    1200    900     800     800     2800    900     1300    500     1200    800     800     600     700     500     
	20557  1930 2000    2000    1500    1100    1500    1100    1100    600     1100    900     1000    500     1100    500     900     400     1100    500     600     
	20557  1931 1600    900     1600    700     900     1600    1200    500     700     900     900     700     1100    500     500     700     1200    1100    400     
	20557  1932 2100    1900    1900    1900    1900    1900    1000    1800    1200    1900    300     600     1900    400     700     400     500     1000    2100    
	20557  1933 1900    1900    1600    1900    1600    1400    1100    1900    700     1100    1600    1000    900     800     1400    1000    700     700     1000    
	20557  1934 2500    2500    1600    2500    1500    1500    800     700     2500    800     700     1500    800     1200    1500    800     600     700     500     
	20557  1935 2000    1500    2000    500     2000    1400    900     500     500     1500    600     1400    400     1400    1000    700     900     700     700     
	20557  1936 1800    1800    1200    1200    1800    1200    1500    500     1200    1800    800     800     900     200     1200    600     1200    1200    900     
	20557  1937 1400    900     1400    700     1100    1400    1400    500     400     400     400     1100    900     500     900     700     1400    1100    700     
	20557  1938 2300    2300    1700    1200    2300    1700    800     400     1200    2300    900     1400    1700    900     600     800     700     800     1000    
	20557  1939 2400    1200    2400    1200    1400    1300    1600    600     800     800     900     1400    1100    1300    800     1600    300     300     1500    
	20557  1940 1700    700     1700    700     1700    1600    700     700     400     400     500     1700    1100    300     1300    700     700     500     600     
	20557  1941 1500    1200    1500    1200    1300    1000    1500    1100    400     1100    1100    1300    1000    800     300     1500    500     600     700     
	20557  1942 2000    1800    2000    1500    2000    1300    1200    1300    1500    1000    2000    700     1300    900     800     1200    600     700     800     
	20557  1943 2000    2000    1800    1500    1200    1800    1400    500     1500    1200    700     1000    900     1800    700     800     1400    600     1500    
	20557  1944 -999999 1100    -999999 1100    1500    1400    -999999 500     1100    1000    1500    1000    700     800     1400    -999999 -999999 -999999 -999999 
	20557  1945 -999999 -999999 -999999 -999999 -999999 -999999 -999999 -999999 -999999 -999999 -999999 -999999 -999999 -999999 -999999 -999999 1800    800     1000    
	20557  1946 1700    1500    1700    1500    1700    800     1400    1500    400     1200    1100    1000    700     600     500     700     1400    800     1300    
	20557  1947 -999999 -999999 -999999 1000    -999999 2400    2500    1000    800     -999999 -999999 -999999 700     700     2400    600     2400    400     600     
	20557  1948 -999999 1600    1300    1300    1400    1000    1100    200     1300    1300    1000    1300    1000    700     600     800     700     900     -999999 
	