EUROPEAN CLIMATE ASSESSMENT & DATASET (ECA&D), file created on: 17-05-2026
THESE DATA CAN BE USED FOR NON-COMMERCIAL RESEARCH AND EDUCATION PROVIDED THAT THE FOLLOWING SOURCE IS ACKNOWLEDGED: 

Klein Tank, A.M.G. and Coauthors, 2002. Daily dataset of 20th-century surface
air temperature and precipitation series for the European Climate Assessment.
Int. J. of Climatol., 22, 1441-1453.
Data and metadata available at http://www.ecad.eu

FILE FORMAT (MISSING VALUE CODE = -999999):

THIS FILE HOLDS DATA FOR STATION NETHERLANDS                              MEGEN                                    (STAID:   2473)
LATITUDE: dd:mm:ss +51:49:00
LONGITUDE: ddd:mm:ss +005:34:00
ELEVATION: m    6

DATA IS FOR INDEX Maximum no of consecutive dry days (RR < 1 mm) (CDD) with unit 0.01 No of days

01-06 SOUID: Source identifier
08-11 YEAR : YYYY
13-20 ANNUAL DATA VALUES
21-28 WINTER HALF YEAR DATA VALUES
29-36 SUMMER HALF YEAR DATA VALUES
37-44 WINTER (DJF) DATA VALUES
45-52 SPRING (MAM) DATA VALUES
53-60 SUMMER (JJA) DATA VALUES
61-68 AUTUMN (SON) DATA VALUES
69-76 JANUARY DATA VALUES
etc. 
157-164 DECEMBER DATA VALUES

2473   1943 -999999 -999999 1400    -999999 1300    1400    1900    -999999 -999999 1300    1000    1100    900     1000    600     700     1700    800     900     
	2473   1944 -999999 1600    1800    1600    1200    1800    -999999 500     1600    1000    700     800     800     900     1800    600     600     -999999 -999999 
	2473   1945 -999999 -999999 -999999 -999999 -999999 -999999 -999999 -999999 -999999 -999999 -999999 -999999 -999999 -999999 -999999 -999999 1300    1000    700     
	2473   1946 1500    1500    1400    1500    1400    1100    1500    1500    300     1100    1100    1100    500     700     800     700     1500    800     1300    
	2473   1947 -999999 -999999 -999999 1400    -999999 2500    1000    1300    600     -999999 -999999 700     900     2000    2500    700     900     400     300     
	2473   1948 3000    3000    1300    1500    1500    1300    900     100     1500    1400    800     1300    900     1300    1000    700     700     900     1100    
	2473   1949 2200    1300    2200    900     1500    2200    900     900     800     1300    800     600     1700    900     1400    600     800     500     600     
	2473   1950 1600    1200    1600    1100    1000    1300    1000    1100    400     800     900     1000    1300    300     500     300     1000    400     900     
	2473   1951 2300    1400    1300    1200    1000    900     2300    900     400     1000    1000    500     900     700     700     700     2000    300     1400    
	2473   1952 1300    1000    1300    900     1200    1100    900     500     900     1000    1200    1200    500     1000    1100    900     800     700     500     
	2473   1953 2000    1600    1100    1400    1600    1000    2000    1400    700     1600    1100    1100    600     800     1000    700     1300    2000    800     
	2473   1954 1800    1800    1500    1800    1700    700     1000    1100    700     1700    1200    1500    600     500     500     400     1000    600     600     
	2473   1955 1700    1700    1600    1200    1200    1600    900     900     1200    800     1200    700     1600    1300    1400    800     700     900     500     
	2473   1956 1600    1300    1300    1300    1600    800     1300    500     1300    1200    900     800     800     400     500     1300    1100    1000    400     
	2473   1957 1400    1100    1100    1100    1400    1000    1100    1100    300     600     1000    800     700     600     700     300     700     1100    600     
	2473   1958 2900    1400    1400    800     1300    1400    2200    600     400     1300    600     400     1400    500     700     600     1000    2200    700     
	2473   1959 3000    2800    3000    2800    1900    1800    2700    800     2000    700     900     1800    1700    1800    1000    2000    1800    400     800     
	2473   1960 3000    3000    1600    3000    1600    900     800     500     2900    900     600     1100    900     500     300     800     300     400     600     
	2473   1961 1500    1500    1100    1100    1500    700     1200    500     1100    1500    700     1000    700     700     700     600     1200    800     1500    
	2473   1962 2600    1900    1700    1200    1700    1400    2600    500     1200    1100    1200    500     1400    500     300     500     2400    900     700     
	2473   1963 2900    2100    1300    1300    900     1000    1100    1000    1300    800     800     900     400     1000    300     1100    1000    500     2400    
	2473   1964 1800    1800    1600    1300    1200    1200    1000    1300    600     1200    800     600     800     800     1200    800     700     900     600     
	2473   1965 2600    2600    1400    1300    1300    1400    1400    400     1300    1300    400     700     800     600     600     1100    1400    1400    400     
	2473   1966 1600    1100    1600    1100    1400    1000    1600    1100    600     700     400     1400    1000    400     800     1600    800     500     200     
	2473   1967 1800    1200    1800    1200    900     1800    1100    1200    900     700     900     400     1800    800     1200    700     300     1100    400     
	2473   1968 2200    1200    1900    800     1900    1100    1200    400     800     700     1900    500     600     900     400     600     1000    1200    1500    
	2473   1969 1900    1200    1900    1200    1200    1200    1900    1200    500     1200    1000    600     1100    1200    900     1600    1900    400     700     
	2473   1970 1600    1200    1600    600     1200    1500    1300    600     400     800     300     1200    1300    500     1500    1300    1100    900     1100    
	2473   1971 2200    1700    2200    1700    2000    2100    2200    1400    800     500     1500    800     500     2000    600     2200    1200    600     800     
	2473   1972 2200    1800    2000    1800    1500    1300    2200    1000    800     1500    900     600     500     1300    1200    800     1800    500     2100    
	2473   1973 4000    2300    1900    2300    1800    1900    1200    1900    500     1800    600     400     1700    600     1900    1200    800     800     600     
	2473   1974 3300    1100    2200    1000    3300    900     400     600     1000    1100    2200    900     500     700     900     300     300     300     400     
	2473   1975 1400    1100    1000    1100    900     1000    1400    600     1100    300     900     800     700     600     1000    500     1400    700     700     
	2473   1976 2500    1500    2500    1500    2500    2100    1400    500     1500    1100    2300    600     1700    1100    1400    400     1200    500     600     
	2473   1977 1700    900     1700    600     1100    1700    1500    400     500     800     600     1100    800     1600    600     1500    1400    500     900     
	2473   1978 1900    1900    1800    1900    1700    1000    1100    900     1900    500     900     1700    400     1000    1000    500     1100    1000    800     
	2473   1979 1400    700     1400    700     1400    1100    1200    700     500     400     1400    400     800     600     500     900     1100    700     300     
	2473   1980 2100    1200    2100    1200    2100    800     700     1200    800     700     900     2100    800     700     700     700     400     500     500     
	2473   1981 1800    900     1800    900     1600    1800    700     600     900     600     1100    200     500     600     1800    700     200     400     600     
	2473   1982 1900    1900    1500    1900    1500    1200    1400    1900    1500    1100    1500    1100    500     1200    400     1400    800     600     400     
	2473   1983 2700    1900    2200    1900    1300    2200    2700    500     1900    1300    800     200     1000    2200    1100    900     700     2300    700     
	2473   1984 1800    1300    1800    1100    1800    1700    800     300     1100    1300    1800    500     700     1000    1700    200     700     800     700     
	2473   1985 2000    2000    1300    2000    1000    700     1500    600     2000    500     800     1000    300     700     400     800     1500    600     500     
	2473   1986 3500    3500    1600    3200    1100    1600    2400    400     2800    1100    1000    500     1600    1500    700     1500    900     600     500     
	2473   1987 1600    1400    1600    1400    1200    1600    1200    1400    700     1200    1000    700     300     1300    500     900     600     900     1000    
	2473   1988 1300    1000    1300    1000    1300    1000    1100    1000    600     300     800     1300    1000    300     700     600     1100    900     800     
	2473   1989 2000    1300    2000    1300    1800    1700    1200    1000    800     700     500     1800    1700    1200    1400    900     700     1000    1100    
	2473   1990 1800    900     1800    700     1600    1800    1000    700     300     900     500     1600    1100    1800    900     600     1000    800     600     
	2473   1991 2500    1900    2300    1900    1500    1000    1400    1200    1200    1100    800     1500    600     500     1000    1400    1300    1000    1500    
	2473   1992 1900    1400    1900    1400    1900    1500    1400    1200    600     500     900     1900    900     700     800     900     700     300     900     
	2473   1993 2000    1000    2000    900     2000    800     1700    700     900     1000    1200    800     700     500     500     500     1100    1600    200     
	2473   1994 1700    1100    1700    1100    800     1700    1700    500     1100    600     800     600     500     1300    600     500     1700    500     600     
	2473   1995 2700    1200    1600    400     1200    1600    1200    300     300     500     800     800     1300    1100    1200    1200    1100    1100    1600    
	2473   1996 3200    3200    1900    3200    1900    1900    800     2200    1000    1500    1900    1200    1900    1300    800     800     800     400     1200    
	2473   1997 2000    1800    1900    1800    1900    1900    1600    1800    300     1200    1900    900     600     700     1900    1600    1100    800     700     
	2473   1998 1800    1300    1800    1300    1800    1300    900     1000    1300    1200    400     1800    400     600     1300    900     400     700     300     
	2473   1999 1900    800     1900    600     1200    1200    1400    400     400     800     800     900     1200    900     500     1400    1300    400     200     
	2473   2000 1200    900     1200    900     900     1200    800     900     300     500     900     700     700     800     1200    800     400     300     700     
	2473   2001 1300    1100    1300    1100    1300    1100    1100    1100    400     400     400     1300    1100    700     800     300     1100    500     1300    
	2473   2002 2400    1100    1300    1100    2400    1000    1000    1000    600     1100    1300    700     500     600     1000    1000    700     900     1200    
	2473   2003 2800    2300    2800    2300    2200    2800    1100    900     2300    2000    2200    700     1000    1200    2700    1100    900     1000    1000    
	2473   2004 2200    1300    2200    1300    2200    1200    1300    400     1300    1000    900     2200    600     600     600     900     1300    400     1500    
	2473   2005 1800    1300    1500    1000    700     1500    1800    500     600     500     600     700     1500    1100    700     800     1800    600     900     
	2473   2006 2100    1400    2100    1400    1400    2100    1600    1000    500     1300    900     1400    1300    2100    200     1600    800     600     900     
	2473   2007 3800    800     3500    800     3800    900     1300    400     600     700     3000    500     900     300     700     500     1300    800     1500    
	2473   2008 1800    1800    1400    1800    1400    800     900     500     1800    200     1000    1300    300     500     800     900     700     800     1100    
	2473   2009 1900    1000    1900    1000    1200    1900    1400    800     300     1000    900     800     1400    500     700     1400    700     400     500     
	2473   2010 2300    1300    2300    1300    2100    2300    1400    1300    1100    700     2100    800     2100    1000    500     600     1200    1400    700     
	2473   2011 2500    1300    1500    800     1500    700     2500    700     800     1200    1500    800     400     400     400     1300    600     2500    300     
	2473   2012 3100    2400    900     900     3100    900     1100    500     900     2400    700     700     600     700     900     900     1100    700     400     
	2473   2013 2300    1100    2300    700     1900    2300    1500    700     700     1100    800     1000    1100    2300    1200    1300    400     800     500     
	2473   2014 1700    1700    1700    600     1700    800     1700    500     600     1700    800     700     800     700     300     1700    500     600     600     
	2473   2015 1600    1600    1200    1400    1600    900     1300    400     1400    1600    1200    600     700     500     900     600     900     400     700     
	2473   2016 1800    1300    1500    600     1500    1000    1500    600     600     1300    600     1500    1000    800     900     1500    1100    900     1000    
	2473   2017 1700    800     1700    800     1300    1400    1000    800     800     800     700     1300    1400    500     900     1000    900     500     300     
	2473   2018 5300    1500    5300    1400    800     5300    2400    500     1400    500     700     800     1600    3100    600     1300    2400    1500    600     
	2473   2019 2100    900     2100    900     2100    1600    1000    600     900     700     2100    900     1100    1100    900     1000    500     600     500     
	2473   2020 3500    1800    3200    400     3500    1000    1900    300     400     1800    1700    2800    800     700     1000    1900    800     900     400     
	2473   2021 -999999 -999999 -999999 -999999 1000    -999999 1000    -999999 1000    800     1000    500     1200    -999999 700     1000    600     600     1000    
	2473   2022 4000    3300    4000    700     4000    1600    1100    700     400     3000    2300    1700    1000    1300    1600    400     1100    700     1000    
	2473   2023 2900    1400    2900    1400    1000    1900    1000    1100    1100    700     600     1000    1900    900     1200    1000    700     300     500     
	2473   2024 1700    -999999 1100    -999999 1000    700     1700    800     -999999 900     600     1000    700     600     700     1100    400     1500    600     
	2473   2025 4300    3200    2900    1000    4200    1600    1300    600     900     3100    1100    2300    1300    800     1600    1000    1300    800     1300    
	2473   2026 -999999 -999999 -999999 1200    -999999 -999999 -999999 1200    400     -999999 -999999 -999999 -999999 -999999 -999999 -999999 -999999 -999999 -999999 
	