EUROPEAN CLIMATE ASSESSMENT & DATASET (ECA&D), file created on: 17-05-2026
THESE DATA CAN BE USED FOR NON-COMMERCIAL RESEARCH AND EDUCATION PROVIDED THAT THE FOLLOWING SOURCE IS ACKNOWLEDGED: 

Klein Tank, A.M.G. and Coauthors, 2002. Daily dataset of 20th-century surface
air temperature and precipitation series for the European Climate Assessment.
Int. J. of Climatol., 22, 1441-1453.
Data and metadata available at http://www.ecad.eu

FILE FORMAT (MISSING VALUE CODE = -999999):

THIS FILE HOLDS DATA FOR STATION NETHERLANDS                              MEDEMBLIK                                (STAID:    524)
LATITUDE: dd:mm:ss +52:46:59
LONGITUDE: ddd:mm:ss +005:06:00
ELEVATION: m   -2

DATA IS FOR INDEX Maximum no of consecutive dry days (RR < 1 mm) (CDD) with unit 0.01 No of days

01-06 SOUID: Source identifier
08-11 YEAR : YYYY
13-20 ANNUAL DATA VALUES
21-28 WINTER HALF YEAR DATA VALUES
29-36 SUMMER HALF YEAR DATA VALUES
37-44 WINTER (DJF) DATA VALUES
45-52 SPRING (MAM) DATA VALUES
53-60 SUMMER (JJA) DATA VALUES
61-68 AUTUMN (SON) DATA VALUES
69-76 JANUARY DATA VALUES
etc. 
157-164 DECEMBER DATA VALUES

524    1903 -999999 -999999 -999999 -999999 -999999 -999999 -999999 -999999 -999999 -999999 -999999 -999999 -999999 -999999 -999999 -999999 -999999 -999999 -999999 
	524    1904 1700    -999999 1700    -999999 1000    1700    1200    600     700     700     1000    1000    800     1700    400     900     700     700     1300    
	524    1905 1900    1200    1700    1200    1700    1400    1000    900     1000    600     1100    1700    900     800     1400    900     300     1000    1900    
	524    1906 3200    1500    1900    1000    3200    1900    1300    600     400     1500    1700    800     1300    1200    700     1200    700     600     900     
	524    1907 1500    1400    1500    1400    1400    700     1500    1400    900     900     800     400     400     700     500     1500    600     1100    800     
	524    1908 2700    1400    1800    1300    1400    1600    2700    800     1100    1400    900     800     1300    1300    600     1800    2100    700     1300    
	524    1909 -999999 1300    1300    1300    1000    1300    -999999 1300    900     900     900     1000    600     600     1300    700     -999999 -999999 -999999 
	524    1910 -999999 -999999 -999999 -999999 -999999 -999999 -999999 -999999 -999999 -999999 -999999 -999999 -999999 -999999 -999999 -999999 -999999 -999999 -999999 
	524    1911 -999999 -999999 -999999 -999999 -999999 -999999 -999999 -999999 -999999 -999999 -999999 -999999 -999999 -999999 -999999 -999999 -999999 -999999 -999999 
	524    1912 -999999 -999999 -999999 -999999 -999999 -999999 -999999 -999999 -999999 -999999 -999999 -999999 -999999 -999999 -999999 -999999 -999999 -999999 -999999 
	524    1913 -999999 -999999 -999999 -999999 -999999 -999999 -999999 -999999 -999999 -999999 -999999 -999999 -999999 -999999 -999999 -999999 -999999 -999999 -999999 
	524    1914 -999999 -999999 -999999 -999999 -999999 -999999 -999999 -999999 -999999 -999999 -999999 -999999 -999999 -999999 -999999 -999999 -999999 -999999 -999999 
	524    1915 -999999 -999999 -999999 -999999 -999999 -999999 -999999 -999999 -999999 -999999 -999999 -999999 -999999 -999999 -999999 -999999 -999999 -999999 -999999 
	524    1916 -999999 -999999 -999999 -999999 -999999 -999999 -999999 -999999 -999999 -999999 -999999 -999999 -999999 -999999 -999999 -999999 -999999 -999999 -999999 
	524    1917 -999999 -999999 -999999 -999999 -999999 -999999 -999999 -999999 -999999 -999999 -999999 -999999 -999999 -999999 -999999 -999999 -999999 -999999 -999999 
	524    1918 -999999 -999999 -999999 -999999 -999999 -999999 -999999 -999999 -999999 -999999 -999999 -999999 -999999 -999999 -999999 -999999 -999999 -999999 -999999 
	524    1919 -999999 -999999 -999999 -999999 -999999 -999999 -999999 -999999 -999999 -999999 -999999 -999999 -999999 -999999 -999999 -999999 -999999 -999999 -999999 
	524    1920 -999999 -999999 -999999 -999999 -999999 -999999 -999999 -999999 -999999 -999999 -999999 -999999 -999999 -999999 -999999 -999999 -999999 -999999 -999999 
	524    1921 -999999 -999999 -999999 -999999 -999999 -999999 -999999 -999999 -999999 -999999 -999999 -999999 -999999 -999999 -999999 -999999 -999999 -999999 -999999 
	524    1922 -999999 -999999 -999999 -999999 -999999 -999999 -999999 -999999 -999999 -999999 -999999 -999999 -999999 -999999 -999999 -999999 -999999 -999999 -999999 
	524    1923 -999999 -999999 -999999 -999999 -999999 -999999 -999999 -999999 -999999 -999999 -999999 -999999 -999999 -999999 -999999 -999999 -999999 -999999 -999999 
	524    1924 -999999 -999999 -999999 -999999 -999999 -999999 -999999 -999999 -999999 -999999 -999999 -999999 -999999 -999999 -999999 -999999 -999999 -999999 -999999 
	524    1925 -999999 -999999 -999999 -999999 -999999 -999999 -999999 -999999 -999999 -999999 -999999 -999999 -999999 -999999 -999999 -999999 -999999 -999999 -999999 
	524    1926 -999999 -999999 -999999 -999999 -999999 -999999 -999999 -999999 -999999 -999999 -999999 -999999 -999999 -999999 -999999 -999999 -999999 -999999 -999999 
	524    1927 -999999 -999999 -999999 -999999 -999999 -999999 -999999 -999999 -999999 -999999 -999999 -999999 -999999 -999999 -999999 -999999 -999999 -999999 -999999 
	524    1928 -999999 -999999 -999999 -999999 -999999 1700    1100    -999999 -999999 -999999 -999999 900     600     1700    500     1100    600     700     700     
	524    1929 2300    2300    1700    2300    1800    1300    800     1400    2100    1800    1000    1600    800     1300    700     800     700     500     700     
	524    1930 2200    2200    1900    1500    1900    1000    800     1200    1400    900     1400    700     1000    500     800     500     800     500     700     
	524    1931 1400    1200    1200    600     1200    1100    1400    600     500     1200    400     900     600     500     1000    900     1200    1200    1300    
	524    1932 2500    2500    1200    2200    1800    1200    1000    1500    2100    1800    900     600     1200    500     900     600     400     1000    2100    
	524    1933 2000    2000    1400    2000    1400    1300    1200    2000    800     1200    900     1400    1000    900     1000    1200    600     700     1500    
	524    1934 2000    1700    2000    1700    1600    1500    1700    700     1700    1000    900     1500    1100    1200    800     600     400     1700    700     
	524    1935 -999999 1500    1800    1000    1800    1300    -999999 1000    700     1500    600     1200    500     1300    1200    800     600     -999999 -999999 
	524    1936 -999999 -999999 -999999 -999999 -999999 -999999 -999999 -999999 -999999 -999999 -999999 -999999 -999999 -999999 -999999 -999999 -999999 -999999 -999999 
	524    1937 -999999 -999999 -999999 -999999 -999999 -999999 -999999 -999999 -999999 -999999 -999999 -999999 -999999 -999999 -999999 -999999 -999999 -999999 -999999 
	524    1938 -999999 -999999 -999999 -999999 -999999 -999999 -999999 -999999 -999999 -999999 -999999 -999999 -999999 -999999 -999999 -999999 -999999 -999999 -999999 
	524    1939 -999999 -999999 -999999 -999999 -999999 -999999 -999999 -999999 -999999 -999999 -999999 -999999 -999999 -999999 -999999 -999999 -999999 -999999 -999999 
	524    1940 -999999 -999999 -999999 -999999 -999999 -999999 -999999 -999999 -999999 -999999 -999999 -999999 -999999 -999999 -999999 -999999 -999999 -999999 -999999 
	524    1941 -999999 -999999 -999999 -999999 -999999 -999999 -999999 -999999 -999999 -999999 -999999 -999999 -999999 -999999 -999999 -999999 -999999 -999999 -999999 
	524    1942 -999999 -999999 -999999 -999999 -999999 -999999 -999999 -999999 -999999 -999999 -999999 -999999 -999999 -999999 -999999 -999999 -999999 -999999 -999999 
	524    1943 -999999 -999999 -999999 -999999 -999999 -999999 -999999 -999999 -999999 -999999 -999999 -999999 -999999 -999999 -999999 -999999 -999999 -999999 -999999 
	524    1944 -999999 -999999 -999999 -999999 -999999 -999999 -999999 -999999 -999999 -999999 -999999 -999999 -999999 -999999 -999999 -999999 -999999 -999999 -999999 
	524    1945 -999999 -999999 -999999 -999999 -999999 -999999 -999999 -999999 -999999 -999999 -999999 -999999 -999999 -999999 -999999 -999999 -999999 -999999 -999999 
	524    1946 -999999 -999999 -999999 -999999 -999999 -999999 -999999 -999999 -999999 -999999 -999999 -999999 -999999 -999999 -999999 -999999 -999999 -999999 -999999 
	524    1947 -999999 -999999 -999999 -999999 -999999 -999999 -999999 -999999 -999999 -999999 -999999 -999999 -999999 -999999 -999999 -999999 -999999 -999999 -999999 
	524    1948 -999999 -999999 -999999 -999999 -999999 -999999 -999999 -999999 -999999 -999999 -999999 -999999 -999999 -999999 -999999 -999999 -999999 -999999 -999999 
	524    1949 -999999 -999999 -999999 -999999 -999999 -999999 -999999 -999999 -999999 -999999 -999999 -999999 -999999 -999999 -999999 -999999 -999999 -999999 -999999 
	524    1950 -999999 -999999 -999999 -999999 -999999 -999999 -999999 -999999 -999999 -999999 -999999 -999999 -999999 -999999 -999999 -999999 -999999 -999999 -999999 
	524    1951 2400    -999999 1600    -999999 1200    1000    2400    1000    600     900     1200    500     1000    900     400     700     1900    400     1300    
	524    1952 2000    1000    2000    1000    2000    1000    1000    400     1000    1000    600     2000    800     800     900     1000    800     300     700     
	524    1953 4500    4500    1200    1800    2700    1000    1600    1400    1800    2700    1200    800     700     600     1000    700     1600    1600    800     
	524    1954 2500    1800    2500    1800    2500    700     600     1100    700     1600    2400    1400    500     400     700     300     400     600     500     
	524    1955 1500    1500    1400    1100    1400    1400    900     900     1100    900     1400    800     700     1300    1100    800     700     700     500     
	524    1956 1800    1100    1800    800     1500    1000    1800    500     800     1100    1500    800     1000    400     400     1800    800     800     600     
	524    1957 1400    1200    1100    1200    1400    1100    1000    1200    500     600     1000    800     1100    300     700     500     1000    800     1200    
	524    1958 1700    1300    1100    600     1300    1000    1700    600     400     1300    700     600     1000    900     600     500     800     1700    700     
	524    1959 4900    2100    3200    2100    1500    1700    4700    700     2000    600     1300    1500    1700    1600    800     3000    1700    700     500     
	524    1960 3000    1100    3000    600     3000    900     1100    500     600     1100    1800    1200    900     400     500     900     300     400     400     
	524    1961 1600    1600    1200    1000    1600    700     1200    600     1000    1600    700     1000    700     600     700     1200    700     800     700     
	524    1962 2200    1400    1600    1100    1400    1600    2200    500     1100    1400    900     600     1600    900     500     400     2200    700     700     
	524    1963 2500    2500    1300    2500    1000    1000    1200    2500    1500    1000    800     900     500     700     400     1200    1000    500     1500    
	524    1964 2500    2500    1300    1700    1800    1300    1000    1700    700     1800    800     1100    700     1000    500     800     600     900     700     
	524    1965 1500    1500    1100    900     1300    1100    1400    700     800     1300    400     1100    800     800     700     700     1400    600     100     
	524    1966 1600    1100    1600    1100    1100    1000    1500    1100    400     600     300     1100    1000    200     800     1500    800     300     300     
	524    1967 1200    1000    1200    1000    800     1200    1000    1000    800     700     800     400     900     700     1100    700     400     1000    400     
	524    1968 1700    1300    1700    1300    1700    800     800     400     1300    900     1700    600     800     800     600     600     800     800     1500    
	524    1969 2400    1100    2400    1100    1100    1200    2400    1100    500     1100    800     500     1200    1200    900     2400    1700    200     600     
	524    1970 3100    1400    3100    800     1600    2600    1300    800     400     800     300     1600    2600    600     900     1300    1300    800     1200    
	524    1971 2200    1200    2200    1200    2000    2200    1600    600     700     800     1500    600     900     2100    800     1100    1200    400     1700    
	524    1972 3100    1900    1900    1300    1900    1100    3100    1000    900     1900    700     800     700     1000    1100    1300    1800    300     1000    
	524    1973 2600    2200    2300    2200    2100    2300    1400    1900    600     2100    800     600     2300    500     2100    1400    900     700     500     
	524    1974 3500    1100    2400    900     3500    1900    500     500     900     1100    2400    700     800     500     1900    500     500     400     500     
	524    1975 2100    1100    2100    1100    1200    2100    2000    800     1100    500     900     1200    1200    700     1400    500     1800    700     700     
	524    1976 2600    1600    2600    1600    1500    2600    900     500     1600    1100    1500    800     1000    1200    2600    900     800     500     400     
	524    1977 1700    800     1700    600     1600    1500    1300    300     600     400     400     1600    1400    1500    600     1300    1100    300     600     
	524    1978 1500    900     1500    900     1300    1500    900     700     900     400     1300    800     800     1100    1500    500     800     900     800     
	524    1979 1200    800     1000    800     700     800     1200    800     800     400     600     700     800     700     700     1000    1200    300     400     
	524    1980 2200    1600    2200    1400    2200    800     800     1400    1400    1100    1600    2200    800     800     400     700     800     500     300     
	524    1981 3200    1100    2700    1100    3200    700     1100    500     1100    500     2700    600     500     700     700     1000    300     300     1000    
	524    1982 1600    1400    1600    1400    1600    1000    1400    1300    1400    700     1600    1000    700     1000    300     1200    800     600     800     
	524    1983 2300    1800    2300    1800    1300    2300    1600    500     1800    1300    400     200     1300    2300    1400    900     600     1300    600     
	524    1984 3000    1300    3000    1100    2200    2800    1000    800     1100    1300    1900    600     800     1200    2800    300     700     800     500     
	524    1985 2000    2000    1400    2000    900     600     1500    800     2000    500     800     900     500     600     500     900     1500    900     400     
	524    1986 2400    2400    1600    2400    1500    1600    2100    400     2100    1500    1200    500     1300    1500    600     1500    700     500     500     
	524    1987 1400    1400    1200    1400    1200    1200    800     1300    1100    1200    800     700     600     900     500     500     600     800     600     
	524    1988 1400    900     1400    900     1400    1100    900     400     900     200     1200    1400    1100    300     900     600     900     700     500     
	524    1989 1800    1000    1800    1000    1800    1800    1200    1000    600     700     500     1800    1800    1300    1100    1000    400     1200    900     
	524    1990 2600    900     2600    700     1900    2600    900     500     700     900     500     1900    1200    2200    800     600     900     500     600     
	524    1991 2500    2100    2300    2100    1500    900     1400    1100    1000    1100    700     1500    500     600     900     1400    1200    900     1600    
	524    1992 1900    1300    1900    1300    1600    1900    600     1200    700     500     1100    1600    1200    1100    800     600     400     600     1300    
	524    1993 1800    1800    1600    1800    1600    1600    1800    600     1500    1500    800     800     1300    400     500     400     1000    800     300     
	524    1994 1600    1300    1300    1300    1000    1300    1600    500     1300    500     600     700     500     1300    700     600     1600    600     300     
	524    1995 2700    1600    2700    300     1700    2700    2000    300     300     500     900     800     1300    800     2300    700     2000    1100    1200    
	524    1996 3200    3200    1900    3200    1900    1300    800     2400    800     1500    1900    700     900     1300    1000    800     800     400     900     
	524    1997 2000    1800    1900    1800    1900    1900    1600    1800    300     900     1900    900     600     800     1900    1600    800     500     600     
	524    1998 1500    1300    1500    1300    1500    1300    700     800     1300    800     200     1500    200     300     1300    700     400     700     300     
	524    1999 2000    600     2000    600     1300    1300    1400    300     400     600     900     1000    900     900     600     1400    1200    700     300     
	524    2000 2200    1200    2200    1200    1500    2200    600     1200    300     800     600     1500    700     1600    600     600     400     300     500     
	524    2001 1600    1000    1600    1000    1000    1600    400     1000    900     500     500     1000    900     700     700     200     300     400     1200    
	524    2002 2300    1100    1300    1100    2300    1000    1000    900     400     1000    1300    700     400     700     1000    1000    600     300     1200    
	524    2003 2300    2300    2200    2300    2300    2200    1300    600     2300    2300    2200    700     1000    1200    2100    1100    1300    800     1000    
	524    2004 1800    1200    1800    800     1800    1400    1000    300     400     1100    1800    1400    1400    600     600     1000    900     300     1300    
	524    2005 1600    900     1100    600     600     900     1600    500     600     400     600     400     800     900     900     600     1600    400     500     
	524    2006 1700    1700    1400    1700    1300    1300    1400    1100    900     1300    900     1300    1200    900     300     1400    1000    400     1200    
	524    2007 4500    1100    3500    1100    4500    1300    1100    400     500     1000    3000    500     900     400     1100    400     1100    1000    1700    
	524    2008 1500    1500    1500    1500    1400    900     1500    400     1500    300     1400    1400    900     300     900     1500    800     600     1200    
	524    2009 2400    1200    2400    1000    1400    1300    2400    800     600     1200    1400    700     900     400     900     2400    600     200     600     
	524    2010 2400    1100    2400    1100    2400    900     800     900     1100    900     2400    1600    900     900     400     500     800     800     1400    
	524    2011 2700    1600    2700    700     2700    900     2000    600     700     1600    1900    800     400     700     400     900     600     2000    500     
	524    2012 2900    2400    1300    900     2900    1300    1000    500     900     2400    500     900     600     700     800     1000    700     600     200     
	524    2013 2400    2000    2400    1400    2100    2400    1300    900     1400    1300    1100    700     1100    2400    700     1100    500     300     500     
	524    2014 1800    1800    1600    500     1700    1400    1500    500     400     1700    500     800     1400    1100    200     1500    700     1000    400     
	524    2015 1600    1400    1600    1400    1200    1600    1400    400     1400    1000    1200    900     1600    300     800     700     1000    400     400     
	524    2016 1200    1200    1100    500     1200    1000    1100    500     500     1200    500     1100    900     1000    900     1000    1100    900     700     
	524    2017 1400    900     1200    900     1400    1200    900     900     600     800     1100    700     1200    500     900     900     700     300     800     
	524    2018 3900    1700    3900    1400    1500    3900    1600    600     1400    600     900     1500    1200    2700    900     500     1600    1400    800     
	524    2019 2000    1400    2000    1300    2000    2000    600     600     1000    1400    2000    800     1100    900     800     600     500     600     700     
	524    2020 2500    1900    2500    700     2500    900     1300    700     300     1900    2500    900     600     800     900     1300    600     800     400     
	524    2021 -999999 -999999 1900    -999999 1300    1900    1400    -999999 1000    900     1300    500     1200    1900    600     1400    400     700     900     
	524    2022 3100    1400    3100    1000    3100    1500    700     1000    400     1400    2100    1000    900     1300    1500    500     700     500     500     
	524    2023 3900    1100    3900    1100    2000    1900    1000    500     1100    500     700     2000    1900    300     1100    1000    700     300     500     
	524    2024 1100    -999999 1100    -999999 900     1100    1100    700     -999999 900     500     800     900     600     500     1100    600     900     900     
	524    2025 2700    1300    2700    1200    2700    1600    1000    1200    1000    1300    1100    2100    900     600     1600    900     300     700     1100    
	524    2026 -999999 -999999 -999999 1100    -999999 -999999 -999999 1100    500     -999999 -999999 -999999 -999999 -999999 -999999 -999999 -999999 -999999 -999999 
	