EUROPEAN CLIMATE ASSESSMENT & DATASET (ECA&D), file created on: 17-05-2026
THESE DATA CAN BE USED FOR NON-COMMERCIAL RESEARCH AND EDUCATION PROVIDED THAT THE FOLLOWING SOURCE IS ACKNOWLEDGED: 

Klein Tank, A.M.G. and Coauthors, 2002. Daily dataset of 20th-century surface
air temperature and precipitation series for the European Climate Assessment.
Int. J. of Climatol., 22, 1441-1453.
Data and metadata available at http://www.ecad.eu

FILE FORMAT (MISSING VALUE CODE = -999999):

THIS FILE HOLDS DATA FOR STATION NETHERLANDS                              ST ANTHONIS                              (STAID:   2518)
LATITUDE: dd:mm:ss +51:37:59
LONGITUDE: ddd:mm:ss +005:52:59
ELEVATION: m   15

DATA IS FOR INDEX Maximum no of consecutive dry days (RR < 1 mm) (CDD) with unit 0.01 No of days

01-06 SOUID: Source identifier
08-11 YEAR : YYYY
13-20 ANNUAL DATA VALUES
21-28 WINTER HALF YEAR DATA VALUES
29-36 SUMMER HALF YEAR DATA VALUES
37-44 WINTER (DJF) DATA VALUES
45-52 SPRING (MAM) DATA VALUES
53-60 SUMMER (JJA) DATA VALUES
61-68 AUTUMN (SON) DATA VALUES
69-76 JANUARY DATA VALUES
etc. 
157-164 DECEMBER DATA VALUES

2518   1886 -999999 -999999 3200    -999999 -999999 1800    1400    -999999 -999999 -999999 2300    900     800     1000    700     1200    1300    300     400     
	2518   1887 3400    2400    3400    1700    2100    3400    700     1100    1700    2100    2000    500     2700    700     1500    700     400     400     1000    
	2518   1888 2400    2000    2400    1600    2400    600     1400    900     1600    600     800     2400    500     400     600     1200    1400    700     1200    
	2518   1889 1600    1300    1600    1100    1600    900     1300    800     500     900     1600    400     900     600     500     1100    700     1300    1000    
	2518   1890 3600    3600    1400    2900    1300    600     1400    500     2800    900     600     1000    400     500     600     1400    700     600     3100    
	2518   1891 6000    6000    1200    3500    2500    1200    1500    1900    2800    2500    1000    700     1200    700     500     1000    1100    400     800     
	2518   1892 1500    1500    1200    1500    1500    1100    600     1500    1000    900     1200    1000    1100    1100    1100    600     400     500     1700    
	2518   1893 4900    1300    3600    1000    4900    1600    900     700     400     1300    3000    1100    1600    400     1500    600     900     900     600     
	2518   1894 2900    1700    1200    1700    2900    1100    1600    1600    600     1700    1200    800     500     700     500     1100    500     1600    700     
	2518   1895 1900    900     1800    800     1100    900     1900    700     800     900     900     1100    900     900     700     1800    500     600     800     
	2518   1896 1800    1600    1800    1600    1800    1100    1000    1000    1400    600     600     1800    1100    400     400     500     300     1000    500     
	2518   1897 1700    1300    1400    1300    1100    1400    1700    1300    900     900     500     1100    500     1400    400     900     1200    1100    2100    
	2518   1898 2500    1300    1300    900     1300    1100    1300    900     400     1300    1000    1200    1100    900     700     1100    1100    1200    800     
	2518   1899 2400    2000    2400    1200    1600    2000    2100    900     1200    1600    400     700     2000    1700    1200    300     2100    1200    1600    
	2518   1900 2000    1500    2000    1100    2000    1000    1500    300     300     1500    1500    1200    600     1000    500     1500    600     600     1000    
	2518   1901 2400    2400    1900    2400    1900    1600    2000    2400    1300    700     1000    1900    1200    1600    1100    700     1200    800     1000    
	2518   1902 1900    1900    1900    1900    900     1900    1200    1900    1700    700     900     500     1000    900     300     1200    900     1100    1200    
	2518   1903 2700    1700    2700    1700    1400    1600    900     1700    1100    1300    600     1400    1300    800     600     900     700     600     2200    
	2518   1904 2800    1700    2200    1700    1500    2200    1300    1200    700     1000    1400    1000    600     2200    1100    1300    700     700     1600    
	2518   1905 2000    2000    1200    2000    1000    700     700     2000    800     700     700     1000    700     500     600     700     400     700     700     
	2518   1906 2500    800     1700    700     2500    1200    1500    400     700     800     1700    400     500     1100    600     1400    800     600     900     
	2518   1907 2300    1100    2300    1100    1600    1000    2300    1000    1000    1100    800     1400    600     600     1000    2300    500     900     1000    
	2518   1908 3200    1600    1600    1600    1400    1600    3200    1600    600     1400    700     600     1100    800     1000    600     2100    1100    1200    
	2518   1909 1800    1300    1600    1300    1400    1600    1200    1300    800     400     1100    1400    1600    600     1200    400     600     900     800     
	2518   1910 2700    1300    1200    700     2100    1200    2700    700     400     1300    800     800     1000    900     1200    800     2600    300     1000    
	2518   1911 3000    3000    2600    3000    3000    2600    1900    1900    1100    700     2500    1200    1300    2200    2000    1900    700     1000    1300    
	2518   1912 2500    1400    2500    1400    2500    1600    1700    1200    1400    1100    2000    800     600     1600    600     1700    1000    700     800     
	2518   1913 2900    2400    2900    2400    1100    2100    900     700     2400    400     1100    700     700     500     2100    800     700     800     700     
	2518   1914 3200    3200    1300    3200    1200    1300    1400    2200    1000    400     1200    1000    700     600     600     900     1200    1400    600     
	2518   1915 2000    1000    2000    1000    1300    1200    1900    1000    700     1000    600     1300    1200    600     600     1900    1000    500     400     
	2518   1916 2400    900     2200    800     1000    2200    2200    400     500     900     800     1000    1000    1300    900     800     600     2200    700     
	2518   1917 3100    2900    3100    2900    3100    900     1300    1400    1500    600     1500    1600    800     700     900     1000    300     900     900     
	2518   1918 1600    1400    1500    1300    1400    1300    1600    800     700     1400    1100    700     800     1000    1300    300     1300    1600    400     
	2518   1919 2700    2000    2700    2000    2000    1700    1300    1000    1500    800     800     2000    900     400     1700    1300    900     600     900     
	2518   1920 2900    1100    1000    1100    800     1000    2900    800     1100    600     800     600     800     1000    600     400     1600    1300    1900    
	2518   1921 4300    1800    1700    1700    3100    1500    2400    400     1200    1800    1300    700     800     900     1200    1700    1000    2400    1900    
	2518   1922 2700    2100    2300    1000    2700    1400    2400    900     1000    2100    600     2300    1400    700     700     300     2400    900     700     
	2518   1923 1900    1000    1900    700     1600    1900    1400    500     500     1000    700     700     700     1400    1400    1400    700     900     500     
	2518   1924 1800    1800    1200    1000    1800    1200    1700    800     1000    1800    700     1100    1200    800     600     500     1300    1700    1000    
	2518   1925 1400    1100    1400    900     1400    1200    1400    900     500     1100    900     1400    1100    1200    700     300     1100    800     600     
	2518   1926 1900    1900    1700    600     1900    1000    900     600     600     1900    700     900     800     800     1000    800     800     700     1000    
	2518   1927 2600    1500    2600    1500    2600    900     1400    1500    1000    700     800     2100    500     600     600     600     1400    600     1400    
	2518   1928 2300    1800    2300    1200    1400    2300    2200    700     1200    1000    800     1400    600     2300    900     2200    500     800     1000    
	2518   1929 2500    2500    2500    2500    2000    1400    1900    1300    1200    2000    900     1300    800     1200    1400    1900    1900    900     700     
	2518   1930 2200    2200    1800    1300    1800    1100    1100    1000    1300    1200    1000    800     1100    400     1000    400     1100    400     800     
	2518   1931 2000    2000    1500    700     2000    1500    1500    700     700     2000    1000    800     1300    600     500     1100    1200    1500    900     
	2518   1932 2000    1800    1700    1800    1600    1700    1800    1800    900     1600    1000    600     900     400     1700    400     400     1700    2000    
	2518   1933 2200    2000    1600    2000    1600    900     1000    2000    1500    1400    1600    900     900     700     900     1000    700     500     1900    
	2518   1934 2500    2500    1600    2500    1500    1400    1300    700     2500    900     800     1500    1200    1200    1400    1000    400     1300    500     
	2518   1935 1600    1600    1300    700     1600    1200    900     700     400     1600    400     1300    400     1200    800     700     900     600     700     
	2518   1936 1900    1900    1500    1700    1900    1100    1500    500     1700    1900    800     1000    600     300     1100    900     1200    1100    900     
	2518   1937 2800    1000    1600    700     1000    1500    2800    600     400     400     400     1000    700     500     1200    700     2000    1000    700     
	2518   1938 2300    2300    1300    1100    2300    1300    1400    400     1100    2300    900     1200    1300    900     600     800     700     1400    1100    
	2518   1939 2400    1200    2400    1200    1400    1000    1100    400     800     1000    600     1400    1000    800     1000    1100    500     400     2100    
	2518   1940 2800    700     1900    700     1900    1300    1200    700     400     500     500     1900    900     300     1200    800     1200    700     600     
	2518   1941 -999999 -999999 -999999 -999999 -999999 -999999 -999999 -999999 -999999 -999999 -999999 -999999 -999999 -999999 -999999 -999999 -999999 -999999 -999999 
	2518   1942 -999999 -999999 -999999 -999999 -999999 -999999 -999999 -999999 -999999 -999999 -999999 -999999 -999999 -999999 -999999 -999999 -999999 -999999 -999999 
	2518   1943 -999999 -999999 -999999 -999999 -999999 -999999 -999999 -999999 -999999 -999999 -999999 -999999 -999999 -999999 -999999 -999999 -999999 -999999 -999999 
	2518   1944 -999999 -999999 -999999 -999999 -999999 -999999 -999999 -999999 -999999 -999999 -999999 -999999 -999999 -999999 -999999 -999999 -999999 -999999 -999999 
	2518   1945 -999999 -999999 -999999 -999999 -999999 -999999 -999999 -999999 -999999 -999999 -999999 -999999 -999999 -999999 -999999 -999999 -999999 -999999 -999999 
	2518   1946 -999999 -999999 -999999 -999999 -999999 -999999 -999999 -999999 -999999 -999999 -999999 -999999 -999999 -999999 -999999 -999999 -999999 -999999 -999999 
	2518   1947 -999999 -999999 -999999 -999999 -999999 -999999 -999999 -999999 -999999 -999999 -999999 -999999 -999999 -999999 -999999 -999999 -999999 -999999 -999999 
	2518   1948 -999999 -999999 -999999 -999999 -999999 -999999 -999999 -999999 -999999 -999999 -999999 -999999 -999999 -999999 -999999 -999999 -999999 -999999 -999999 
	2518   1949 -999999 -999999 -999999 -999999 -999999 -999999 -999999 -999999 -999999 -999999 -999999 -999999 -999999 -999999 -999999 -999999 -999999 -999999 -999999 
	2518   1950 -999999 -999999 -999999 -999999 -999999 -999999 -999999 -999999 -999999 -999999 -999999 -999999 -999999 -999999 -999999 -999999 -999999 -999999 -999999 
	2518   1951 2200    -999999 1100    -999999 1000    900     2200    900     500     900     1000    500     900     700     700     700     1900    200     700     
	2518   1952 2400    1000    2400    900     2400    900     800     500     900     1000    2200    1400    800     800     900     800     600     600     1000    
	2518   1953 2500    1700    1300    1000    1400    800     1800    800     700     1400    1100    1300    800     700     800     700     1800    1700    900     
	2518   1954 1700    1700    1600    1700    1600    600     900     1000    700     1500    1100    1600    600     500     600     900     900     800     600     
	2518   1955 1500    1000    1200    900     1200    1100    900     900     500     1000    1200    700     900     900     1100    800     700     900     500     
	2518   1956 1500    1200    1500    800     1500    700     1200    500     800     1200    1500    800     600     300     700     1200    900     1000    600     
	2518   1957 1500    1200    1500    1200    1500    1300    1500    1200    300     600     1200    800     700     700     700     300     1500    900     900     
	2518   1958 2400    1400    1200    600     1300    800     1700    600     300     1300    600     500     800     700     700     1000    800     1700    700     
	2518   1959 3000    2800    3000    2800    1400    1900    2700    800     2000    400     900     1400    1900    1900    1000    2000    1800    800     900     
	2518   1960 1600    1300    1600    1300    1600    1500    900     500     1300    900     700     1200    1500    500     300     900     400     400     500     
	2518   1961 1500    1500    900     1100    1500    700     900     500     1100    1500    700     900     700     700     600     600     900     500     1500    
	2518   1962 2200    1900    2000    1200    1100    1700    2200    500     1200    1100    600     500     1700    400     600     700     2200    600     700     
	2518   1963 2100    2000    1800    1200    900     1200    1800    1000    1200    800     600     900     400     1200    300     1800    900     500     1600    
	2518   1964 1800    1800    1500    1300    1200    1200    1000    1300    600     1200    800     600     500     1200    1200    800     700     900     700     
	2518   1965 1400    1400    1200    1100    1200    1200    1400    400     1100    1200    400     700     800     400     600     1100    1200    1400    400     
	2518   1966 1500    1200    1500    1200    900     1000    1500    1200    600     700     400     900     1000    300     800     1500    800     400     200     
	2518   1967 1200    1100    1200    1100    900     1200    1200    1100    900     700     900     500     900     500     1200    600     700     1200    400     
	2518   1968 2400    1200    2400    800     2400    900     1500    400     800     400     2400    600     600     700     800     600     1500    1400    1500    
	2518   1969 2400    1100    1800    1000    1000    1100    2400    1000    600     900     1000    500     1100    700     900     1600    2100    400     700     
	2518   1970 2800    1300    2800    600     900     2600    1200    500     300     800     400     900     2600    500     800     1200    1200    700     1000    
	2518   1971 2000    1700    2000    1700    1900    2000    1700    1700    800     400     1500    1100    500     1900    1000    1200    1200    600     800     
	2518   1972 2300    1500    1700    1500    1500    1200    2300    1000    800     1500    900     700     500     1200    1200    700     1900    900     1800    
	2518   1973 3700    2300    2200    2300    1800    2200    1100    1900    600     1800    500     600     2200    900     1200    700     800     700     600     
	2518   1974 2900    1200    2200    1200    2900    1000    400     600     1200    700     2200    900     800     800     1000    300     300     400     500     
	2518   1975 1800    1100    1500    1100    1400    1000    1800    600     1100    300     900     1400    1000    600     900     900     1800    800     1600    
	2518   1976 3000    1500    3000    1500    3000    2300    800     500     1500    1100    2800    600     1700    1100    2300    700     700     600     500     
	2518   1977 2300    1300    2300    600     1000    1700    2300    400     600     1000    700     1000    1100    1600    600     2300    2300    500     1200    
	2518   1978 1400    1100    1200    1100    1000    1000    1400    1100    700     500     900     700     700     1000    1000    800     1400    900     800     
	2518   1979 1300    700     1200    700     700     1200    1300    700     500     200     700     400     800     600     500     1100    1100    700     300     
	2518   1980 1900    1200    1900    1200    1900    700     1100    1200    800     700     900     1900    600     700     700     700     500     500     400     
	2518   1981 1900    1900    1900    1900    1100    1800    700     600     1900    500     1100    200     1000    600     1800    700     200     500     600     
	2518   1982 1600    1600    1600    1600    1500    1600    1500    1600    1500    900     1500    1100    300     1600    600     1500    800     600     400     
	2518   1983 2200    1700    2200    1700    1300    2200    1800    400     1700    1300    400     300     1700    2200    1300    600     800     1400    600     
	2518   1984 2300    1300    2300    1200    1300    2000    800     400     1200    1300    1300    800     700     1300    2000    300     700     800     700     
	2518   1985 2000    2000    1300    2000    1000    800     1700    900     2000    500     1000    1000    300     800     400     900     1700    500     500     
	2518   1986 3200    2600    1500    2300    1300    1500    3200    400     2300    1300    600     500     1100    600     1500    1500    1700    400     700     
	2518   1987 1400    1200    1400    1000    1200    1400    800     800     700     1200    1000    700     300     1400    700     500     700     800     900     
	2518   1988 2000    900     1300    900     1300    900     2000    900     400     200     1000    1300    900     500     800     600     800     1600    700     
	2518   1989 2100    1700    2100    1700    1900    1200    1100    1400    800     700     400     1900    1100    1200    1200    900     700     1100    800     
	2518   1990 2200    1400    1700    1400    1500    1700    1900    1400    300     1100    700     1500    1000    1700    900     600     1900    800     800     
	2518   1991 2700    1900    2700    1900    1500    1300    1400    1200    800     1200    800     1500    300     600     1300    1400    1300    1000    1500    
	2518   1992 2400    1300    1900    1300    1200    1500    2400    1200    600     500     1100    1200    1100    900     600     1900    700     400     900     
	2518   1993 1700    1000    1200    900     1200    800     1600    600     900     1000    1200    700     700     400     700     400     500     1600    200     
	2518   1994 3400    1200    3400    1200    1400    3400    1700    400     1200    400     1400    500     1100    1800    1600    500     1700    600     600     
	2518   1995 2200    1200    2200    500     900     2200    1100    300     500     500     800     800     1300    1100    1800    1100    1100    700     1600    
	2518   1996 2300    2300    1300    2300    1600    1300    800     2200    700     1600    1200    1200    1300    1300    800     800     800     500     1200    
	2518   1997 2300    1800    2300    1800    1300    2000    2300    1800    400     900     1300    900     600     700     2000    2300    1100    1100    700     
	2518   1998 2000    1300    2000    1300    1800    2000    1300    1000    1300    1200    400     1800    200     700     1900    1300    400     500     300     
	2518   1999 2500    800     2500    600     1200    1200    1400    300     500     800     800     700     1200    900     1100    1400    1100    400     300     
	2518   2000 1400    1300    1400    1300    700     1400    800     1300    300     400     600     700     700     700     1400    800     500     400     800     
	2518   2001 1400    1400    1400    1400    1400    1200    1000    1400    400     400     400     1300    1200    700     800     100     1000    800     1300    
	2518   2002 2400    1100    1400    1100    2400    700     1100    1000    500     1100    1300    600     700     500     700     1100    700     900     1300    
	2518   2003 2800    2300    2800    2300    2200    2800    1500    900     2300    2000    2200    700     900     1200    2700    1100    1500    1200    1000    
	2518   2004 1400    900     1200    900     1000    1200    900     400     700     600     700     1000    600     600     600     900     700     300     1400    
	2518   2005 1700    1100    1400    1100    900     1200    1700    500     600     900     600     700     1200    1100    800     800     1700    700     1000    
	2518   2006 2100    1400    2100    1400    1400    2100    1400    1000    500     1400    1200    1400    1100    2100    200     1400    700     600     1000    
	2518   2007 4600    1100    3500    1000    4600    900     1300    400     600     1100    3000    500     900     300     700     600     1300    500     1900    
	2518   2008 1800    1800    1200    1800    1200    800     1000    500     1800    400     700     1200    700     400     800     1000    800     700     1100    
	2518   2009 1600    1000    1600    1000    1000    1600    900     800     700     1000    900     800     1400    300     700     800     900     400     800     
	2518   2010 3000    1000    3000    1000    1600    3000    1400    800     1000    900     1600    800     2100    900     400     600     1300    1400    800     
	2518   2011 2300    1300    1500    800     1500    1000    2300    700     800     1200    1500    800     300     1000    300     1200    1200    2300    300     
	2518   2012 2700    2400    1500    900     2700    1500    1100    500     900     2400    400     700     600     700     1500    1000    1100    1000    400     
	2518   2013 1900    1100    1900    800     1900    1900    1200    500     800     1100    800     700     1200    1900    600     1000    600     800     500     
	2518   2014 1800    1800    1800    600     1700    800     1700    500     600     1700    700     1300    800     500     200     1700    500     600     600     
	2518   2015 1500    1500    1200    1000    1500    1200    1100    500     1000    1500    1200    700     800     400     600     600     700     400     500     
	2518   2016 1800    1500    1500    600     1500    700     1300    500     600     1500    600     1500    400     700     700     1300    800     900     900     
	2518   2017 2200    1300    1400    1300    2200    1400    1200    1300    800     1100    1100    700     1400    400     900     1000    1200    600     300     
	2518   2018 2500    1700    2500    1400    900     2500    2400    400     1400    500     700     900     1600    1700    800     1400    2400    1000    600     
	2518   2019 2100    900     2100    900     2100    1600    1000    500     900     700     2100    600     1100    1100    700     1000    500     400     500     
	2518   2020 3200    1100    3200    700     2900    1000    1800    700     400     1100    1500    2900    600     800     1000    1800    800     1000    400     
	2518   2021 -999999 -999999 1400    -999999 1400    1400    1200    -999999 600     700     1200    600     1400    900     800     1200    600     700     1000    
	2518   2022 3200    3200    2700    1000    2900    1900    1100    1000    300     2900    2100    800     1400    1900    1400    500     1100    700     900     
	2518   2023 2900    1100    2900    1100    1000    1900    900     700     1100    500     700     1000    1900    300     1200    900     700     300     500     
	2518   2024 1100    -999999 1000    -999999 900     800     1100    800     -999999 900     600     800     800     600     400     1000    600     900     700     
	2518   2025 2900    2200    2900    1200    2900    2300    1700    1200    900     2100    1100    2300    1000    700     2300    1500    1200    800     1300    
	2518   2026 -999999 -999999 -999999 1000    -999999 -999999 -999999 1000    400     -999999 -999999 -999999 -999999 -999999 -999999 -999999 -999999 -999999 -999999 
	