EUROPEAN CLIMATE ASSESSMENT & DATASET (ECA&D), file created on: 17-05-2026
THESE DATA CAN BE USED FOR NON-COMMERCIAL RESEARCH AND EDUCATION PROVIDED THAT THE FOLLOWING SOURCE IS ACKNOWLEDGED: 

Klein Tank, A.M.G. and Coauthors, 2002. Daily dataset of 20th-century surface
air temperature and precipitation series for the European Climate Assessment.
Int. J. of Climatol., 22, 1441-1453.
Data and metadata available at http://www.ecad.eu

FILE FORMAT (MISSING VALUE CODE = -999999):

THIS FILE HOLDS DATA FOR STATION NETHERLANDS                              BENNEBROEK                               (STAID:  20484)
LATITUDE: dd:mm:ss +52:19:00
LONGITUDE: ddd:mm:ss +004:35:17
ELEVATION: m -100

DATA IS FOR INDEX Maximum no of consecutive dry days (RR < 1 mm) (CDD) with unit 0.01 No of days

01-06 SOUID: Source identifier
08-11 YEAR : YYYY
13-20 ANNUAL DATA VALUES
21-28 WINTER HALF YEAR DATA VALUES
29-36 SUMMER HALF YEAR DATA VALUES
37-44 WINTER (DJF) DATA VALUES
45-52 SPRING (MAM) DATA VALUES
53-60 SUMMER (JJA) DATA VALUES
61-68 AUTUMN (SON) DATA VALUES
69-76 JANUARY DATA VALUES
etc. 
157-164 DECEMBER DATA VALUES

20484  1935 -999999 -999999 1800    -999999 -999999 1300    700     -999999 -999999 -999999 600     1200    400     1300    1100    700     400     300     600     
	20484  1936 1900    1900    1400    900     1900    1200    1100    300     900     1900    700     1000    800     400     1200    400     1000    1100    900     
	20484  1937 2000    800     2000    600     1300    1500    1000    600     200     400     500     1300    700     800     900     800     1000    900     400     
	20484  1938 2300    2300    1800    1300    2300    1800    900     400     1300    2300    1300    1400    1800    800     900     500     600     900     1000    
	20484  1939 2500    1100    2500    1100    1500    1100    600     500     600     400     600     1500    1100    500     1100    600     300     300     1700    
	20484  1940 2100    1000    2100    1000    2100    1100    1300    600     1000    800     700     2100    1100    400     700     900     1300    400     600     
	20484  1941 2800    1200    2800    1200    2800    2200    1500    1100    600     1200    1100    1700    1000    1700    400     1500    800     700     400     
	20484  1942 3100    1900    3100    1600    3100    1100    1000    1400    1600    1200    2100    1000    1100    400     600     1000    300     800     600     
	20484  1943 3600    3600    1900    1300    2300    1900    1600    400     1300    2300    1400    1300    1000    1900    600     700     1600    500     1000    
	20484  1944 2000    2000    1900    1800    1400    1900    800     500     1800    1200    900     500     900     1400    1800    600     800     200     1200    
	20484  1945 2000    2000    1400    600     2000    1200    700     600     400     2000    600     1400    900     1200    400     700     500     600     300     
	20484  1946 1600    1500    1600    1500    1500    1600    1400    1500    800     1400    1100    1300    300     1400    300     600     1400    500     1300    
	20484  1947 2400    2400    1800    2400    1100    1800    2300    1300    2400    500     1100    600     1000    1400    1800    900     2100    500     1000    
	20484  1948 3200    3200    1300    1600    1600    1300    1300    400     1600    1600    1300    1300    600     1200    900     700     1100    1100    1100    
	20484  1949 2000    1300    2000    1300    1100    2000    800     700     600     1000    800     600     1700    1100    700     500     800     400     600     
	20484  1950 1700    1300    1700    1300    1100    1300    1000    1300    400     800     1100    900     1300    400     600     400     1000    300     1300    
	20484  1951 2500    1600    1600    700     1100    1100    2500    400     600     1000    1100    500     1100    900     400     700     2000    300     1300    
	20484  1952 1600    1000    1600    1000    1600    1100    1000    600     1000    1000    1200    1600    800     900     1100    1000    600     200     500     
	20484  1953 4500    4500    1400    1800    2700    1000    1600    1400    1800    2700    1400    1300    700     500     1000    600     1600    1100    800     
	20484  1954 1700    1700    1700    1700    1700    800     600     1100    600     1600    1600    1500    500     700     700     300     300     600     700     
	20484  1955 1500    1400    1400    1000    1200    1400    800     900     1000    700     1200    800     800     1300    1100    800     700     700     400     
	20484  1956 2400    1300    2400    1300    2400    800     1700    500     1300    900     1600    1200    800     400     300     1700    800     800     600     
	20484  1957 1300    1100    1100    1100    1300    900     1200    1100    200     600     900     800     700     300     700     300     1200    1100    900     
	20484  1958 -999999 1300    1000    600     1300    1000    -999999 500     200     1300    600     500     1000    700     300     500     -999999 -999999 -999999 
	