EUROPEAN CLIMATE ASSESSMENT & DATASET (ECA&D), file created on: 17-05-2026
THESE DATA CAN BE USED FOR NON-COMMERCIAL RESEARCH AND EDUCATION PROVIDED THAT THE FOLLOWING SOURCE IS ACKNOWLEDGED: 

Klein Tank, A.M.G. and Coauthors, 2002. Daily dataset of 20th-century surface
air temperature and precipitation series for the European Climate Assessment.
Int. J. of Climatol., 22, 1441-1453.
Data and metadata available at http://www.ecad.eu

FILE FORMAT (MISSING VALUE CODE = -999999):

THIS FILE HOLDS DATA FOR STATION NETHERLANDS                              ENGELUM                                  (STAID:  20515)
LATITUDE: dd:mm:ss +53:13:32
LONGITUDE: ddd:mm:ss +005:42:56
ELEVATION: m    1

DATA IS FOR INDEX Maximum no of consecutive dry days (RR < 1 mm) (CDD) with unit 0.01 No of days

01-06 SOUID: Source identifier
08-11 YEAR : YYYY
13-20 ANNUAL DATA VALUES
21-28 WINTER HALF YEAR DATA VALUES
29-36 SUMMER HALF YEAR DATA VALUES
37-44 WINTER (DJF) DATA VALUES
45-52 SPRING (MAM) DATA VALUES
53-60 SUMMER (JJA) DATA VALUES
61-68 AUTUMN (SON) DATA VALUES
69-76 JANUARY DATA VALUES
etc. 
157-164 DECEMBER DATA VALUES

20515  1875 -999999 -999999 -999999 -999999 -999999 -999999 -999999 -999999 -999999 -999999 -999999 -999999 -999999 -999999 -999999 -999999 600     400     600     
	20515  1876 2000    1200    2000    1200    2000    1900    1600    1000    300     500     700     2000    1000    600     1900    400     1600    500     500     
	20515  1877 1500    500     1500    500     1500    900     1000    500     100     500     1200    800     900     400     300     500     600     600     500     
	20515  1878 1900    1300    1900    1300    1900    1100    900     400     1200    400     1100    1000    900     1100    500     600     900     700     300     
	20515  1879 1800    1700    1400    1700    1400    600     700     1600    700     1200    900     700     600     600     400     700     600     600     1800    
	20515  1880 2800    1800    2800    1600    1800    2300    700     1300    700     1800    1700    1500    700     800     2300    600     300     400     600     
	20515  1881 1700    900     1200    900     1700    700     1200    700     900     800     1100    1000    500     700     700     1200    600     900     800     
	20515  1882 3600    3600    1400    3600    1400    800     700     2300    1300    1300    800     1400    400     400     700     700     500     400     500     
	20515  1883 1500    1500    1400    1500    1500    1300    1100    1500    700     600     1400    700     1300    300     700     1100    800     300     900     
	20515  1884 1900    1200    1900    900     1100    1900    1300    700     900     900     800     1100    1500    500     1300    1300    900     900     700     
	20515  1885 1500    1500    1500    1300    1500    1500    900     1300    500     1500    1300    400     1000    1100    800     500     300     900     1000    
	20515  1886 2000    2000    1500    2000    1200    1400    1300    200     2000    1200    600     1000    1100    700     1200    600     1100    400     300     
	20515  1887 2500    1700    2500    1500    1200    2500    1200    1200    1500    1000    1200    600     2200    1400    800     800     600     1200    300     
	20515  1888 1500    1400    1500    1400    1300    1500    1300    1400    500     400     800     1300    700     400     1500    1100    900     1300    1300    
	20515  1889 2600    1000    2600    1000    2200    2600    1400    800     300     600     2200    500     2000    600     400     500     700     1400    900     
	20515  1890 2300    1500    1400    1500    1000    800     1400    400     1400    1000    700     900     500     800     800     1400    700     800     1700    
	20515  1891 2700    2700    1900    2500    900     1900    700     900     2500    900     700     500     1500    400     300     700     600     500     1200    
	20515  1892 1800    1200    1500    1200    1800    1100    1000    700     1000    1000    1500    800     400     1100    1000    900     200     1000    1500    
	20515  1893 3100    1300    3100    1000    2800    2100    600     1000    600     1300    1500    1200    2100    1000    1800    500     300     600     500     
	20515  1894 3200    1800    1400    1300    3200    800     1000    1300    900     1800    1400    1300    600     300     800     900     900     1000    600     
	20515  1895 1400    1200    1400    1200    1400    900     1400    400     1200    800     1400    1100    800     800     900     1300    300     700     1100    
	20515  1896 1500    1200    1500    1200    1300    1100    1400    1100    1200    700     1000    1300    700     1100    300     400     200     1400    400     
	20515  1897 2500    1200    1700    1200    800     1500    2500    1200    600     700     600     800     1500    1300    600     900     1200    1300    1500    
	20515  1898 2200    2200    1900    2200    1200    1300    1700    2200    400     1000    1200    400     1000    800     1300    1700    1000    1000    600     
	20515  1899 3300    3100    3300    1300    1800    2800    1800    800     1300    1800    1000    500     2800    1700    1400    200     1200    1800    1100    
	20515  1900 2700    1200    2700    1100    2700    1200    1000    500     600     1200    700     2100    1000    1200    700     600     300     1000    600     
	20515  1901 1600    1600    1400    1600    1400    1400    1400    1600    700     600     800     1400    1400    1200    1400    1000    800     700     300     
	20515  1902 1700    1700    1600    1700    1000    1600    1100    500     1700    700     1000    500     1600    900     500     800     500     1000    1100    
	20515  1903 2300    1000    2300    1000    1400    1400    800     1000    700     800     400     1400    1000    400     300     800     400     700     1400    
	20515  1904 1800    1200    1800    1100    1400    1800    1000    1100    500     1200    1400    1000    1200    1800    800     800     500     1000    700     
	20515  1905 1600    1000    1600    1000    1600    1100    1600    1000    600     700     700     1600    1100    600     700     1600    200     600     700     
	20515  1906 1900    600     1700    600     1900    1200    1100    400     600     600     1700    400     900     1100    500     1100    700     200     900     
	20515  1907 2300    1100    2300    1100    1400    1100    2300    1000    1000    900     1200    700     600     1100    800     2300    400     1100    800     
	20515  1908 1500    1400    1500    1400    800     1500    1200    900     1100    600     500     800     1200    1300    1000    900     1200    700     1300    
	20515  1909 1700    1500    1400    1400    1000    1400    900     1400    1200    700     1000    1000    1400    600     1300    500     400     800     500     
	20515  1910 2500    1200    1300    1100    2500    1300    1800    1000    400     1200    1300    1200    1100    1100    1300    800     1700    400     800     
	20515  1911 2900    1300    2900    1300    1500    2900    900     1100    800     700     1500    800     700     2900    1500    900     600     700     300     
	20515  1912 2000    800     2000    800     2000    1500    1300    800     500     500     1900    500     500     1500    300     1300    1000    300     500     
	20515  1913 1800    1600    1800    1600    1200    1800    1100    1100    1600    400     1100    700     600     900     1800    1000    800     400     600     
	20515  1914 1900    1900    1800    1900    1000    1800    1100    1900    1200    500     900     800     1100    800     1800    900     1100    500     300     
	20515  1915 1500    1100    1500    700     1500    1100    1300    700     400     600     1400    1000    1100    600     700     1300    1300    600     200     
	20515  1916 2800    1100    2800    1100    1300    2800    1100    1000    200     900     1000    600     500     1500    1300    1000    900     900     400     
	20515  1917 2400    2400    1300    2400    1300    1100    1300    1400    1100    600     700     1200    800     700     500     1100    600     1000    600     
	20515  1918 1400    1200    1400    1200    1200    900     1100    700     600     1200    700     900     800     700     700     200     1000    600     200     
	20515  1919 2200    900     2200    900     2200    1300    1200    800     900     500     900     2200    1300    900     1000    1200    800     500     800     
	20515  1920 4100    1400    1500    1400    1100    1500    4100    700     1400    1100    200     700     1500    500     800     1000    2800    1400    600     
	20515  1921 2700    1700    1600    1700    1400    1600    2200    300     1400    1000    1200    1000    800     1600    600     1100    1000    2200    500     
	20515  1922 1600    1600    1500    1600    1300    900     1400    1500    900     1000    800     1300    900     400     400     900     1400    1100    600     
	20515  1923 1600    1600    1400    800     1600    1400    900     600     400     1600    1100    900     500     1400    1300    900     200     600     500     
	20515  1924 2100    1500    2100    1100    1500    2100    1300    700     900     1500    900     600     1900    500     500     500     1000    1300    1000    
	20515  1925 1900    1200    1900    1200    1300    1900    1000    1200    500     700     700     1300    1500    1900    1200    300     700     900     600     
	20515  1926 1300    900     1300    700     1000    1300    900     500     700     900     900     400     500     1300    900     800     800     700     1000    
	20515  1927 2600    1400    1500    1400    1500    900     1000    700     1400    900     500     1200    900     900     600     900     1000    600     2000    
	20515  1928 2400    2400    1900    1200    1500    1900    1100    300     1200    1200    1300    800     600     1900    500     1100    700     400     400     
	20515  1929 2100    1600    2100    1400    1600    2100    800     1300    1300    1600    1000    1600    600     2100    700     800     600     500     500     
	20515  1930 2200    2200    2000    1300    1000    2000    800     1200    1300    900     1000    800     2000    400     700     500     800     500     800     
	20515  1931 1300    1000    1100    800     1100    1100    1300    500     400     1000    400     900     600     500     800     600     600     1300    1000    
	20515  1932 2500    2500    2400    2500    1900    2400    1000    1800    1400    1900    400     400     2400    500     1900    500     400     1000    1700    
	20515  1933 2700    1300    2700    1300    1700    1100    1200    1300    600     1200    900     1700    1000    900     1000    1200    300     900     1500    
	20515  1934 2100    2100    1500    2100    1000    1400    1700    700     2100    700     700     1000    1100    1200    800     700     300     1700    700     
	20515  1935 1700    1500    1700    700     1700    1400    500     700     400     1500    600     1100    400     1100    1400    400     500     500     600     
	20515  1936 1300    900     1300    900     1300    1300    1000    500     900     900     800     1000    1300    300     1200    500     500     1000    900     
	20515  1937 1500    600     1500    500     1300    1400    800     500     200     500     500     1300    800     800     1000    600     800     700     400     
	20515  1938 2300    2300    1300    1200    2300    1200    1300    300     1200    2300    1300    800     1200    800     600     800     800     1300    1200    
	20515  1939 2900    1500    2900    1500    1900    1500    800     700     800     500     700     1900    1000    500     1500    600     400     800     1500    
	20515  1940 1400    1400    1300    1400    900     1100    800     1400    700     400     800     900     1100    300     700     800     800     500     300     
	20515  1941 2800    1100    2800    700     2500    2800    2000    700     600     1100    1100    1400    1600    1200    300     1200    800     500     700     
	20515  1942 3000    1800    3000    1500    3000    1200    600     1400    1500    1100    2000    1000    1200    500     400     600     300     600     500     
	20515  1943 3600    3600    1800    1300    2300    1800    1400    700     1300    2300    1200    1100    900     1800    600     1100    1000    500     1000    
	20515  1944 1900    1700    1900    1700    900     1900    900     500     1700    700     800     700     1000    1400    1800    500     900     300     1000    
	20515  1945 2000    2000    1400    600     2000    800     1700    600     300     2000    1400    800     400     800     400     1200    1700    700     300     
	20515  1946 2200    1400    2200    900     2200    800     1400    900     400     900     1700    1500    400     800     400     700     1400    300     900     
	20515  1947 3200    1200    3200    1200    1800    2500    1600    1000    1100    400     1100    1800    900     1600    2500    700     1600    400     700     
	20515  1948 2100    2100    1900    1500    1900    1200    1400    400     1500    900     1900    1100    600     1200    600     700     700     1400    1100    
	20515  1949 1900    1400    1900    1300    1500    1900    1800    700     700     1400    800     600     1600    1100    900     800     1000    500     500     
	20515  1950 1600    1300    1600    1300    900     1300    900     1300    400     500     800     900     1300    200     600     300     900     200     1500    
	20515  1951 2400    1800    1600    1200    1200    1100    2400    1000    600     1200    1100    500     1100    1000    400     800     2000    400     1300    
	20515  1952 1400    900     1400    700     1400    700     800     700     700     900     1200    1400    700     700     500     600     800     600     700     
	20515  1953 2300    1300    1000    1100    1000    1000    1500    800     1100    800     1000    700     500     600     1000    700     800     1500    800     
	20515  1954 2000    2000    1700    2000    1700    800     500     1100    900     1600    1600    1300    500     400     800     300     500     500     600     
	20515  1955 1700    1500    1700    1100    1200    1400    800     1100    1100    800     1200    1100    800     1300    800     800     700     700     200     
	20515  1956 1400    1100    1400    700     1400    1000    1400    500     700     1100    1000    800     1000    400     300     1400    900     700     500     
	20515  1957 1500    1100    1500    1100    1500    1300    1000    1100    500     500     1200    800     1300    400     600     500     1000    600     900     
	20515  1958 1600    1600    1200    600     1600    1200    1600    500     200     1600    700     500     1000    1200    600     500     800     1600    400     
	20515  1959 3500    1500    3500    1500    2800    1500    2100    500     1400    500     1300    2800    1500    1400    1500    2000    1700    700     500     
	20515  1960 1400    1200    1400    500     1400    600     900     200     500     1200    900     1200    600     300     600     900     100     400     500     
	20515  1961 1800    1000    1300    1000    1300    700     1800    600     1000    900     1300    1000    700     300     700     600     700     1800    1500    
	20515  1962 2200    1200    1400    1200    1400    900     2200    400     1200    500     900     500     900     600     400     400     2200    800     700     
	20515  1963 2400    2400    1800    2200    900     1000    1800    1600    1600    800     600     900     600     800     300     1800    1000    500     1500    
	20515  1964 2400    2400    1000    1700    1800    1000    1000    1700    600     1800    900     900     700     900     500     400     600     900     300     
	20515  1965 1800    800     1800    800     1100    1800    1300    500     700     600     400     1100    800     800     1800    700     1300    700     200     
	20515  1966 1600    1000    1600    1000    1300    1000    1500    1000    600     600     300     1300    1000    700     600     1500    1200    300     300     
	20515  1967 1200    1000    1200    1000    900     1200    900     1000    700     700     900     500     900     700     1200    500     200     900     500     
	20515  1968 1700    1300    1700    1300    1700    900     1000    500     1300    600     1700    500     800     600     900     400     1000    800     1600    
	20515  1969 1900    1300    1300    1000    1200    1200    1900    1000    400     1200    900     700     1000    1200    700     1300    1900    200     600     
	20515  1970 2300    1400    2300    800     1300    2300    1300    800     400     800     300     1300    2300    400     900     1300    1300    700     600     
	20515  1971 2100    900     2100    900     1400    1200    2100    600     900     500     1100    800     700     1100    500     2100    1100    400     1800    
	20515  1972 2400    1900    1600    1400    1900    1200    2400    1000    900     1900    900     700     400     1200    800     800     1800    500     1800    
	20515  1973 3700    2200    2300    2200    1100    2300    1400    1900    700     1100    1100    700     2300    500     1100    1400    800     700     500     
	20515  1974 3400    1100    2300    1100    3400    1400    700     500     1100    1100    2300    700     1400    400     1400    700     200     400     500     
	20515  1975 2000    1200    2000    1100    900     2000    2000    800     1100    800     900     500     1300    700     1400    1000    1800    700     700     
	20515  1976 2600    2300    2600    1300    2300    2600    1100    400     1100    2300    1900    500     1700    1300    2600    1100    700     500     300     
	20515  1977 1900    1000    1900    500     1700    1200    1300    500     500     1000    500     1700    1000    1200    600     1300    1300    400     1300    
	20515  1978 2600    2600    2200    2600    1500    1200    1500    800     2500    400     1300    1500    700     1100    600     500     1500    1000    800     
	20515  1979 1400    1400    1100    1300    700     1100    1000    900     1300    400     500     700     800     700     1100    1000    1000    400     400     
	20515  1980 2900    2100    2900    1600    2900    900     800     1400    1600    1300    800     2800    800     900     500     800     500     600     200     
	20515  1981 2700    1700    2200    1700    2700    1600    1100    1200    1700    500     2200    700     800     800     1600    1100    400     300     700     
	20515  1982 1700    1600    1700    1600    1100    1000    1700    1400    1600    900     1000    1100    600     1000    400     1700    800     600     400     
	20515  1983 2400    1800    2400    1800    1300    2400    1600    400     1800    1300    400     300     1200    2300    1200    900     700     1400    700     
	20515  1984 2500    1200    2500    900     2200    2500    1300    200     900     1200    1900    1200    700     700     2500    200     500     1300    500     
	20515  1985 2300    2100    1000    2100    1000    600     2300    800     2100    500     800     1000    600     600     500     800     2200    1300    500     
	20515  1986 3400    3400    1500    3100    1400    1100    2100    300     2800    1400    1200    800     600     1100    800     1500    1000    400     600     
	20515  1987 1700    1400    1700    1400    1400    1700    800     1400    1200    1400    1000    900     700     1400    400     500     400     800     600     
	20515  1988 1900    800     1900    600     1900    1200    1900    600     400     200     1500    1900    1200    400     900     600     1100    800     500     
	20515  1989 1700    1400    1700    1400    1700    1700    1100    1000    600     700     500     1700    1700    1300    1000    900     500     1100    1100    
	20515  1990 2000    800     2000    700     1900    1700    1800    700     700     800     800     1900    1100    1700    900     400     1800    500     700     
	20515  1991 2200    2200    2100    2200    1500    1700    1400    1100    1100    1300    700     1500    300     700     1000    1400    1200    400     1600    
	20515  1992 1700    1400    1700    1400    1700    1100    900     1200    700     400     800     1700    1100    700     500     900     500     400     1200    
	20515  1993 2100    1700    2100    1700    2100    1400    1900    500     1500    1100    800     1300    800     800     600     400     1000    1600    300     
	20515  1994 1600    1000    1300    1000    900     1300    1600    600     1000    300     800     900     1000    1300    800     600     1600    900     300     
	20515  1995 2700    1600    2700    500     2000    2700    2000    300     500     500     1200    800     1200    800     2300    300     2000    700     2100    
	20515  1996 2600    2600    1900    1600    2200    1000    1100    1600    900     2200    1900    600     700     1000    800     1100    900     400     1400    
	20515  1997 2200    1800    2200    1800    2200    1900    1500    1800    400     700     2200    900     600     900     1900    1500    700     1100    500     
	20515  1998 1600    1000    1600    900     1600    800     1200    900     800     1000    300     1600    300     400     800     1200    200     600     300     
	20515  1999 1900    700     1900    700     1400    1500    1400    300     400     600     900     700     800     1400    600     1400    1100    400     200     
	20515  2000 1100    1100    900     1100    800     900     600     1100    200     800     700     700     800     900     500     600     400     300     700     
	20515  2001 1400    1400    1200    1400    1000    1200    600     1400    900     600     400     1000    700     1100    600     400     600     600     1200    
	20515  2002 2200    1000    1300    1000    2200    700     1000    1000    600     900     1300    800     600     700     600     1000    600     700     1400    
	20515  2003 2900    2500    2900    2400    2000    2900    1000    700     2400    2000    1100    600     1000    1200    2800    1000    900     900     900     
	20515  2004 1700    1300    1700    1300    1700    1500    1100    400     1300    800     1700    1200    1200    500     1000    1100    900     300     1200    
	20515  2005 1900    900     1900    700     800     900     1800    500     700     800     500     800     900     900     900     1400    1800    400     600     
	20515  2006 1800    1700    1800    1700    1300    1300    1800    1000    900     1300    900     1300    1300    1000    300     1800    1100    500     1000    
	20515  2007 4200    800     3500    800     4200    1300    1700    300     500     700     3000    600     1300    400     900     400     1600    800     1300    
	20515  2008 1700    1500    1700    1500    1700    800     900     400     1500    300     800     1600    700     300     800     900     600     300     1100    
	20515  2009 2300    1000    2300    1000    1800    1100    2300    800     600     1000    1800    900     900     200     800     2300    500     100     400     
	20515  2010 1600    700     1600    700     1600    1000    800     600     700     400     1500    1600    900     1000    500     400     800     400     900     
	20515  2011 3300    3000    3300    600     3300    600     1900    600     600     2900    1900    1400    400     500     600     400     600     1900    400     
	20515  2012 1600    1300    1300    900     1600    800     1000    800     900     1300    400     1300    500     800     800     1000    500     700     300     
	20515  2013 2100    1300    2000    1000    2100    2000    1400    1000    400     1300    1100    700     1100    2000    1300    1100    400     300     400     
	20515  2014 1600    1600    1400    500     1600    800     1300    400     500     1600    500     700     800     800     300     1300    500     600     600     
	20515  2015 1600    1600    1200    1000    1600    1100    1300    500     1000    1600    1200    800     1100    600     1100    600     900     400     500     
	20515  2016 2400    1900    2400    500     1900    1300    2400    300     500     1900    600     1000    1200    1300    700     2400    700     900     700     
	20515  2017 1400    1400    1400    1400    1400    1100    1000    1400    1100    800     1100    1400    1100    500     800     1000    800     300     900     
	20515  2018 3500    1600    3500    1300    1500    3500    1700    400     1300    800     900     1500    1100    2700    800     600     1700    1500    600     
	20515  2019 2100    1200    2100    1000    2100    1400    700     600     1000    700     2100    1500    900     700     1000    600     300     700     600     
	20515  2020 2800    1600    2700    400     2800    1000    1300    400     300     1600    2700    1000    800     900     1000    1300    500     800     300     
	20515  2021 1600    1500    1600    1000    1400    1600    1200    400     1000    900     1400    400     1200    1600    400     1200    400     700     800     
	20515  2022 3200    1500    3200    700     3200    1600    700     700     300     1500    2200    1000    1000    1400    1600    500     700     500     600     
	20515  2023 2800    1000    2800    1000    1100    1900    1200    600     1000    500     600     1100    1900    500     1100    1200    200     200     600     
	20515  2024 1600    1600    1200    700     1600    900     1200    700     300     1600    500     1000    900     500     500     1200    600     1000    600     
	20515  2025 2700    1200    2700    1200    2700    1200    900     1100    1000    1100    1200    2100    1200    800     1100    700     700     600     1200    
	20515  2026 -999999 1100    -999999 1100    -999999 -999999 -999999 1100    900     900     1900    -999999 -999999 -999999 -999999 -999999 -999999 -999999 -999999 
	