EUROPEAN CLIMATE ASSESSMENT & DATASET (ECA&D), file created on: 17-05-2026
THESE DATA CAN BE USED FOR NON-COMMERCIAL RESEARCH AND EDUCATION PROVIDED THAT THE FOLLOWING SOURCE IS ACKNOWLEDGED: 

Klein Tank, A.M.G. and Coauthors, 2002. Daily dataset of 20th-century surface
air temperature and precipitation series for the European Climate Assessment.
Int. J. of Climatol., 22, 1441-1453.
Data and metadata available at http://www.ecad.eu

FILE FORMAT (MISSING VALUE CODE = -999999):

THIS FILE HOLDS DATA FOR STATION NETHERLANDS                              VELSEN                                   (STAID:  20624)
LATITUDE: dd:mm:ss +52:28:12
LONGITUDE: ddd:mm:ss +004:38:30
ELEVATION: m    3

DATA IS FOR INDEX Maximum no of consecutive dry days (RR < 1 mm) (CDD) with unit 0.01 No of days

01-06 SOUID: Source identifier
08-11 YEAR : YYYY
13-20 ANNUAL DATA VALUES
21-28 WINTER HALF YEAR DATA VALUES
29-36 SUMMER HALF YEAR DATA VALUES
37-44 WINTER (DJF) DATA VALUES
45-52 SPRING (MAM) DATA VALUES
53-60 SUMMER (JJA) DATA VALUES
61-68 AUTUMN (SON) DATA VALUES
69-76 JANUARY DATA VALUES
etc. 
157-164 DECEMBER DATA VALUES

20624  1880 -999999 -999999 -999999 -999999 -999999 -999999 900     -999999 -999999 -999999 -999999 -999999 -999999 800     2300    800     600     500     400     
	20624  1881 3500    3500    1000    3500    1600    900     900     3000    1800    1100    900     600     500     900     700     300     600     800     600     
	20624  1882 3600    3600    1200    3600    2100    600     1000    2300    1300    2100    1200    700     500     600     500     500     1000    600     600     
	20624  1883 6700    3100    3600    3000    6700    600     1200    2900    1700    3100    3000    1000    600     600     600     1200    600     400     800     
	20624  1884 2000    2000    1500    2000    1500    1500    1300    900     2000    1000    1400    1100    600     500     1300    1300    700     700     600     
	20624  1885 4800    2800    4800    2800    1500    4800    900     2700    300     1000    1500    200     1200    3100    900     300     200     900     1600    
	20624  1886 1700    1700    1500    1700    1500    1300    1500    500     1700    1500    700     1000    900     600     1000    1500    900     400     300     
	20624  1887 4100    4100    3000    2600    1500    3000    800     1700    2600    1500    900     800     2700    1800    1100    800     100     600     400     
	20624  1888 1700    1700    1300    1700    1300    600     1200    1700    800     400     1100    1300    600     300     400     700     1200    900     1000    
	20624  1889 2200    1100    2200    1100    700     2200    1500    900     300     600     700     600     2100    400     500     1500    400     700     700     
	20624  1890 2200    2200    1900    2200    1500    800     1900    500     2200    600     900     1500    700     800     700     1900    700     1400    1800    
	20624  1891 2700    2100    1100    2100    1100    800     1300    2100    1300    600     1100    900     800     800     400     1000    600     800     1200    
	20624  1892 1800    1200    1500    1100    1800    1100    700     900     1100    1000    1500    1300    900     1000    1100    600     100     700     1200    
	20624  1893 -999999 -999999 -999999 -999999 -999999 -999999 -999999 1200    -999999 -999999 -999999 -999999 -999999 -999999 -999999 -999999 -999999 -999999 -999999 
	20624  1894 -999999 -999999 -999999 -999999 -999999 -999999 -999999 -999999 -999999 -999999 -999999 -999999 -999999 -999999 -999999 -999999 -999999 -999999 -999999 
	20624  1895 -999999 -999999 -999999 -999999 -999999 -999999 -999999 -999999 -999999 -999999 -999999 -999999 -999999 -999999 -999999 -999999 -999999 -999999 -999999 
	20624  1896 -999999 -999999 -999999 -999999 -999999 -999999 -999999 -999999 -999999 -999999 -999999 -999999 -999999 -999999 -999999 -999999 -999999 -999999 -999999 
	20624  1897 -999999 -999999 -999999 -999999 -999999 -999999 -999999 -999999 -999999 -999999 -999999 -999999 -999999 -999999 -999999 -999999 -999999 -999999 -999999 
	20624  1898 -999999 -999999 -999999 -999999 -999999 -999999 -999999 -999999 -999999 -999999 -999999 -999999 -999999 -999999 -999999 -999999 -999999 -999999 -999999 
	20624  1899 -999999 -999999 -999999 -999999 -999999 -999999 -999999 -999999 -999999 -999999 -999999 -999999 -999999 -999999 -999999 -999999 -999999 -999999 -999999 
	20624  1900 -999999 -999999 -999999 -999999 -999999 -999999 -999999 -999999 -999999 -999999 -999999 -999999 -999999 -999999 -999999 -999999 -999999 -999999 -999999 
	20624  1901 -999999 -999999 -999999 -999999 -999999 -999999 -999999 -999999 -999999 -999999 -999999 -999999 -999999 -999999 -999999 -999999 -999999 -999999 -999999 
	20624  1902 -999999 -999999 -999999 -999999 -999999 -999999 -999999 -999999 -999999 -999999 -999999 -999999 -999999 -999999 -999999 -999999 -999999 -999999 -999999 
	20624  1903 -999999 -999999 -999999 -999999 -999999 -999999 -999999 -999999 -999999 -999999 -999999 -999999 -999999 -999999 -999999 -999999 -999999 -999999 -999999 
	20624  1904 -999999 -999999 -999999 -999999 -999999 -999999 -999999 -999999 -999999 -999999 -999999 -999999 -999999 -999999 -999999 -999999 -999999 -999999 -999999 
	20624  1905 -999999 -999999 -999999 -999999 -999999 -999999 -999999 -999999 -999999 -999999 -999999 -999999 -999999 -999999 -999999 -999999 -999999 -999999 -999999 
	20624  1906 -999999 -999999 -999999 -999999 -999999 -999999 -999999 -999999 -999999 -999999 -999999 -999999 -999999 -999999 -999999 -999999 -999999 -999999 -999999 
	20624  1907 -999999 -999999 -999999 -999999 -999999 -999999 -999999 -999999 -999999 -999999 -999999 -999999 -999999 -999999 -999999 -999999 -999999 -999999 -999999 
	20624  1908 -999999 -999999 -999999 -999999 -999999 -999999 -999999 -999999 -999999 -999999 -999999 -999999 -999999 -999999 -999999 -999999 -999999 -999999 -999999 
	20624  1909 -999999 -999999 -999999 -999999 -999999 -999999 -999999 -999999 -999999 -999999 -999999 -999999 -999999 -999999 -999999 -999999 -999999 -999999 -999999 
	20624  1910 -999999 -999999 -999999 -999999 -999999 -999999 -999999 -999999 -999999 -999999 -999999 -999999 -999999 -999999 -999999 -999999 -999999 -999999 -999999 
	20624  1911 -999999 -999999 -999999 -999999 -999999 -999999 -999999 -999999 -999999 -999999 -999999 -999999 -999999 -999999 -999999 -999999 -999999 -999999 -999999 
	20624  1912 -999999 -999999 -999999 -999999 -999999 -999999 -999999 -999999 -999999 -999999 -999999 -999999 -999999 -999999 -999999 -999999 -999999 -999999 -999999 
	20624  1913 -999999 -999999 -999999 -999999 -999999 -999999 -999999 -999999 -999999 -999999 -999999 -999999 -999999 -999999 -999999 -999999 -999999 -999999 -999999 
	20624  1914 -999999 -999999 -999999 -999999 -999999 -999999 -999999 -999999 -999999 -999999 -999999 -999999 -999999 -999999 -999999 -999999 -999999 -999999 -999999 
	20624  1915 -999999 -999999 -999999 -999999 -999999 -999999 -999999 -999999 -999999 -999999 -999999 -999999 -999999 -999999 -999999 -999999 -999999 -999999 -999999 
	20624  1916 -999999 -999999 -999999 -999999 -999999 -999999 -999999 -999999 -999999 -999999 -999999 -999999 -999999 -999999 -999999 -999999 -999999 -999999 -999999 
	20624  1917 -999999 -999999 -999999 -999999 -999999 -999999 -999999 -999999 -999999 -999999 -999999 -999999 -999999 -999999 -999999 -999999 -999999 -999999 -999999 
	20624  1918 1600    -999999 1600    -999999 900     1300    1000    800     600     700     500     900     700     600     1100    200     900     600     400     
	20624  1919 2400    2000    2400    2000    2200    2400    1800    600     1500    500     900     2200    700     1000    1800    1800    900     500     200     
	20624  1920 2900    1400    1500    1400    1100    1500    2900    600     1400    1100    400     900     1500    500     700     700     1600    1300    900     
	20624  1921 2700    1500    2200    1500    1700    2200    2200    500     1000    700     1200    1700    900     2200    800     1700    1500    2200    500     
	20624  1922 2000    1500    2000    1000    1200    800     1500    500     1000    1100    600     1200    800     500     800     300     1500    700     500     
	20624  1923 1900    1100    1900    700     1900    1900    600     600     700     1100    1100    700     500     1400    1300    600     100     500     500     
	20624  1924 1400    1300    1200    700     1300    1200    1400    700     600     1300    700     300     1000    1100    600     400     800     1400    1000    
	20624  1925 1300    800     1300    800     700     1100    1300    800     500     500     700     600     1100    1000    1000    800     1000    600     500     
	20624  1926 2700    2100    1200    900     2700    1200    800     500     900     2100    700     500     600     1200    600     800     600     500     600     
	20624  1927 1800    1100    1500    1000    1500    1000    1100    600     1000    1100    700     1100    500     1000    600     700     1100    600     1200    
	20624  1928 1900    1900    1800    1400    1500    1800    1000    100     1400    1000    800     900     600     1800    500     1000    700     400     400     
	20624  1929 2500    1600    2500    1400    2400    1500    800     800     1300    1600    1000    2400    1400    1400    800     800     700     400     700     
	20624  1930 2100    2100    1400    1200    1500    1000    900     1200    1200    1000    900     500     1000    600     800     500     900     300     900     
	20624  1931 1500    1100    1500    600     1100    1500    1200    300     500     1100    400     700     1100    400     1000    700     1200    1100    600     
	20624  1932 2500    2500    2100    2500    1900    2100    900     1800    800     1900    400     700     2100    500     1000    600     200     900     1100    
	20624  1933 1500    1100    1400    1100    1000    1000    1100    1100    500     1000    900     1000    800     700     1000    1100    600     700     1500    
	20624  1934 2100    2100    2000    2100    1500    1600    800     700     2100    900     500     1500    1300    1300    700     600     600     800     600     
	20624  1935 1800    1600    1800    400     1800    1200    800     300     400     1600    600     1200    500     900     1100    800     600     500     600     
	20624  1936 1900    1900    1400    900     1900    1200    1000    300     900     1900    900     900     800     400     1200    400     900     1000    900     
	20624  1937 2000    600     2000    500     1300    1200    1000    500     200     400     800     1300    800     700     1000    500     1000    700     400     
	20624  1938 2300    2300    1800    1200    2300    1800    600     300     1200    2300    1300    1200    1800    800     900     500     600     500     1000    
	20624  1939 2400    1300    2400    1300    1400    1000    600     500     800     400     600     1400    1000    500     1000    600     300     400     1500    
	20624  1940 2100    1000    2100    800     2100    1100    900     700     800     800     700     2100    1100    400     700     900     800     500     600     
	20624  1941 2200    1100    2200    1100    1400    2200    1500    1100    600     1100    1000    1200    1000    1700    500     1500    800     700     800     
	20624  1942 3000    1500    3000    1500    3000    1100    1000    1500    1100    1000    2000    1000    1100    400     600     1000    300     800     500     
	20624  1943 2900    2900    2000    1000    1900    2000    1400    400     1000    1900    1400    1300    900     2000    500     500     1000    500     1000    
	20624  1944 1900    1400    1900    1400    1300    1900    700     500     1400    1100    1000    700     1000    1800    1800    600     700     200     1400    
	20624  1945 1800    1800    1400    500     1800    1200    1400    300     400     1800    800     1400    400     1200    600     800     1100    1400    400     
	20624  1946 1700    1200    1700    900     1700    1600    900     900     300     1200    1100    1500    300     1400    200     600     900     500     1300    
	20624  1947 3100    1400    3100    700     1400    2500    1000    600     700     1400    1100    1300    1000    1400    2500    900     900     500     400     
	20624  1948 3100    3100    1500    1600    1500    1500    1300    400     1600    1500    1200    1300    600     1400    600     700     1100    900     1100    
	20624  1949 2300    1500    2300    1500    900     2300    1400    1500    600     900     900     600     2000    1300    700     600     800     600     500     
	20624  1950 1500    1300    1500    1300    900     1100    1000    1300    400     800     800     900     1100    400     600     300     1000    300     1300    
	20624  1951 2400    1400    1600    700     1100    1100    2400    500     400     1000    1100    500     1100    900     300     500     2000    300     1300    
	20624  1952 1900    1000    1900    1000    1900    1100    600     500     1000    1000    1100    1900    800     1000    1100    500     600     300     700     
	20624  1953 4100    4100    1500    1600    2500    1400    1600    1400    1600    2500    1100    1400    700     300     1400    700     1600    1100    800     
	20624  1954 1800    1800    1600    1800    1600    700     600     1100    700     1600    1600    1400    500     400     700     300     500     600     700     
	20624  1955 2200    1500    2200    1100    1200    1800    1300    900     1100    800     1200    800     600     1300    1800    800     700     1300    400     
	20624  1956 1800    1100    1800    800     1400    1100    1800    500     800     1100    900     1200    1100    500     400     1800    900     800     600     
	20624  1957 1500    1200    1200    1200    1500    1200    1100    1200    300     600     1100    800     1200    400     700     400     700     1100    1100    
	20624  1958 2000    1300    1100    600     1300    1000    2000    500     300     1300    500     600     1000    800     200     500     800     2000    400     
	20624  1959 2800    2100    2800    2100    2800    1800    2000    600     2000    400     800     2800    1700    1800    1400    2000    1100    700     500     
	20624  1960 1700    1000    1700    600     1700    900     800     200     600     1000    600     1200    900     800     800     700     500     300     400     
	20624  1961 1900    1900    1200    1100    1900    700     1600    900     1100    1900    300     900     700     700     700     1200    1500    1600    700     
	20624  1962 2100    1400    1400    1300    1400    900     2100    700     1300    1100    900     700     900     500     400     800     2100    1000    700     
	20624  1963 2000    1900    1400    1100    900     900     1400    1100    1100    800     600     900     600     700     300     1400    900     500     1500    
	20624  1964 1700    1700    1600    1400    1200    1600    1000    1400    500     1200    800     600     800     1000    600     800     600     900     300     
	20624  1965 1500    1500    1000    1000    1300    1000    1400    400     1000    1300    400     700     800     300     700     700     1400    600     200     
	20624  1966 1600    1300    1600    1300    1400    1000    1500    1300    500     500     300     1400    1000    300     800     1500    900     400     300     
	20624  1967 1200    900     1200    900     800     1200    800     900     800     700     800     400     900     1000    1100    500     400     800     400     
	20624  1968 1400    1200    1400    800     1400    800     1000    400     800     500     1400    600     800     700     600     700     1000    900     1400    
	20624  1969 1900    1700    1900    900     1100    1300    1900    900     800     1100    1000    500     1300    1200    900     1600    1900    300     600     
	20624  1970 3600    1300    3600    600     1000    2600    1400    600     300     700     300     1000    2600    500     1200    1400    1200    800     1200    
	20624  1971 2000    1000    1700    1000    2000    1700    1800    600     900     800     1500    800     900     1600    500     1200    1200    600     900     
	20624  1972 3200    1500    2100    1300    1500    1300    3200    1000    800     1500    700     800     500     1000    1300    1400    1800    400     1800    
	20624  1973 3200    2100    2300    1500    2100    2300    1600    1400    600     2100    500     500     2300    400     2100    1600    800     700     500     
	20624  1974 2100    1100    1500    600     2100    1500    800     600     600     1100    1300    700     1500    600     1000    800     400     400     500     
	20624  1975 2000    1100    2000    1100    1200    2000    1800    700     1100    400     900     1200    1100    700     1300    800     1800    700     700     
	20624  1976 2300    1600    2300    1600    1500    2300    900     500     1600    1100    1500    800     1100    1200    2300    500     800     500     500     
	20624  1977 2000    800     2000    500     1500    2000    1900    300     300     400     500     1500    1100    1600    600     1900    1200    500     600     
	20624  1978 1900    800     1900    700     1600    1500    900     500     700     700     1400    1600    700     1000    1500    700     800     900     800     
	20624  1979 1200    800     1000    800     600     800     1200    700     800     300     600     600     800     700     700     1000    1200    400     400     
	20624  1980 3300    1400    3300    1400    3300    1100    700     1400    700     800     1100    2800    800     500     600     700     400     500     700     
	20624  1981 2800    1300    2100    1300    2800    1300    1000    500     1300    700     2100    800     800     1300    1100    1000    300     600     600     
	20624  1982 1900    1400    1900    1400    1600    1900    1300    1400    1400    600     1600    1300    500     1600    300     1300    800     400     800     
	20624  1983 1900    1900    1900    1900    1200    1900    1600    500     1900    1200    500     300     900     1900    1000    900     600     1300    800     
	20624  1984 2800    1300    2800    1200    2700    2600    1100    500     1200    1300    1900    800     800     1500    2600    300     700     700     600     
	20624  1985 2300    2300    1300    2300    900     1300    1200    400     2200    500     900     900     400     1300    500     900     900     600     300     
	20624  1986 2500    2500    1500    2500    1400    1400    2100    400     2100    1400    1300    800     1400    1400    700     1500    1000    400     400     
	20624  1987 1800    1400    1800    1400    1300    1800    900     1200    700     1300    1000    800     500     1300    400     400     500     900     600     
	20624  1988 2000    800     2000    500     1300    2000    800     500     500     200     1100    1300    2000    600     900     600     800     700     500     
	20624  1989 1800    1700    1800    1700    1800    1800    1200    1400    600     700     500     1800    1800    1300    1000    1100    400     1200    800     
	20624  1990 2700    800     2700    700     1900    2700    900     500     700     800     500     1900    1000    2200    800     600     900     300     700     
	20624  1991 2400    2100    2200    2100    1500    1600    1300    1100    1000    1100    700     1500    300     600     1600    1300    900     800     1600    
	20624  1992 1800    1300    1800    1300    1800    1700    1200    1200    1000    500     1200    1800    1000    1100    600     700     700     300     1200    
	20624  1993 1800    1800    1600    1800    1600    1600    1600    500     1500    1000    1100    800     1300    400     500     300     1000    700     500     
	20624  1994 1700    1200    1700    1200    1000    1700    1700    500     1200    800     900     700     1400    1300    700     600     1700    1000    300     
	20624  1995 2500    1600    2500    300     1600    2500    2000    200     300     500     900     700     1300    800     2100    300     2000    1100    1100    
	20624  1996 3000    3000    2700    3000    2700    1300    800     2200    800     1600    1900    800     1000    1300    700     800     800     400     900     
	20624  1997 2200    1900    2200    1900    2200    1900    1600    1800    400     1200    2200    1000    1100    1000    1900    1600    900     500     400     
	20624  1998 1700    1400    1700    1300    1700    1600    900     800     1300    1400    300     1700    200     1100    1600    900     200     700     300     
	20624  1999 2000    700     2000    700     1300    1600    1400    300     400     500     900     700     900     1600    600     1400    1100    400     200     
	20624  2000 1600    1100    1600    1100    1600    1000    600     1100    300     800     600     1500    700     500     600     600     400     300     600     
	20624  2001 2000    900     2000    900     1200    2000    700     900     900     500     300     1200    1400    1200    700     200     400     700     1100    
	20624  2002 2400    1100    1300    1000    2400    1000    1200    900     500     1100    1300    700     800     700     1000    1200    500     600     1200    
	20624  2003 2300    2300    2300    2200    2300    2300    1300    600     2200    2300    1000    700     800     1100    2100    1100    1300    800     1000    
	20624  2004 1400    700     1400    700     1400    1000    1100    300     700     600     800     1400    700     600     400     1100    600     600     1100    
	20624  2005 1400    800     1400    800     600     900     1000    500     600     500     600     500     800     900     600     800     1000    400     700     
	20624  2006 1500    1400    1500    1400    1500    1300    1100    1100    900     1300    700     1500    1200    1100    400     1100    1000    600     1000    
	20624  2007 4600    1100    3500    900     4600    1000    1000    500     500     1100    3000    500     700     800     1000    600     1000    400     1400    
	20624  2008 1600    1500    1600    1500    1600    900     1500    700     1500    300     800     1500    900     400     700     1500    800     600     1200    
	20624  2009 2400    1200    2400    1000    1700    1600    2400    800     600     1200    1700    700     1100    500     900     2400    500     200     500     
	20624  2010 2100    900     2100    800     2100    1200    700     600     800     900     2100    1700    1100    600     600     500     700     700     900     
	20624  2011 3300    3000    3300    800     3300    900     2000    700     800     2900    1900    1400    500     700     400     900     600     2000    500     
	20624  2012 1900    1400    1100    1100    1900    800     1000    1100    900     1400    700     1100    500     700     800     1000    700     400     200     
	20624  2013 2200    2100    2100    1400    2200    2100    1300    800     1400    1400    1200    700     1100    2100    700     1100    500     600     700     
	20624  2014 2000    1700    2000    400     1700    1200    1900    400     400     1700    900     800     800     1200    200     1900    300     600     400     
	20624  2015 1600    1400    1600    1400    1600    1200    1300    400     1400    1400    1600    600     1100    400     900     600     1000    300     400     
	20624  2016 2500    1300    2500    400     1300    1100    2500    300     400     1300    700     1100    1100    1000    1000    2500    1100    900     1000    
	20624  2017 1300    1300    1200    1300    1100    1200    1000    1300    600     1000    1100    900     1200    500     900     1000    700     300     800     
	20624  2018 4200    1700    4200    1400    1000    4200    1800    900     1400    600     800     1000    1600    2600    900     800     900     1800    800     
	20624  2019 2000    1500    2000    1400    2000    2000    600     700     700     1500    2000    1600    1100    1000    1200    600     500     600     700     
	20624  2020 4700    2000    2700    500     4700    1900    1300    400     500     2000    2700    2100    800     500     1500    1300    400     700     400     
	20624  2021 2800    1700    2800    1000    1700    1300    2400    400     1000    900     1700    500     1200    1300    500     2400    500     700     700     
	20624  2022 2300    1400    2300    700     2300    1900    600     700     400     1400    1500    1700    900     1900    1400    500     600     500     500     
	20624  2023 3900    1100    3900    1100    2000    1900    1000    600     1100    400     600     2000    1900    500     1200    1000    700     200     400     
	20624  2024 1100    800     1100    800     900     1100    1000    800     300     500     600     900     800     600     500     1000    1000    900     700     
	20624  2025 4300    3200    2700    1200    4200    2200    1100    1100    900     3100    1100    2100    1500    700     2200    900     900     700     1100    
	20624  2026 -999999 1000    -999999 600     -999999 -999999 -999999 600     500     1000    1000    -999999 -999999 -999999 -999999 -999999 -999999 -999999 -999999 
	