EUROPEAN CLIMATE ASSESSMENT & DATASET (ECA&D), file created on: 17-05-2026
THESE DATA CAN BE USED FOR NON-COMMERCIAL RESEARCH AND EDUCATION PROVIDED THAT THE FOLLOWING SOURCE IS ACKNOWLEDGED: 

Klein Tank, A.M.G. and Coauthors, 2002. Daily dataset of 20th-century surface
air temperature and precipitation series for the European Climate Assessment.
Int. J. of Climatol., 22, 1441-1453.
Data and metadata available at http://www.ecad.eu

FILE FORMAT (MISSING VALUE CODE = -999999):

THIS FILE HOLDS DATA FOR STATION NETHERLANDS                              OIRSCHOT                                 (STAID:   2488)
LATITUDE: dd:mm:ss +51:30:00
LONGITUDE: ddd:mm:ss +005:19:59
ELEVATION: m   16

DATA IS FOR INDEX Maximum no of consecutive dry days (RR < 1 mm) (CDD) with unit 0.01 No of days

01-06 SOUID: Source identifier
08-11 YEAR : YYYY
13-20 ANNUAL DATA VALUES
21-28 WINTER HALF YEAR DATA VALUES
29-36 SUMMER HALF YEAR DATA VALUES
37-44 WINTER (DJF) DATA VALUES
45-52 SPRING (MAM) DATA VALUES
53-60 SUMMER (JJA) DATA VALUES
61-68 AUTUMN (SON) DATA VALUES
69-76 JANUARY DATA VALUES
etc. 
157-164 DECEMBER DATA VALUES

2488   1950 -999999 -999999 -999999 -999999 -999999 -999999 -999999 -999999 -999999 -999999 -999999 -999999 -999999 -999999 -999999 -999999 -999999 -999999 -999999 
	2488   1951 6400    -999999 6400    -999999 1000    6000    2200    3000    700     900     1000    900     2900    3000    800     800     1900    300     3100    
	2488   1952 3100    3200    1900    3100    1900    1100    800     500     2800    1000    1900    1400    800     1000    1100    800     700     700     3000    
	2488   1953 2500    1700    1400    1700    1600    1400    1700    1700    700     1600    1200    1100    600     300     1400    800     1300    1700    800     
	2488   1954 1700    1700    1200    1700    1500    600     700     1000    700     1500    1100    900     600     600     500     600     700     600     600     
	2488   1955 1900    1000    1900    900     1900    1300    1100    900     400     1000    1900    600     900     1300    900     800     700     1100    500     
	2488   1956 2000    1700    1200    1200    2000    800     1200    500     1200    1700    1100    800     800     300     500     1200    900     1000    500     
	2488   1957 1500    1200    1400    1200    1400    1200    1500    1200    300     600     1000    800     1000    700     700     300     1500    800     600     
	2488   1958 1700    1400    1200    800     1400    900     1700    500     300     1400    600     400     900     700     600     1200    800     1700    700     
	2488   1959 3700    2800    3700    2800    1300    1700    2000    800     2000    300     900     1300    1600    1700    1700    2000    900     800     800     
	2488   1960 1400    900     1400    700     1400    900     800     500     700     900     700     1100    900     500     300     800     300     400     600     
	2488   1961 1700    1700    1300    1100    1700    700     1300    600     1100    1700    700     800     700     700     600     1300    900     900     1500    
	2488   1962 2200    2000    2200    1300    1500    1700    2200    500     1300    1200    1000    500     1700    400     700     1200    2200    400     700     
	2488   1963 2900    2000    2100    1200    900     1500    1800    1000    1200    800     600     900     1200    1200    900     1800    1300    500     2400    
	2488   1964 4400    1800    4400    1300    1200    4100    1000    1300    600     1200    800     1000    800     1000    3100    800     700     900     500     
	2488   1965 1300    1300    1300    1300    1300    1300    1200    300     1300    1300    500     700     800     500     600     1000    1200    700     300     
	2488   1966 1600    1600    1500    1600    900     900     1500    1600    600     600     400     900     900     400     700     1500    800     400     100     
	2488   1967 1200    900     1200    900     800     1200    1100    900     900     700     800     200     600     800     1200    700     500     1100    400     
	2488   1968 2200    1200    2000    800     2000    1000    1600    300     800     700     2000    500     600     800     500     800     1000    1600    1500    
	2488   1969 2400    1100    1800    800     1100    900     2400    800     600     1100    1000    700     800     700     900     1600    2100    300     700     
	2488   1970 1800    1300    1800    600     800     1600    1200    600     400     800     400     600     1600    1000    800     1200    1200    700     600     
	2488   1971 2100    1300    2100    1300    2000    2000    2100    1300    1100    500     1500    800     500     1900    500     2100    1100    600     900     
	2488   1972 2300    1800    1600    1800    1500    1200    2300    900     800     1500    900     700     600     1200    1100    700     1900    500     1800    
	2488   1973 3700    2700    1900    2700    2100    1200    1700    1900    600     2100    500     500     1000    400     1200    1700    900     900     800     
	2488   1974 3300    1100    2200    1000    3300    900     400     600     1000    1100    2200    900     800     500     900     300     300     400     600     
	2488   1975 1900    1100    1900    1100    1800    1000    1800    600     1100    200     900     1800    1000    500     900     900     1800    700     1100    
	2488   1976 2300    1500    2300    1500    1900    2300    900     500     1500    1100    1700    800     1700    1100    2300    400     800     400     600     
	2488   1977 2300    1300    1700    600     1100    1700    2300    400     600     1000    600     1100    900     1600    800     1000    2300    500     900     
	2488   1978 1900    1300    1500    1300    1000    1500    1900    900     1300    500     900     700     700     1000    1000    1000    1900    900     700     
	2488   1979 2100    1000    1200    700     700     1000    2100    700     500     300     700     500     500     600     500     1200    1400    700     400     
	2488   1980 1400    1400    1300    1400    1200    1300    800     1400    700     700     800     1200    1300    500     600     800     400     500     500     
	2488   1981 2000    1600    2000    1600    1600    1000    1000    600     1600    600     1100    900     1000    600     1000    1000    300     500     600     
	2488   1982 1600    1600    1600    1600    1600    1100    1400    1600    1500    800     1600    900     500     1100    400     1400    800     600     400     
	2488   1983 1800    1700    1800    1700    1200    1800    1200    400     1700    1200    900     200     1000    1700    1800    600     700     900     800     
	2488   1984 2300    1300    2300    1100    1600    2000    700     400     1100    1300    1500    500     700     1100    2000    500     700     700     700     
	2488   1985 2000    2000    1500    2000    1000    1500    1500    700     2000    800     1000    500     300     1500    400     800     1500    600     500     
	2488   1986 3500    3500    1500    3200    1400    1400    3200    400     2800    1400    600     500     700     1300    1400    1500    1700    600     500     
	2488   1987 1300    1200    1300    800     1200    1300    1200    800     300     1200    1000    700     400     1300    700     600     400     900     900     
	2488   1988 2500    1000    2500    1000    1300    2500    1500    1000    600     300     1100    1300    2500    500     700     600     700     1500    400     
	2488   1989 2100    1300    2100    1300    1900    1300    1200    1000    700     700     400     1900    1300    1200    900     900     700     1200    800     
	2488   1990 1800    1100    1800    600     1600    1800    800     600     600     1100    600     1600    900     1800    1000    400     800     600     500     
	2488   1991 2500    1700    2300    1700    1500    1200    1400    1000    800     1300    800     1500    300     600     900     1400    900     1000    1500    
	2488   1992 2200    1300    1700    1300    1300    1000    2200    1200    600     400     800     1300    1000    700     300     1700    500     400     1100    
	2488   1993 1900    1600    1800    900     1600    1800    1600    500     900     1600    800     700     1400    600     500     500     500     1600    300     
	2488   1994 2600    1100    2600    1100    1400    2600    1700    500     1100    400     1400    500     1400    1800    400     300     1700    500     600     
	2488   1995 2600    1200    2600    500     1300    2600    1100    300     500     500     800     900     1300    1100    2200    500     1100    800     700     
	2488   1996 3100    3100    1900    3100    1900    1300    900     2200    900     1600    1900    700     1000    1300    800     900     700     400     1200    
	2488   1997 2200    1800    2200    1800    1900    2000    2200    1800    300     900     1900    1000    600     600     2000    2200    1100    500     500     
	2488   1998 1600    1300    1600    1300    1600    1600    1000    800     1300    600     400     1600    200     500     1600    1000    400     700     300     
	2488   1999 2300    800     2300    300     1200    1000    1300    300     300     800     800     700     800     900     1000    1300    1100    300     200     
	2488   2000 1400    800     1400    800     1300    1400    800     800     400     400     1000    700     800     500     1400    800     400     300     800     
	2488   2001 1300    900     1300    900     1300    800     1000    900     400     500     300     1300    800     500     800     300     1000    800     600     
	2488   2002 1400    1000    1400    1000    1300    900     1000    1000    500     900     1300    700     500     600     900     1000    500     600     1200    
	2488   2003 2900    2200    2900    2200    2000    2900    900     600     2200    2000    1700    700     800     1600    2700    900     900     800     1000    
	2488   2004 1700    1000    1300    1000    1300    1000    1300    300     700     900     1300    1200    600     500     500     900     1300    400     1500    
	2488   2005 1700    1300    1400    1100    900     1300    1700    500     600     900     500     800     1100    1300    600     800     1700    700     1000    
	2488   2006 1600    1500    1600    1500    1300    1600    1400    1100    500     1300    900     1000    1200    1600    400     1400    700     600     1000    
	2488   2007 4600    1000    3600    900     4600    800     1000    300     600     1000    3000    600     700     700     800     700     1000    1000    1500    
	2488   2008 1700    1700    1200    1700    1200    1100    900     500     1700    300     700     1200    1100    400     800     900     700     800     1100    
	2488   2009 1800    1000    1800    1000    1000    1800    1600    800     700     1000    900     800     1400    400     700     1600    700     400     700     
	2488   2010 2300    1300    2300    1300    1700    2300    1400    1300    700     900     1700    800     2100    1000    400     500     1200    1400    600     
	2488   2011 2500    1300    1500    1000    1500    700     2500    700     1000    1200    1500    800     500     400     400     1200    1200    2500    300     
	2488   2012 2600    2100    1000    900     2600    1000    1200    500     900     2100    500     700     600     800     800     1000    1200    700     400     
	2488   2013 2200    1100    2200    800     1900    2200    1300    700     800     1100    900     700     1200    2200    600     1100    600     800     500     
	2488   2014 1700    1700    1700    500     1700    1600    1700    500     500     1700    600     500     1600    1000    300     1700    700     600     400     
	2488   2015 2000    2000    1300    1400    2000    1300    1400    300     1400    2000    1200    1000    800     400     1200    600     1000    400     500     
	2488   2016 1800    1800    1500    600     1800    1500    1300    600     400     1800    500     1500    700     1500    1000    1300    1200    900     800     
	2488   2017 1700    1400    1700    1400    1200    1700    1100    1400    400     1100    1000    1200    1700    500     900     800     1100    500     300     
	2488   2018 4600    1500    4600    1400    800     4600    2500    400     1400    500     700     800     2300    2300    600     700     2500    1100    600     
	2488   2019 2000    1700    2000    1700    1500    2000    900     500     1700    1400    1500    1500    1500    1100    900     900     500     700     500     
	2488   2020 2400    1100    2400    1000    2200    1600    1900    1000    300     1100    1500    2100    800     800     1000    1900    900     700     400     
	2488   2021 1200    700     1200    600     900     1200    1200    500     600     700     900     600     1200    800     500     1200    600     700     1000    
	2488   2022 3300    3300    1900    700     3000    1900    1000    700     300     3000    1700    1100    1000    1900    1200    400     1000    800     1000    
	2488   2023 3900    1200    3900    1200    2000    1900    1100    1100    1100    500     700     2000    1900    500     1200    900     1000    200     400     
	2488   2024 1200    900     1100    700     900     800     1200    700     300     900     600     600     800     500     600     1100    600     1000    600     
	2488   2025 2700    2500    2700    1200    2700    2400    1800    1200    900     2400    1100    2100    1600    700     2400    1600    1000    800     1300    
	2488   2026 -999999 1300    -999999 1300    -999999 -999999 -999999 1300    400     900     1900    -999999 -999999 -999999 -999999 -999999 -999999 -999999 -999999 
	