EUROPEAN CLIMATE ASSESSMENT & DATASET (ECA&D), file created on: 17-05-2026
THESE DATA CAN BE USED FOR NON-COMMERCIAL RESEARCH AND EDUCATION PROVIDED THAT THE FOLLOWING SOURCE IS ACKNOWLEDGED: 

Klein Tank, A.M.G. and Coauthors, 2002. Daily dataset of 20th-century surface
air temperature and precipitation series for the European Climate Assessment.
Int. J. of Climatol., 22, 1441-1453.
Data and metadata available at http://www.ecad.eu

FILE FORMAT (MISSING VALUE CODE = -999999):

THIS FILE HOLDS DATA FOR STATION NETHERLANDS                              ELBURG                                   (STAID:    534)
LATITUDE: dd:mm:ss +52:25:59
LONGITUDE: ddd:mm:ss +005:49:59
ELEVATION: m    1

DATA IS FOR INDEX Maximum no of consecutive dry days (RR < 1 mm) (CDD) with unit 0.01 No of days

01-06 SOUID: Source identifier
08-11 YEAR : YYYY
13-20 ANNUAL DATA VALUES
21-28 WINTER HALF YEAR DATA VALUES
29-36 SUMMER HALF YEAR DATA VALUES
37-44 WINTER (DJF) DATA VALUES
45-52 SPRING (MAM) DATA VALUES
53-60 SUMMER (JJA) DATA VALUES
61-68 AUTUMN (SON) DATA VALUES
69-76 JANUARY DATA VALUES
etc. 
157-164 DECEMBER DATA VALUES

534    1866 -999999 -999999 -999999 -999999 -999999 -999999 2200    -999999 -999999 -999999 -999999 -999999 -999999 -999999 -999999 700     1500    400     1000    
	534    1867 1700    1500    1700    1500    1000    1700    900     1500    1100    800     400     1000    1600    500     1100    700     900     400     1300    
	534    1868 3100    1800    2200    1800    1200    2200    1600    1800    600     500     500     1200    1200    2200    600     1500    1000    1600    500     
	534    1869 2500    2500    2000    1100    2500    2000    1300    1100    1100    2500    1200    400     800     1200    1400    600     400     1300    1300    
	534    1870 5200    5200    3100    4400    2100    2200    1900    1600    2800    900     1200    900     2200    900     400     1300    600     900     1400    
	534    1871 -999999 5100    1400    5100    2400    1300    -999999 2500    2600    2200    800     1400    600     400     1300    1200    -999999 -999999 1200    
	534    1872 -999999 -999999 -999999 3300    -999999 -999999 -999999 1000    2400    1000    -999999 -999999 -999999 -999999 -999999 -999999 1200    1200    900     
	534    1873 6200    3400    6200    3400    1900    6000    1900    1000    2400    1900    1800    700     2900    3000    200     1400    600     1900    2000    
	534    1874 2800    2800    2200    2800    2200    1900    1700    1200    1600    1600    2000    800     1300    1000    1900    700     1300    1100    800     
	534    1875 2600    2100    2600    2100    2600    1200    1700    1400    1600    1300    2300    1200    1200    900     900     1700    1100    900     3000    
	534    1876 -999999 -999999 -999999 -999999 -999999 -999999 -999999 -999999 -999999 -999999 -999999 2200    2100    -999999 -999999 -999999 -999999 -999999 -999999 
	534    1877 -999999 -999999 -999999 -999999 -999999 -999999 -999999 -999999 -999999 1000    -999999 -999999 -999999 -999999 -999999 -999999 -999999 400     600     
	534    1878 -999999 -999999 -999999 -999999 -999999 -999999 -999999 700     -999999 -999999 -999999 -999999 -999999 -999999 -999999 -999999 -999999 -999999 -999999 
	534    1879 -999999 -999999 -999999 -999999 -999999 -999999 -999999 -999999 -999999 -999999 -999999 -999999 -999999 -999999 -999999 -999999 -999999 -999999 -999999 
	534    1880 -999999 -999999 -999999 -999999 -999999 -999999 -999999 -999999 -999999 -999999 -999999 -999999 -999999 -999999 -999999 -999999 -999999 -999999 -999999 
	534    1881 -999999 -999999 -999999 -999999 -999999 -999999 -999999 -999999 -999999 -999999 -999999 -999999 -999999 -999999 -999999 -999999 -999999 -999999 -999999 
	534    1882 -999999 -999999 -999999 -999999 -999999 -999999 -999999 -999999 -999999 -999999 -999999 -999999 -999999 -999999 -999999 -999999 -999999 -999999 -999999 
	534    1883 -999999 -999999 -999999 -999999 -999999 -999999 -999999 -999999 -999999 -999999 -999999 -999999 -999999 -999999 -999999 -999999 -999999 -999999 -999999 
	534    1884 -999999 -999999 -999999 -999999 -999999 -999999 -999999 -999999 -999999 -999999 -999999 -999999 -999999 -999999 -999999 -999999 -999999 -999999 -999999 
	534    1885 -999999 -999999 -999999 -999999 -999999 -999999 -999999 -999999 -999999 -999999 -999999 -999999 -999999 -999999 -999999 -999999 -999999 -999999 -999999 
	534    1886 -999999 -999999 -999999 -999999 -999999 -999999 -999999 -999999 -999999 -999999 -999999 -999999 -999999 -999999 -999999 -999999 -999999 -999999 -999999 
	534    1887 -999999 -999999 -999999 -999999 -999999 -999999 -999999 -999999 -999999 -999999 -999999 -999999 -999999 -999999 -999999 -999999 -999999 -999999 -999999 
	534    1888 -999999 -999999 -999999 -999999 -999999 -999999 -999999 -999999 -999999 -999999 -999999 -999999 -999999 -999999 -999999 -999999 -999999 -999999 -999999 
	534    1889 -999999 -999999 -999999 -999999 -999999 -999999 -999999 -999999 -999999 -999999 -999999 -999999 -999999 -999999 -999999 -999999 -999999 -999999 -999999 
	534    1890 -999999 -999999 -999999 -999999 -999999 -999999 -999999 -999999 -999999 -999999 -999999 -999999 -999999 -999999 -999999 -999999 -999999 -999999 -999999 
	534    1891 -999999 -999999 -999999 -999999 -999999 -999999 -999999 -999999 -999999 -999999 -999999 -999999 -999999 -999999 -999999 -999999 -999999 -999999 -999999 
	534    1892 -999999 -999999 -999999 -999999 -999999 -999999 -999999 -999999 -999999 -999999 -999999 -999999 -999999 -999999 -999999 -999999 -999999 -999999 -999999 
	534    1893 -999999 -999999 -999999 -999999 -999999 -999999 -999999 -999999 -999999 -999999 -999999 -999999 -999999 -999999 -999999 -999999 -999999 -999999 -999999 
	534    1894 -999999 -999999 -999999 -999999 -999999 -999999 -999999 -999999 -999999 -999999 -999999 -999999 -999999 -999999 -999999 -999999 -999999 -999999 -999999 
	534    1895 -999999 -999999 -999999 -999999 -999999 -999999 -999999 -999999 -999999 -999999 -999999 -999999 -999999 -999999 -999999 -999999 -999999 -999999 -999999 
	534    1896 -999999 -999999 -999999 -999999 -999999 -999999 -999999 -999999 -999999 -999999 -999999 -999999 -999999 -999999 -999999 -999999 -999999 -999999 -999999 
	534    1897 -999999 -999999 -999999 -999999 -999999 -999999 -999999 -999999 -999999 -999999 -999999 -999999 -999999 -999999 -999999 -999999 -999999 -999999 -999999 
	534    1898 -999999 -999999 -999999 -999999 -999999 -999999 -999999 -999999 -999999 -999999 -999999 -999999 -999999 -999999 -999999 -999999 -999999 -999999 -999999 
	534    1899 -999999 -999999 -999999 -999999 -999999 -999999 -999999 -999999 -999999 -999999 -999999 -999999 -999999 -999999 -999999 -999999 -999999 -999999 -999999 
	534    1900 -999999 -999999 -999999 -999999 -999999 -999999 -999999 -999999 -999999 -999999 -999999 -999999 -999999 -999999 -999999 -999999 -999999 -999999 -999999 
	534    1901 -999999 -999999 -999999 -999999 -999999 -999999 -999999 -999999 -999999 -999999 -999999 -999999 -999999 -999999 -999999 -999999 -999999 -999999 -999999 
	534    1902 -999999 -999999 -999999 -999999 -999999 -999999 -999999 -999999 -999999 -999999 -999999 -999999 -999999 -999999 -999999 -999999 -999999 -999999 -999999 
	534    1903 -999999 -999999 -999999 -999999 -999999 -999999 -999999 -999999 -999999 -999999 -999999 -999999 -999999 -999999 -999999 -999999 -999999 -999999 -999999 
	534    1904 -999999 -999999 -999999 -999999 -999999 -999999 -999999 -999999 -999999 -999999 -999999 -999999 -999999 -999999 -999999 -999999 -999999 -999999 -999999 
	534    1905 -999999 -999999 -999999 -999999 -999999 -999999 -999999 -999999 -999999 -999999 -999999 -999999 -999999 -999999 -999999 -999999 -999999 -999999 -999999 
	534    1906 -999999 -999999 -999999 -999999 -999999 -999999 -999999 -999999 -999999 -999999 -999999 -999999 -999999 -999999 -999999 -999999 -999999 -999999 -999999 
	534    1907 -999999 -999999 -999999 -999999 -999999 -999999 -999999 -999999 -999999 -999999 -999999 -999999 -999999 -999999 -999999 -999999 -999999 -999999 -999999 
	534    1908 -999999 -999999 -999999 -999999 -999999 -999999 -999999 -999999 -999999 -999999 -999999 -999999 -999999 -999999 -999999 -999999 -999999 -999999 -999999 
	534    1909 -999999 -999999 -999999 -999999 -999999 -999999 -999999 -999999 -999999 -999999 -999999 -999999 -999999 -999999 -999999 -999999 -999999 -999999 -999999 
	534    1910 -999999 -999999 -999999 -999999 -999999 -999999 -999999 -999999 -999999 -999999 -999999 -999999 -999999 -999999 -999999 -999999 -999999 -999999 -999999 
	534    1911 -999999 -999999 -999999 -999999 -999999 -999999 -999999 -999999 -999999 -999999 -999999 -999999 -999999 -999999 -999999 -999999 -999999 -999999 -999999 
	534    1912 -999999 -999999 -999999 -999999 -999999 -999999 -999999 -999999 -999999 -999999 -999999 -999999 -999999 -999999 -999999 -999999 -999999 -999999 -999999 
	534    1913 -999999 -999999 -999999 -999999 -999999 -999999 -999999 -999999 -999999 -999999 -999999 -999999 -999999 -999999 -999999 -999999 -999999 -999999 -999999 
	534    1914 -999999 -999999 -999999 -999999 -999999 -999999 -999999 -999999 -999999 -999999 -999999 -999999 -999999 -999999 -999999 -999999 -999999 -999999 -999999 
	534    1915 -999999 -999999 -999999 -999999 -999999 -999999 -999999 -999999 -999999 -999999 -999999 -999999 -999999 -999999 -999999 -999999 -999999 -999999 -999999 
	534    1916 -999999 -999999 -999999 -999999 -999999 -999999 -999999 -999999 -999999 -999999 -999999 -999999 -999999 -999999 -999999 -999999 -999999 -999999 -999999 
	534    1917 -999999 -999999 -999999 -999999 -999999 -999999 -999999 -999999 -999999 -999999 -999999 -999999 -999999 -999999 -999999 -999999 -999999 -999999 -999999 
	534    1918 -999999 -999999 -999999 -999999 -999999 -999999 -999999 -999999 -999999 -999999 -999999 -999999 -999999 -999999 -999999 -999999 -999999 -999999 -999999 
	534    1919 -999999 -999999 -999999 -999999 -999999 -999999 1700    -999999 -999999 -999999 -999999 -999999 -999999 -999999 1800    1700    900     600     800     
	534    1920 -999999 -999999 -999999 -999999 -999999 -999999 -999999 -999999 -999999 -999999 -999999 -999999 -999999 -999999 -999999 -999999 -999999 -999999 -999999 
	534    1921 -999999 -999999 -999999 -999999 -999999 -999999 -999999 -999999 -999999 -999999 -999999 -999999 -999999 -999999 -999999 -999999 -999999 -999999 -999999 
	534    1922 -999999 -999999 -999999 -999999 -999999 -999999 -999999 -999999 -999999 -999999 -999999 -999999 -999999 -999999 -999999 -999999 -999999 -999999 -999999 
	534    1923 -999999 -999999 -999999 -999999 -999999 -999999 -999999 -999999 -999999 -999999 -999999 -999999 -999999 -999999 -999999 -999999 -999999 -999999 -999999 
	534    1924 -999999 -999999 -999999 -999999 -999999 -999999 -999999 -999999 -999999 -999999 -999999 -999999 -999999 -999999 -999999 -999999 -999999 -999999 -999999 
	534    1925 -999999 -999999 -999999 -999999 -999999 -999999 -999999 -999999 -999999 -999999 -999999 -999999 -999999 -999999 -999999 -999999 -999999 -999999 -999999 
	534    1926 -999999 -999999 -999999 -999999 -999999 -999999 -999999 -999999 -999999 -999999 -999999 -999999 -999999 -999999 -999999 -999999 -999999 -999999 -999999 
	534    1927 -999999 -999999 -999999 -999999 -999999 -999999 -999999 -999999 -999999 -999999 -999999 -999999 -999999 -999999 -999999 -999999 -999999 -999999 -999999 
	534    1928 -999999 -999999 -999999 -999999 -999999 -999999 -999999 -999999 -999999 -999999 -999999 -999999 -999999 -999999 -999999 -999999 -999999 -999999 -999999 
	534    1929 -999999 -999999 -999999 -999999 -999999 -999999 -999999 -999999 -999999 -999999 -999999 -999999 -999999 -999999 -999999 -999999 -999999 -999999 -999999 
	534    1930 -999999 -999999 -999999 -999999 -999999 -999999 -999999 -999999 -999999 -999999 -999999 -999999 -999999 -999999 -999999 -999999 -999999 -999999 -999999 
	534    1931 -999999 -999999 -999999 -999999 -999999 -999999 -999999 -999999 -999999 -999999 -999999 -999999 -999999 -999999 -999999 -999999 -999999 -999999 -999999 
	534    1932 -999999 -999999 -999999 -999999 -999999 -999999 -999999 -999999 -999999 -999999 -999999 -999999 -999999 -999999 -999999 -999999 -999999 -999999 -999999 
	534    1933 -999999 -999999 -999999 -999999 -999999 -999999 -999999 -999999 -999999 -999999 -999999 -999999 -999999 -999999 -999999 -999999 -999999 -999999 -999999 
	534    1934 -999999 -999999 -999999 -999999 -999999 -999999 -999999 -999999 -999999 -999999 -999999 -999999 -999999 -999999 -999999 -999999 -999999 -999999 -999999 
	534    1935 -999999 -999999 -999999 -999999 -999999 -999999 -999999 -999999 -999999 -999999 -999999 -999999 -999999 -999999 -999999 -999999 -999999 -999999 -999999 
	534    1936 -999999 -999999 -999999 -999999 -999999 -999999 -999999 -999999 -999999 -999999 -999999 -999999 -999999 -999999 -999999 -999999 -999999 -999999 -999999 
	534    1937 -999999 -999999 -999999 -999999 -999999 -999999 -999999 -999999 -999999 -999999 -999999 -999999 -999999 -999999 -999999 -999999 -999999 -999999 -999999 
	534    1938 -999999 -999999 -999999 -999999 -999999 -999999 -999999 -999999 -999999 -999999 -999999 -999999 -999999 -999999 -999999 -999999 -999999 -999999 -999999 
	534    1939 -999999 -999999 -999999 -999999 -999999 -999999 -999999 -999999 -999999 -999999 -999999 -999999 -999999 -999999 -999999 -999999 -999999 -999999 -999999 
	534    1940 -999999 -999999 -999999 -999999 -999999 -999999 -999999 -999999 -999999 -999999 -999999 -999999 -999999 -999999 -999999 -999999 -999999 -999999 -999999 
	534    1941 -999999 -999999 -999999 -999999 -999999 -999999 -999999 -999999 -999999 -999999 -999999 -999999 -999999 -999999 -999999 -999999 -999999 -999999 -999999 
	534    1942 -999999 -999999 -999999 -999999 -999999 -999999 -999999 -999999 -999999 -999999 -999999 -999999 -999999 -999999 -999999 -999999 -999999 -999999 -999999 
	534    1943 -999999 -999999 -999999 -999999 -999999 -999999 -999999 -999999 -999999 -999999 -999999 -999999 -999999 -999999 -999999 -999999 -999999 -999999 -999999 
	534    1944 -999999 -999999 -999999 -999999 -999999 -999999 -999999 -999999 -999999 -999999 -999999 -999999 -999999 -999999 -999999 -999999 -999999 -999999 -999999 
	534    1945 -999999 -999999 -999999 -999999 -999999 -999999 -999999 -999999 -999999 -999999 -999999 -999999 -999999 -999999 -999999 -999999 -999999 -999999 -999999 
	534    1946 -999999 -999999 -999999 -999999 -999999 -999999 -999999 -999999 -999999 -999999 -999999 -999999 -999999 -999999 -999999 -999999 -999999 -999999 -999999 
	534    1947 -999999 -999999 -999999 -999999 -999999 -999999 -999999 -999999 -999999 -999999 -999999 -999999 -999999 -999999 -999999 -999999 -999999 -999999 -999999 
	534    1948 -999999 -999999 -999999 -999999 -999999 -999999 -999999 -999999 -999999 -999999 -999999 -999999 -999999 -999999 -999999 -999999 -999999 -999999 -999999 
	534    1949 -999999 -999999 -999999 -999999 -999999 -999999 -999999 -999999 -999999 -999999 -999999 -999999 -999999 -999999 -999999 -999999 -999999 -999999 -999999 
	534    1950 -999999 -999999 -999999 -999999 -999999 -999999 1000    -999999 -999999 -999999 -999999 -999999 -999999 -999999 600     200     1000    400     1100    
	534    1951 2200    1400    1600    1100    1000    1100    2200    900     400     900     1000    700     1000    700     700     900     2000    400     700     
	534    1952 1300    900     1300    800     1300    1100    1300    600     800     900     1200    1300    800     900     1100    1300    800     400     800     
	534    1953 2500    1600    1200    1000    1600    1100    1700    800     700     1600    1200    900     700     800     1100    600     800     1700    900     
	534    1954 1800    1800    1400    1800    1700    700     600     1100    700     1700    1100    1400    500     400     700     300     500     600     700     
	534    1955 2100    1500    2100    1100    1200    1700    800     900     1100    1000    1200    800     900     1300    1700    700     800     800     500     
	534    1956 1300    1300    1300    1300    1300    800     1300    500     1100    1100    900     800     800     300     400     1300    800     900     600     
	534    1957 1500    1200    1500    1200    1500    1100    1000    1200    400     600     1200    800     1100    300     500     400     1000    600     600     
	534    1958 2300    1300    1100    600     1300    1000    1600    600     200     1300    600     400     1000    700     600     800     1000    1600    700     
	534    1959 3500    2100    3500    2100    1300    1900    2700    700     2000    400     1300    1000    1500    1900    1500    2000    1800    1200    800     
	534    1960 1800    1500    1800    500     1800    700     900     400     500     1500    700     1100    600     400     700     900     400     400     500     
	534    1961 1700    1500    1000    1000    1500    700     1700    700     1000    1500    800     900     700     600     700     600     1200    1700    1500    
	534    1962 2000    1400    1500    1100    1500    900     1300    400     1100    1400    1000    500     900     700     600     400     1000    1300    700     
	534    1963 2600    2600    1300    2600    1000    700     1100    2600    1600    1000    600     900     700     700     400     1100    1000    500     1700    
	534    1964 2400    2400    800     1800    1800    800     1000    1800    600     1800    800     600     500     800     500     600     700     900     700     
	534    1965 1500    1500    900     900     1300    900     1400    700     700     1300    500     700     800     200     700     900     1400    1300    300     
	534    1966 1500    1200    1500    1200    800     900     1500    1200    600     400     300     800     900     400     800     1500    800     700     300     
	534    1967 1400    1100    1100    1100    900     1100    1400    1100    800     900     800     400     900     700     1100    900     500     1400    400     
	534    1968 2200    1300    1700    1300    1700    700     1000    400     1300    700     1700    600     600     700     700     600     1000    1000    1500    
	534    1969 2700    1400    2700    900     1400    2000    2500    900     400     1400    900     800     1000    2000    900     2500    2000    300     600     
	534    1970 2700    1200    2700    800     1600    2700    1200    800     400     800     500     1600    2700    400     900     1200    1100    900     1200    
	534    1971 2000    1800    1600    1800    2000    1600    1800    1500    800     500     1500    800     600     1500    400     1200    1200    800     900     
	534    1972 3000    1900    1700    1900    1500    1200    3000    1000    800     1500    600     700     400     1200    1200    1200    1800    600     2100    
	534    1973 2900    1200    2500    1200    900     2500    1200    1000    500     900     600     400     2500    1000    2100    1200    900     700     500     
	534    1974 3700    1100    2600    1000    3700    1300    500     400     1000    1100    2600    900     700     500     1300    500     300     400     500     
	534    1975 2200    1100    2200    1100    900     2200    1400    700     1100    300     900     600     1000    700     1500    900     1400    700     700     
	534    1976 2500    1500    2500    1500    2500    2100    1000    500     1500    1100    2300    800     1600    1100    900     900     800     400     400     
	534    1977 1900    800     1900    600     1800    1700    1700    400     300     400     500     1800    900     1600    500     1700    1400    400     600     
	534    1978 1800    1000    1800    1000    1500    1200    1000    1000    700     500     900     1500    800     1000    1200    500     1000    900     600     
	534    1979 1400    900     1400    900     700     1000    1400    900     600     400     700     700     600     700     1000    1400    1100    700     600     
	534    1980 1600    1600    1600    1400    1600    700     700     1400    1400    700     800     1600    500     700     700     700     600     500     400     
	534    1981 2300    1300    1800    1300    2300    900     1100    1200    800     500     1800    300     800     600     900     1100    300     400     600     
	534    1982 1800    1800    1600    1800    1100    1600    1400    1800    1400    1000    1000    1100    500     1400    300     1300    800     600     1000    
	534    1983 1900    1400    1600    1300    1300    1600    1900    500     1300    1300    300     300     700     1600    1000    900     600     1300    1100    
	534    1984 2200    1500    2200    1200    1500    2000    1100    400     1200    1500    1400    1100    800     700     2000    300     700     900     500     
	534    1985 2800    2800    900     2800    800     500     1800    900     2800    500     800     700     300     500     400     900     1800    1000    600     
	534    1986 3400    3400    1700    3100    1200    1700    2100    400     2800    1100    1200    900     1300    1500    700     1500    700     600     700     
	534    1987 1500    1500    1200    1500    1200    1200    900     1500    700     1200    900     700     500     700     300     500     600     800     900     
	534    1988 2000    1100    2000    1100    1400    2000    1000    1100    600     200     1400    1300    2000    500     900     800     1000    900     600     
	534    1989 1700    1300    1700    1300    1600    1700    1400    1300    800     700     500     1500    1700    900     1500    900     400     1400    1100    
	534    1990 2300    1700    1700    1700    1600    1700    800     1500    600     900     600     1600    900     1700    800     600     800     500     1000    
	534    1991 2800    1800    2800    1800    1500    2300    1400    1100    700     1200    1100    1500    200     700     1600    1400    1200    1100    1600    
	534    1992 2400    1300    2400    1300    1900    2400    800     1200    700     500     900     1900    2400    700     800     800     500     300     1100    
	534    1993 1700    1000    1500    900     1200    1500    1700    400     900     1000    1200    700     1200    600     400     500     1100    1600    200     
	534    1994 1600    1200    1400    1200    1000    1400    1600    600     1200    500     900     500     500     1400    800     1000    1600    600     400     
	534    1995 3300    1600    3300    400     1200    3300    2200    200     300     500     800     600     1300    1000    2300    600     2200    800     1700    
	534    1996 3100    3100    1700    3100    1700    1300    900     2200    900     1500    1700    600     1000    1300    800     800     900     500     1400    
	534    1997 2000    1900    2000    1900    1900    2000    1600    1800    300     900     1900    1000    600     600     2000    1600    700     1100    600     
	534    1998 1600    1100    1600    800     1400    1600    1100    800     800     600     500     1400    400     600     1600    1100    200     1000    300     
	534    1999 2500    700     2500    600     1200    1200    1400    300     300     700     800     700     600     900     1100    1400    1000    400     200     
	534    2000 1400    700     1300    700     1400    600     600     700     300     500     1000    1300    600     500     600     600     400     300     600     
	534    2001 1300    1100    1300    1100    1300    1000    1100    1100    500     500     400     1300    600     900     1000    300     1100    800     1000    
	534    2002 2300    1100    1300    1100    2300    800     1000    1000    600     1000    1300    700     500     800     800     1000    700     900     1300    
	534    2003 2200    2200    1900    2200    2000    1200    1400    600     2200    2000    1900    700     1000    1200    700     900     1400    1200    1000    
	534    2004 1800    1500    1800    900     1800    1500    1000    400     700     1100    1800    1400    600     600     900     1000    700     300     1400    
	534    2005 1800    1000    1400    600     1000    1100    1800    600     600     1000    600     700     1100    900     900     1100    1800    600     700     
	534    2006 1500    1300    1500    1000    1300    1300    1500    1000    900     1300    1100    1300    1300    1100    400     1500    1000    600     1200    
	534    2007 3700    1000    3500    800     3700    1000    1300    400     700     800     3000    500     700     300     1000    600     1300    1000    1300    
	534    2008 1600    1600    1400    1600    1400    900     1000    300     1600    200     700     1400    700     400     900     1000    600     600     1200    
	534    2009 1300    1000    1300    1000    1000    700     1300    800     200     1000    800     600     700     400     700     1300    500     200     500     
	534    2010 2100    900     2100    800     2100    900     1200    500     800     900     2100    1700    900     700     300     300     1200    800     300     
	534    2011 2000    1300    1600    700     1600    700     2000    700     700     1200    1600    800     700     400     300     900     1200    2000    500     
	534    2012 1500    1300    1100    800     1500    800     1000    500     800     1300    400     700     500     700     800     1000    900     600     100     
	534    2013 2300    1400    2000    800     2300    2000    1300    600     800     1400    1000    600     1100    2000    700     1100    500     800     500     
	534    2014 1900    1800    1900    500     1700    800     1900    500     500     1700    500     800     800     600     500     1900    700     600     600     
	534    2015 1500    1500    1300    1400    1500    800     1400    400     1400    1500    1300    800     700     500     800     600     1000    400     400     
	534    2016 1600    1100    1100    500     1100    800     1100    500     400     1100    700     1100    700     400     800     1000    1100    900     700     
	534    2017 1900    1300    1900    1300    1400    1300    800     1300    400     1100    1000    1400    1300    400     900     800     700     300     400     
	534    2018 2000    1700    1700    1400    1100    1700    2000    400     1400    400     900     1100    900     1700    600     700     2000    700     500     
	534    2019 1600    900     1600    900     1000    1600    700     400     900     700     1000    900     1100    1000    1000    400     500     700     700     
	534    2020 2500    1600    2500    300     2500    800     1300    300     300     1600    2500    2000    700     800     700     1300    600     700     400     
	534    2021 -999999 -999999 2100    -999999 1500    1600    900     -999999 1000    800     1500    500     1600    900     500     900     500     700     400     
	534    2022 3200    3200    3100    600     3100    1500    700     600     400     2900    2100    1000    1000    800     1500    500     700     500     1000    
	534    2023 3500    1100    3500    1100    1600    1900    1000    600     1100    500     600     1600    1900    500     1200    1000    700     300     500     
	534    2024 1200    -999999 1200    -999999 1100    1100    1200    600     -999999 500     600     1100    1100    400     700     1200    500     900     700     
	534    2025 1800    1100    1800    1000    1800    1600    1200    700     1000    1000    1100    1800    1400    500     1600    1000    700     700     1200    
	534    2026 -999999 -999999 -999999 1100    -999999 -999999 -999999 1100    900     -999999 -999999 -999999 -999999 -999999 -999999 -999999 -999999 -999999 -999999 
	