EUROPEAN CLIMATE ASSESSMENT & DATASET (ECA&D), file created on: 17-05-2026
THESE DATA CAN BE USED FOR NON-COMMERCIAL RESEARCH AND EDUCATION PROVIDED THAT THE FOLLOWING SOURCE IS ACKNOWLEDGED: 

Klein Tank, A.M.G. and Coauthors, 2002. Daily dataset of 20th-century surface
air temperature and precipitation series for the European Climate Assessment.
Int. J. of Climatol., 22, 1441-1453.
Data and metadata available at http://www.ecad.eu

FILE FORMAT (MISSING VALUE CODE = -999999):

THIS FILE HOLDS DATA FOR STATION NETHERLANDS                              VEENDAM                                  (STAID:   2535)
LATITUDE: dd:mm:ss +53:06:00
LONGITUDE: ddd:mm:ss +006:49:59
ELEVATION: m    2

DATA IS FOR INDEX Maximum no of consecutive dry days (RR < 1 mm) (CDD) with unit 0.01 No of days

01-06 SOUID: Source identifier
08-11 YEAR : YYYY
13-20 ANNUAL DATA VALUES
21-28 WINTER HALF YEAR DATA VALUES
29-36 SUMMER HALF YEAR DATA VALUES
37-44 WINTER (DJF) DATA VALUES
45-52 SPRING (MAM) DATA VALUES
53-60 SUMMER (JJA) DATA VALUES
61-68 AUTUMN (SON) DATA VALUES
69-76 JANUARY DATA VALUES
etc. 
157-164 DECEMBER DATA VALUES

2535   1884 -999999 -999999 -999999 -999999 -999999 -999999 1200    -999999 -999999 -999999 -999999 -999999 -999999 -999999 1100    1200    600     1100    1100    
	2535   1885 2000    1700    1600    1700    1400    1600    1400    1700    1000    1400    1200    700     800     1100    900     500     200     1300    1200    
	2535   1886 4800    4800    1900    2800    2000    1500    1300    600     2800    2000    900     1000    1000    700     1500    800     1200    500     -999999 
	2535   1887 -999999 -999999 2000    -999999 2100    2000    2400    -999999 -999999 2100    1500    500     2000    1500    700     900     600     2400    500     
	2535   1888 2300    2100    2300    2000    2300    1000    1200    1600    2000    200     500     2300    800     400     1000    1200    800     1000    1400    
	2535   1889 2100    2100    1600    2100    1100    1600    1800    1900    800     600     1100    500     1600    600     400     900     1000    1800    700     
	2535   1890 1700    1700    1600    1700    1200    900     1600    600     1400    1000    700     1100    500     400     900     1600    700     800     3100    
	2535   1891 4000    2800    1000    2500    900     1000    1500    500     2500    900     900     800     1000    600     200     700     1200    700     1100    
	2535   1892 1800    1500    1500    1500    1800    1100    1100    1500    1000    1300    1500    900     500     1100    900     600     500     1100    1200    
	2535   1893 2800    1800    1700    1800    2800    1700    900     1800    500     1300    1500    1300    1700    800     900     500     400     900     600     
	2535   1894 3100    1800    1300    1500    3100    800     1300    1400    800     1800    1300    1200    600     600     800     1300    900     800     600     
	2535   1895 1800    1800    1400    1800    1400    1100    1500    700     1800    1400    1400    900     900     700     1100    1400    400     800     1500    
	2535   1896 1400    1400    1200    1400    1200    800     1000    800     1400    700     1000    1200    700     800     500     500     500     1000    600     
	2535   1897 2500    1600    1700    1600    1000    1600    2500    1200    1600    500     1000    900     1500    1600    500     800     1200    1300    1400    
	2535   1898 1900    1000    1900    900     1200    1300    1700    900     400     1000    1200    600     1000    800     1300    1700    1000    1200    600     
	2535   1899 2200    1300    2200    1100    1200    2200    1200    1100    900     1200    600     500     1800    800     1400    600     1200    1000    1100    
	2535   1900 2000    1900    2000    1000    2000    900     1400    500     700     1400    1200    800     600     600     900     700     500     1200    1300    
	2535   1901 1800    1800    1800    1800    1300    1800    1700    1800    900     600     800     1300    1300    1800    1100    1300    800     700     500     
	2535   1902 -999999 1700    -999999 1700    -999999 -999999 -999999 500     1700    700     -999999 -999999 -999999 -999999 -999999 -999999 -999999 -999999 -999999 
	2535   1903 -999999 -999999 -999999 -999999 -999999 -999999 -999999 -999999 -999999 -999999 -999999 -999999 -999999 -999999 -999999 -999999 -999999 -999999 -999999 
	2535   1904 -999999 -999999 -999999 -999999 -999999 -999999 -999999 -999999 -999999 -999999 -999999 -999999 -999999 -999999 -999999 -999999 -999999 -999999 -999999 
	2535   1905 -999999 -999999 -999999 -999999 -999999 -999999 -999999 -999999 -999999 -999999 -999999 -999999 -999999 -999999 -999999 -999999 -999999 -999999 -999999 
	2535   1906 -999999 -999999 -999999 -999999 -999999 -999999 -999999 -999999 -999999 -999999 -999999 -999999 -999999 -999999 -999999 -999999 -999999 -999999 -999999 
	2535   1907 -999999 -999999 -999999 -999999 -999999 -999999 -999999 -999999 -999999 -999999 -999999 -999999 -999999 -999999 -999999 -999999 -999999 -999999 -999999 
	2535   1908 -999999 -999999 -999999 -999999 -999999 -999999 -999999 -999999 -999999 -999999 -999999 -999999 -999999 -999999 -999999 -999999 -999999 -999999 -999999 
	2535   1909 -999999 -999999 -999999 -999999 -999999 -999999 -999999 -999999 -999999 -999999 -999999 -999999 -999999 -999999 -999999 -999999 -999999 -999999 -999999 
	2535   1910 -999999 -999999 -999999 -999999 -999999 -999999 -999999 -999999 -999999 -999999 -999999 -999999 -999999 -999999 -999999 -999999 -999999 -999999 -999999 
	2535   1911 -999999 -999999 -999999 -999999 -999999 -999999 -999999 -999999 -999999 -999999 -999999 -999999 -999999 -999999 -999999 -999999 -999999 -999999 -999999 
	2535   1912 -999999 -999999 -999999 -999999 -999999 -999999 -999999 -999999 -999999 -999999 -999999 -999999 -999999 -999999 -999999 -999999 -999999 -999999 -999999 
	2535   1913 -999999 -999999 -999999 -999999 -999999 -999999 -999999 -999999 -999999 -999999 -999999 -999999 -999999 -999999 -999999 -999999 -999999 -999999 -999999 
	2535   1914 -999999 -999999 -999999 -999999 -999999 -999999 -999999 -999999 -999999 -999999 -999999 -999999 -999999 -999999 -999999 -999999 -999999 -999999 -999999 
	2535   1915 -999999 -999999 -999999 -999999 -999999 -999999 -999999 -999999 -999999 -999999 -999999 -999999 -999999 -999999 -999999 -999999 -999999 -999999 -999999 
	2535   1916 -999999 -999999 -999999 -999999 -999999 -999999 -999999 -999999 -999999 -999999 -999999 -999999 -999999 -999999 -999999 -999999 -999999 -999999 -999999 
	2535   1917 -999999 -999999 -999999 -999999 -999999 -999999 -999999 -999999 -999999 -999999 -999999 -999999 -999999 -999999 -999999 -999999 -999999 -999999 -999999 
	2535   1918 -999999 -999999 -999999 -999999 -999999 -999999 -999999 -999999 -999999 -999999 -999999 -999999 -999999 -999999 -999999 -999999 -999999 -999999 -999999 
	2535   1919 -999999 -999999 -999999 -999999 -999999 -999999 -999999 -999999 -999999 -999999 -999999 -999999 -999999 -999999 -999999 -999999 -999999 -999999 -999999 
	2535   1920 -999999 -999999 -999999 -999999 -999999 -999999 -999999 -999999 -999999 -999999 -999999 -999999 -999999 -999999 -999999 -999999 -999999 -999999 -999999 
	2535   1921 -999999 -999999 -999999 -999999 -999999 -999999 -999999 -999999 -999999 -999999 -999999 -999999 -999999 -999999 -999999 -999999 -999999 -999999 -999999 
	2535   1922 -999999 -999999 -999999 -999999 -999999 -999999 -999999 -999999 -999999 -999999 -999999 -999999 -999999 -999999 -999999 -999999 -999999 -999999 -999999 
	2535   1923 -999999 -999999 -999999 -999999 -999999 -999999 -999999 -999999 -999999 -999999 -999999 -999999 -999999 -999999 -999999 -999999 -999999 -999999 -999999 
	2535   1924 -999999 -999999 -999999 -999999 -999999 -999999 -999999 -999999 -999999 -999999 -999999 -999999 -999999 -999999 -999999 -999999 -999999 -999999 -999999 
	2535   1925 -999999 -999999 -999999 -999999 -999999 -999999 -999999 -999999 -999999 -999999 -999999 -999999 -999999 -999999 -999999 -999999 -999999 -999999 -999999 
	2535   1926 -999999 -999999 -999999 -999999 -999999 -999999 -999999 -999999 -999999 -999999 -999999 -999999 -999999 -999999 -999999 -999999 -999999 -999999 -999999 
	2535   1927 -999999 -999999 -999999 -999999 -999999 -999999 -999999 -999999 -999999 -999999 -999999 -999999 -999999 -999999 -999999 -999999 -999999 -999999 -999999 
	2535   1928 -999999 -999999 -999999 -999999 -999999 -999999 -999999 -999999 -999999 -999999 -999999 -999999 -999999 -999999 -999999 -999999 -999999 -999999 -999999 
	2535   1929 -999999 -999999 -999999 -999999 -999999 -999999 -999999 -999999 -999999 -999999 -999999 -999999 -999999 -999999 -999999 -999999 -999999 -999999 -999999 
	2535   1930 -999999 -999999 -999999 -999999 -999999 -999999 -999999 -999999 -999999 -999999 -999999 -999999 -999999 -999999 -999999 -999999 -999999 -999999 -999999 
	2535   1931 -999999 -999999 -999999 -999999 -999999 -999999 -999999 -999999 -999999 -999999 -999999 -999999 -999999 -999999 -999999 -999999 -999999 -999999 -999999 
	2535   1932 -999999 -999999 -999999 -999999 -999999 -999999 -999999 -999999 -999999 -999999 -999999 -999999 -999999 -999999 -999999 -999999 -999999 -999999 -999999 
	2535   1933 -999999 -999999 -999999 -999999 -999999 -999999 -999999 -999999 -999999 -999999 -999999 -999999 -999999 -999999 -999999 -999999 -999999 -999999 -999999 
	2535   1934 -999999 -999999 -999999 -999999 -999999 -999999 -999999 -999999 -999999 -999999 -999999 -999999 -999999 -999999 -999999 -999999 -999999 -999999 -999999 
	2535   1935 -999999 -999999 -999999 -999999 -999999 -999999 -999999 -999999 -999999 -999999 -999999 -999999 -999999 -999999 -999999 -999999 -999999 -999999 -999999 
	2535   1936 -999999 -999999 -999999 -999999 -999999 -999999 -999999 -999999 -999999 -999999 -999999 -999999 -999999 -999999 -999999 -999999 -999999 -999999 -999999 
	2535   1937 -999999 -999999 -999999 -999999 -999999 -999999 -999999 -999999 -999999 -999999 -999999 -999999 -999999 -999999 -999999 -999999 -999999 -999999 -999999 
	2535   1938 -999999 -999999 -999999 -999999 -999999 -999999 -999999 -999999 -999999 -999999 -999999 -999999 -999999 -999999 -999999 -999999 -999999 -999999 -999999 
	2535   1939 -999999 -999999 -999999 -999999 -999999 -999999 -999999 -999999 -999999 -999999 -999999 -999999 -999999 -999999 -999999 -999999 -999999 -999999 -999999 
	2535   1940 -999999 -999999 -999999 -999999 -999999 -999999 -999999 -999999 -999999 -999999 -999999 -999999 -999999 -999999 -999999 -999999 -999999 -999999 -999999 
	2535   1941 -999999 -999999 -999999 -999999 -999999 -999999 -999999 -999999 -999999 -999999 -999999 -999999 -999999 -999999 -999999 -999999 -999999 -999999 -999999 
	2535   1942 -999999 -999999 -999999 -999999 -999999 -999999 -999999 -999999 -999999 -999999 -999999 -999999 -999999 -999999 -999999 -999999 -999999 -999999 -999999 
	2535   1943 -999999 -999999 -999999 -999999 -999999 -999999 -999999 -999999 -999999 -999999 -999999 -999999 -999999 -999999 -999999 -999999 -999999 -999999 -999999 
	2535   1944 -999999 -999999 -999999 -999999 -999999 -999999 -999999 -999999 -999999 -999999 -999999 -999999 -999999 -999999 -999999 -999999 -999999 -999999 -999999 
	2535   1945 -999999 -999999 -999999 -999999 -999999 -999999 -999999 -999999 -999999 -999999 -999999 -999999 -999999 -999999 -999999 -999999 -999999 -999999 -999999 
	2535   1946 -999999 -999999 -999999 -999999 -999999 -999999 -999999 -999999 -999999 -999999 -999999 -999999 -999999 -999999 -999999 -999999 -999999 -999999 -999999 
	2535   1947 -999999 -999999 -999999 -999999 -999999 -999999 -999999 -999999 -999999 -999999 -999999 -999999 -999999 -999999 -999999 -999999 -999999 -999999 -999999 
	2535   1948 -999999 -999999 -999999 -999999 -999999 -999999 -999999 -999999 -999999 -999999 -999999 -999999 -999999 -999999 -999999 -999999 -999999 -999999 -999999 
	2535   1949 -999999 -999999 -999999 -999999 -999999 -999999 -999999 -999999 -999999 -999999 -999999 -999999 -999999 -999999 -999999 -999999 -999999 -999999 -999999 
	2535   1950 -999999 -999999 -999999 -999999 -999999 -999999 -999999 -999999 -999999 -999999 -999999 -999999 -999999 -999999 -999999 -999999 -999999 -999999 -999999 
	2535   1951 2700    -999999 1200    -999999 1100    800     2700    1200    400     900     1100    700     800     500     500     800     1900    400     700     
	2535   1952 1400    1000    1400    800     1400    700     1300    700     800     1000    1100    1400    500     400     400     1300    600     600     800     
	2535   1953 2300    2000    1500    1400    1600    1200    1500    1400    1100    1600    800     1400    1200    600     800     700     1500    1500    800     
	2535   1954 1700    1700    1600    1700    1700    700     500     1100    800     1700    1200    1300    700     500     400     300     500     400     500     
	2535   1955 1600    1500    1600    1100    1200    1200    800     1100    1100    800     1200    800     800     800     1200    800     700     800     200     
	2535   1956 1400    1200    1300    1200    1400    700     1300    500     700     1200    1000    1100    700     400     400     1300    900     1000    600     
	2535   1957 1500    1300    1500    1200    1400    1500    600     1200    800     700     1100    800     1500    300     800     400     500     600     600     
	2535   1958 1700    1700    1100    600     1700    900     1200    500     200     1700    600     700     800     900     600     500     800     1200    500     
	2535   1959 2400    1500    2400    1500    2400    1600    2100    500     1400    500     1000    2400    1600    1600    1500    2000    1700    1200    700     
	2535   1960 1400    1400    1100    400     1400    700     900     200     400     1400    600     1100    700     300     500     900     400     700     400     
	2535   1961 1700    1000    1000    1000    900     700     1700    600     1000    900     800     800     700     500     700     700     800     1700    1500    
	2535   1962 2100    1300    1600    1100    1400    1600    2100    400     1100    500     1400    400     1600    600     300     400     2100    1100    900     
	2535   1963 2200    2200    1500    1500    800     800     1500    900     1500    700     600     800     700     700     500     1500    700     400     1600    
	2535   1964 2400    2400    1000    1700    1800    1000    1000    1700    600     1800    900     900     500     1000    700     500     700     900     500     
	2535   1965 2600    800     1200    700     900     1200    2600    500     700     600     500     500     700     800     1200    1200    1400    1300    200     
	2535   1966 1700    1100    1700    1100    900     1100    1600    1100    1000    600     300     900     1100    300     900     1500    800     800     300     
	2535   1967 1400    900     1300    900     700     1300    1400    800     900     700     700     400     1300    600     1300    700     300     1400    400     
	2535   1968 2000    1100    1600    800     1600    1000    1000    500     800     900     1600    700     1000    900     800     300     1000    1000    1900    
	2535   1969 2000    1900    1800    700     1500    1300    2000    600     700     1500    900     800     1000    1300    600     1500    2000    700     700     
	2535   1970 2000    1200    2000    800     1300    2000    1300    800     600     600     500     1300    2000    400     900     1300    1100    800     600     
	2535   1971 2100    900     2100    900     2100    1600    2100    900     400     600     1500    900     700     1500    600     2100    1100    600     800     
	2535   1972 2200    1700    1200    1300    1700    1200    2200    1000    800     1700    700     700     800     1200    700     700     1800    300     2100    
	2535   1973 2500    1100    2400    1100    1100    2400    1500    1100    600     1100    1000    700     2400    1000    1000    1500    600     400     500     
	2535   1974 3900    1100    2800    1000    3900    900     800     400     1000    1100    2800    600     600     300     900     800     500     500     500     
	2535   1975 2000    1200    2000    1100    1300    2000    1000    700     1100    700     900     1300    1000    700     1400    1000    900     500     500     
	2535   1976 2500    1500    2500    1500    2500    2300    700     500     1500    700     2300    700     1600    1200    2200    600     700     400     400     
	2535   1977 2300    800     1900    600     1800    1200    2300    400     600     800     300     1800    1200    700     500     1100    2300    300     1200    
	2535   1978 2100    1100    1300    1100    1300    500     2100    1100    1000    600     900     800     500     500     400     500     1500    1100    800     
	2535   1979 1600    1600    1000    1400    1000    700     1000    900     1400    300     1000    800     500     700     600     1000    1000    700     400     
	2535   1980 2800    1500    2800    1400    2800    900     700     1400    1400    1200    800     2600    800     900     700     700     400     500     500     
	2535   1981 1500    800     1500    800     1100    1500    1200    700     800     500     1100    700     800     600     1500    1100    300     300     700     
	2535   1982 1400    1400    1400    1400    1000    1100    1300    1400    1400    1000    1000    900     1000    1000    700     1300    800     500     500     
	2535   1983 1700    1600    1400    1600    1500    1400    1700    500     1600    1500    400     200     800     900     1400    900     600     1400    600     
	2535   1984 2500    1300    2500    1200    1800    2500    1000    400     1200    1300    1800    700     800     700     2500    400     600     1000    700     
	2535   1985 2300    2300    900     2300    900     600     2100    700     2200    400     800     900     500     600     500     800     2100    1000    400     
	2535   1986 3800    3800    1500    3500    1300    1000    2100    700     2800    1300    700     700     900     1000    900     1500    1000    800     500     
	2535   1987 1700    1400    1700    1400    1200    1700    800     1200    1400    1200    900     900     300     1400    500     300     600     800     900     
	2535   1988 1700    800     1500    600     1700    1400    900     500     600     200     1500    1400    1200    500     900     800     900     700     500     
	2535   1989 1800    1000    1500    1000    1500    1300    1500    1000    600     700     400     1500    1300    700     700     1100    400     1300    1100    
	2535   1990 2100    900     2100    900     1800    2100    1000    900     700     800     600     1800    1000    2100    900     600     1000    600     600     
	2535   1991 2600    1800    2600    1800    1200    1200    1400    1100    700     1200    900     900     400     900     1200    1400    1000    800     1600    
	2535   1992 3200    1300    3200    1300    2100    3200    1500    1200    700     300     1100    2100    2100    1100    800     1100    500     400     1200    
	2535   1993 1600    1500    1600    900     1600    1300    1600    500     900     1500    800     800     1300    300     500     500     500     1600    300     
	2535   1994 1700    1700    1100    1700    800     1100    1600    600     1700    200     800     600     600     1100    1000    600     1600    600     500     
	2535   1995 3200    1500    2600    600     1800    2600    1400    600     300     500     1200    600     1300    1000    2200    700     1400    1100    2100    
	2535   1996 1800    1800    1300    1600    1800    1000    900     1600    600     1800    1300    500     800     1000    600     900     800     400     800     
	2535   1997 2200    2000    2200    2000    2200    1300    1500    1800    300     900     2200    1000    600     1100    1300    1500    900     1200    500     
	2535   1998 1600    1000    1600    1000    1600    1600    700     1000    800     500     300     1600    400     600     1600    600     200     700     300     
	2535   1999 1900    600     1900    600     1400    1300    1400    300     300     600     800     1400    800     900     500     1400    1000    500     200     
	2535   2000 1000    1000    1000    1000    800     1000    600     1000    300     600     700     800     800     500     1000    600     600     300     600     
	2535   2001 1000    1000    1000    1000    1000    900     600     1000    300     600     500     1000    700     900     500     200     600     200     1000    
	2535   2002 2500    1200    1600    1100    2500    800     1000    1000    500     1200    1300    1600    600     800     800     1000    600     300     1400    
	2535   2003 2300    2300    2200    2300    2200    1900    1000    500     2300    2000    2200    700     1000    900     1800    1000    1000    900     1000    
	2535   2004 1800    1500    1800    900     1800    1500    1200    400     600     1100    1800    1400    500     600     900     1000    1200    300     1400    
	2535   2005 1800    1200    1200    700     700     900     1800    600     600     600     600     700     800     900     500     700     1800    600     600     
	2535   2006 2500    1600    2500    1600    1500    2400    2400    1100    900     1300    600     1500    2400    1100    200     2400    1400    600     900     
	2535   2007 3000    1000    2200    900     3000    600     1300    400     700     800     2200    500     600     300     500     400     1300    700     2100    
	2535   2008 2400    1500    1500    1500    1500    700     1500    400     1400    300     1000    1500    700     300     700     1500    500     600     1200    
	2535   2009 1800    1200    1800    1200    1800    900     1300    800     600     700     1800    500     600     200     900     1300    700     200     500     
	2535   2010 2000    1000    2000    1000    2000    1500    800     800     1000    500     2000    1000    1100    800     400     700     800     600     500     
	2535   2011 4200    1600    1600    900     1600    600     4200    700     800     1600    1600    800     400     600     300     700     1200    3000    500     
	2535   2012 2100    2100    1400    900     2100    1000    1000    500     900     2100    600     1400    600     700     600     1000    600     700     300     
	2535   2013 2500    1900    2500    1300    2200    2500    1300    900     1300    1400    1000    600     1100    2300    1200    1100    400     400     400     
	2535   2014 1900    1500    1900    700     1400    1000    1900    700     500     1400    600     900     900     1000    500     1900    500     700     600     
	2535   2015 1800    1000    1300    900     1300    1000    1800    400     900     1000    1300    800     700     300     1000    600     1400    400     300     
	2535   2016 2400    1100    2400    400     1100    900     2400    300     400     1100    700     1100    900     400     700     2400    1700    1000    600     
	2535   2017 1300    1300    1300    1300    1000    1300    1000    1300    1100    800     1000    700     1300    600     900     1000    900     800     500     
	2535   2018 1800    1700    1800    1400    800     1800    1800    400     1400    700     700     800     700     1800    800     500     1800    800     500     
	2535   2019 1900    1900    1900    1800    1900    1500    700     400     1800    600     1900    800     1000    1000    1300    600     300     700     700     
	2535   2020 2800    1100    2700    700     2800    1600    1300    700     600     1100    2700    2200    700     900     1200    1300    800     800     500     
	2535   2021 -999999 -999999 1500    -999999 1400    1300    1500    -999999 1000    700     1400    500     1300    800     400     1500    700     700     1000    
	2535   2022 3600    1500    3600    1000    3600    1400    700     1000    400     1300    2100    1500    1400    1300    1400    500     700     700     1000    
	2535   2023 3900    1100    3900    1100    2000    1900    1000    600     1100    300     500     2000    1900    300     1000    1000    200     200     400     
	2535   2024 1100    -999999 1100    -999999 1000    900     1100    500     -999999 800     400     1000    800     400     700     1100    600     900     800     
	2535   2025 2700    1300    2700    1200    2700    2500    800     1100    900     1200    1400    2100    1100    400     2500    800     700     800     1200    
	2535   2026 -999999 -999999 -999999 800     -999999 -999999 -999999 800     600     -999999 -999999 -999999 -999999 -999999 -999999 -999999 -999999 -999999 -999999 
	