EUROPEAN CLIMATE ASSESSMENT & DATASET (ECA&D), file created on: 17-05-2026
THESE DATA CAN BE USED FOR NON-COMMERCIAL RESEARCH AND EDUCATION PROVIDED THAT THE FOLLOWING SOURCE IS ACKNOWLEDGED: 

Klein Tank, A.M.G. and Coauthors, 2002. Daily dataset of 20th-century surface
air temperature and precipitation series for the European Climate Assessment.
Int. J. of Climatol., 22, 1441-1453.
Data and metadata available at http://www.ecad.eu

FILE FORMAT (MISSING VALUE CODE = -999999):

THIS FILE HOLDS DATA FOR STATION NETHERLANDS                              MARKEN                                   (STAID:    526)
LATITUDE: dd:mm:ss +52:28:00
LONGITUDE: ddd:mm:ss +005:06:00
ELEVATION: m   -1

DATA IS FOR INDEX Maximum no of consecutive dry days (RR < 1 mm) (CDD) with unit 0.01 No of days

01-06 SOUID: Source identifier
08-11 YEAR : YYYY
13-20 ANNUAL DATA VALUES
21-28 WINTER HALF YEAR DATA VALUES
29-36 SUMMER HALF YEAR DATA VALUES
37-44 WINTER (DJF) DATA VALUES
45-52 SPRING (MAM) DATA VALUES
53-60 SUMMER (JJA) DATA VALUES
61-68 AUTUMN (SON) DATA VALUES
69-76 JANUARY DATA VALUES
etc. 
157-164 DECEMBER DATA VALUES

526    1943 -999999 -999999 -999999 -999999 -999999 -999999 1400    -999999 -999999 -999999 -999999 -999999 -999999 2100    600     1300    1400    500     1000    
	526    1944 1900    1500    1900    1500    1400    1900    1100    500     1500    1100    1000    700     800     1200    1800    600     1100    200     1200    
	526    1945 2000    2000    1100    800     2000    800     1400    800     500     2000    800     1100    800     800     400     1000    1100    1400    700     
	526    1946 2200    1200    2200    1100    2200    2000    1400    1100    400     1200    1100    1500    600     1400    400     600     1400    700     1300    
	526    1947 3300    3300    3200    3300    1100    2500    1100    1000    2700    700     1100    600     1000    1400    2500    700     900     500     600     
	526    1948 3000    3000    1400    1500    1500    1400    1200    200     1500    1500    1300    1300    1100    1400    900     800     1200    900     1100    
	526    1949 2300    1600    2300    1600    1400    2300    800     1000    600     1300    800     900     2000    1000    1200    700     800     500     600     
	526    1950 1700    1400    1700    1400    900     1300    1000    1400    400     800     300     900     1300    400     500     300     1000    400     1400    
	526    1951 2700    1600    1600    600     1500    1100    2700    500     600     1000    1500    600     1100    1000    400     1000    2000    400     600     
	526    1952 1800    1000    1800    1000    1800    1100    1000    500     1000    1000    1100    1800    800     800     1100    1000    800     300     800     
	526    1953 3800    3800    1500    1100    2700    1000    2800    800     1100    2700    1200    1300    500     600     1000    600     2200    1000    900     
	526    1954 1800    1800    1700    1800    1700    700     600     1100    700     1600    1600    1400    500     400     700     300     300     600     700     
	526    1955 2200    1500    2200    1100    1200    1800    800     900     1100    800     1200    800     800     1300    1800    800     700     800     500     
	526    1956 1800    1400    1800    1400    1400    1000    1800    500     1400    1200    1300    1200    1000    400     300     1800    800     900     1000    
	526    1957 1400    1300    1100    1300    1300    1000    1200    1300    400     600     900     800     700     300     700     400     1200    1100    600     
	526    1958 1600    1300    1000    600     1300    1000    1600    500     200     1300    600     400     1000    900     400     900     700     1600    400     
	526    1959 3000    2100    3000    2100    1500    1800    2600    600     2000    700     800     1500    1700    1800    1000    2000    1700    700     500     
	526    1960 1400    1100    1400    600     1400    900     1000    200     600     1100    1000    1100    900     400     700     1000    300     400     400     
	526    1961 1800    1800    1300    1100    1800    700     1300    600     1100    1800    500     1000    700     600     700     1300    700     900     700     
	526    1962 2200    1400    2100    1300    1400    1700    2200    500     1300    1100    900     500     1700    800     400     400     2200    1100    700     
	526    1963 2400    2400    1800    1600    900     900     1800    1100    1600    800     600     900     600     700     300     1800    900     500     1700    
	526    1964 1800    1800    1200    1400    1200    1200    1000    1400    600     1200    800     800     800     900     600     700     600     900     500     
	526    1965 1400    1400    900     900     1300    900     1400    700     600     1300    400     600     700     300     600     900     1400    600     300     
	526    1966 1600    1200    1600    1200    1100    1000    1500    1200    500     600     300     1100    1000    300     800     1500    900     300     300     
	526    1967 1100    1000    1100    1000    800     1100    800     1000    800     700     800     300     1100    700     1100    800     500     800     400     
	526    1968 1900    1200    1900    800     1900    800     1400    500     800     700     1900    500     800     800     700     600     1000    1400    1400    
	526    1969 3200    1400    3200    900     1400    3200    2500    900     400     1400    900     700     1100    2100    1100    2500    2000    300     600     
	526    1970 3100    1200    3100    700     1600    2600    1300    700     300     800     300     1600    2600    400     1100    1300    1100    800     2100    
	526    1971 2300    1000    2300    1000    2200    1200    2200    900     700     700     1500    800     900     1100    500     2200    1200    600     900     
	526    1972 3000    1500    1900    1400    1500    1100    3000    1000    800     1500    700     500     400     1000    1100    1200    1800    300     1800    
	526    1973 2400    2100    2400    900     2100    2400    1400    900     600     2100    600     600     2400    400     2100    1400    900     700     500     
	526    1974 3900    1100    2800    900     3900    1500    500     500     900     1100    2800    700     1500    500     1400    500     500     400     500     
	526    1975 2100    1100    2100    1100    1700    2100    2000    700     1100    600     900     1700    1000    700     1400    900     1800    600     1100    
	526    1976 2500    1600    2500    1600    2500    2500    1100    500     1600    1100    2300    800     1400    1200    2500    800     1100    500     400     
	526    1977 1900    800     1900    600     1500    1500    1900    400     600     800     500     1500    1000    1500    500     1900    1100    500     600     
	526    1978 2100    700     2100    700     1500    1000    1000    700     700     500     1500    1500    600     900     800     600     1000    900     800     
	526    1979 1200    800     900     800     600     900     1200    700     800     400     500     600     700     700     700     900     1200    400     400     
	526    1980 2200    1600    2200    1400    2200    900     800     1400    1400    1100    1100    2200    500     900     500     500     500     500     500     
	526    1981 2900    1100    2700    1100    2900    1800    1000    600     1100    400     2700    300     500     700     1800    1000    300     600     600     
	526    1982 1900    1800    1900    1800    1100    1900    1400    1800    1400    1000    1100    1100    1000    1600    300     1300    800     600     800     
	526    1983 2300    2100    2300    2100    1300    2300    1900    500     2100    1300    300     200     1100    2300    1700    900     600     1300    900     
	526    1984 2700    1300    2700    1100    2100    2600    1200    400     1100    1300    1900    600     800     1500    2600    300     700     800     600     
	526    1985 2300    2300    1300    2300    900     1300    1900    400     2200    500     900     500     300     1300    500     900     1900    600     500     
	526    1986 3400    3400    1500    3100    1400    1500    2100    400     2800    1400    1300    800     1100    1500    600     1500    700     500     500     
	526    1987 1400    1300    1400    1200    1300    1400    900     1200    1100    1300    1000    700     200     1400    400     500     500     900     900     
	526    1988 2000    800     2000    600     1300    2000    800     500     600     300     1200    1300    2000    400     900     600     800     700     500     
	526    1989 2000    900     2000    900     1600    2000    1500    600     600     700     500     1600    1700    2000    1400    1100    400     1200    1100    
	526    1990 1900    700     1900    700     1900    1700    1100    500     700     600     600     1900    1100    1700    800     600     1100    500     600     
	526    1991 4300    4300    2600    4300    1500    1200    1400    3100    1000    1200    900     1500    300     600     1200    1400    900     900     1600    
	526    1992 1800    1300    1800    1300    1800    1500    800     1200    700     500     900     1800    1200    800     800     800     700     600     1100    
	526    1993 1800    1800    1600    1800    1600    1500    1600    500     1500    1000    800     800     1200    300     600     400     1000    1500    300     
	526    1994 1700    1200    1000    1200    1000    1000    1700    600     1200    800     600     700     800     1000    800     600     1700    800     400     
	526    1995 2700    1700    2700    400     1500    2700    2200    300     300     500     900     600     1300    800     2300    300     2200    1100    1100    
	526    1996 3300    3300    2200    3300    2200    1700    1000    2400    900     1600    2000    600     1700    1300    800     1000    800     400     1400    
	526    1997 2000    1800    1900    1800    1900    1900    1600    1800    400     900     1900    1100    700     1000    1900    1600    1000    500     500     
	526    1998 1700    1300    1700    1300    1700    1600    700     800     1300    1200    300     1700    200     600     1600    700     200     700     300     
	526    1999 2000    600     2000    600     1300    1500    1400    300     300     500     900     800     900     900     600     1400    1000    500     300     
	526    2000 1200    1200    900     1200    900     800     500     1200    300     800     900     700     700     800     600     500     400     300     600     
	526    2001 1400    1100    1400    1100    1400    900     700     1100    700     500     500     1400    900     700     700     200     700     700     1300    
	526    2002 2300    1100    1300    1100    2300    800     1000    1000    500     1000    1300    700     600     700     800     1000    500     300     1200    
	526    2003 2300    2300    2300    2300    2000    2300    1300    600     2300    2000    1600    700     1200    1200    2100    900     1300    1100    1000    
	526    2004 1800    1000    1800    1000    1800    1500    1100    300     500     1000    1800    1400    700     600     900     1100    800     500     1500    
	526    2005 1300    800     1300    800     700     1100    1000    500     600     700     600     600     1100    900     700     1000    1000    600     700     
	526    2006 2100    1500    2100    1500    1500    1400    2100    1100    900     1300    700     1500    1200    1100    500     2100    500     400     1200    
	526    2007 4500    1000    3500    900     4500    1300    1200    400     600     1000    3000    500     700     200     1100    500     1200    800     1400    
	526    2008 1600    1500    1600    1500    1600    900     1000    300     1500    300     900     1500    900     400     900     1000    600     600     1200    
	526    2009 2400    1000    2400    1000    1300    900     2400    800     600     800     1300    400     500     500     900     2400    500     200     600     
	526    2010 2100    1200    2100    1200    2100    900     800     900     1200    900     2100    1600    900     700     400     500     800     800     1400    
	526    2011 2500    1300    1500    800     1500    900     2500    700     700     1200    1500    800     300     600     300     900     600     2500    500     
	526    2012 1500    1300    1200    800     1500    1200    900     500     800     1300    200     600     600     700     700     800     900     600     200     
	526    2013 2400    1300    2400    700     2100    2400    1300    600     700     1300    1200    700     1100    2400    700     1100    400     800     400     
	526    2014 1900    1700    1900    500     1700    800     1900    400     500     1700    800     800     800     800     300     1900    700     1000    600     
	526    2015 1600    1600    1300    1600    1500    1100    1400    400     1600    1500    1300    600     1100    400     800     600     1000    400     400     
	526    2016 1500    1100    1500    400     1500    1100    1300    200     400     1100    400     1500    1100    1000    700     1300    1100    900     700     
	526    2017 2100    1400    1200    1400    2100    1200    800     1400    1100    1000    1100    800     1200    500     900     800     700     300     300     
	526    2018 3500    1700    3500    1400    900     3500    1800    400     1400    600     900     800     1200    2700    600     600     1800    1500    800     
	526    2019 2000    1400    2000    1300    2000    1600    600     600     900     1400    2000    1600    1100    1000    1200    600     500     600     700     
	526    2020 4500    1800    2700    400     4500    1000    1300    300     400     1800    2700    1100    600     500     1000    1300    800     700     400     
	526    2021 -999999 -999999 2100    -999999 1500    1600    1000    -999999 1000    900     1500    500     1600    800     500     1000    400     600     300     
	526    2022 3300    3300    3100    700     3100    1400    700     700     400     2900    2100    1000    900     1300    1400    500     700     500     1000    
	526    2023 3900    1100    3900    1100    2000    1900    900     600     1100    500     700     2000    1900    300     1100    900     700     200     500     
	526    2024 1300    -999999 1300    -999999 800     1300    1100    600     -999999 500     600     800     900     600     700     1100    500     900     800     
	526    2025 4300    3200    2200    1200    4200    2200    1100    1100    1200    3100    1100    2100    1200    700     2200    900     1000    700     1100    
	526    2026 -999999 -999999 -999999 1100    -999999 -999999 -999999 1100    300     -999999 -999999 -999999 -999999 -999999 -999999 -999999 -999999 -999999 -999999 
	