EUROPEAN CLIMATE ASSESSMENT & DATASET (ECA&D), file created on: 17-05-2026
THESE DATA CAN BE USED FOR NON-COMMERCIAL RESEARCH AND EDUCATION PROVIDED THAT THE FOLLOWING SOURCE IS ACKNOWLEDGED: 

Klein Tank, A.M.G. and Coauthors, 2002. Daily dataset of 20th-century surface
air temperature and precipitation series for the European Climate Assessment.
Int. J. of Climatol., 22, 1441-1453.
Data and metadata available at http://www.ecad.eu

FILE FORMAT (MISSING VALUE CODE = -999999):

THIS FILE HOLDS DATA FOR STATION NETHERLANDS                              EDAM                                     (STAID:   2398)
LATITUDE: dd:mm:ss +52:31:00
LONGITUDE: ddd:mm:ss +005:03:00
ELEVATION: m    0

DATA IS FOR INDEX Maximum no of consecutive dry days (RR < 1 mm) (CDD) with unit 0.01 No of days

01-06 SOUID: Source identifier
08-11 YEAR : YYYY
13-20 ANNUAL DATA VALUES
21-28 WINTER HALF YEAR DATA VALUES
29-36 SUMMER HALF YEAR DATA VALUES
37-44 WINTER (DJF) DATA VALUES
45-52 SPRING (MAM) DATA VALUES
53-60 SUMMER (JJA) DATA VALUES
61-68 AUTUMN (SON) DATA VALUES
69-76 JANUARY DATA VALUES
etc. 
157-164 DECEMBER DATA VALUES

2398   1910 -999999 -999999 -999999 -999999 -999999 -999999 1200    -999999 -999999 -999999 -999999 -999999 -999999 -999999 -999999 800     1200    500     300     
	2398   1911 2400    2100    2400    2100    2300    2400    1200    1200    1400    900     2300    1500    600     2400    1700    1200    600     400     500     
	2398   1912 2100    800     2100    800     1600    2100    1300    800     700     500     1600    600     300     2000    200     1300    1300    400     400     
	2398   1913 2800    2300    2800    2300    1000    2000    1000    1500    2300    700     600     1000    800     900     2000    900     800     400     600     
	2398   1914 2300    1600    2300    1600    2300    1900    1200    1600    1200    200     1700    900     900     1200    1900    1000    1000    400     400     
	2398   1915 1500    1000    1200    700     1000    1200    1500    700     300     1000    700     1000    1200    600     700     1100    1500    600     400     
	2398   1916 2600    1200    2600    1200    1300    2600    1100    1100    400     1200    1000    900     500     1300    1300    1100    700     900     400     
	2398   1917 2800    2800    1500    2800    1500    1500    1500    1800    1700    1000    700     1200    1500    800     800     1200    400     1000    700     
	2398   1918 1500    1500    1300    1500    1400    1300    1000    1000    700     1400    400     900     600     700     900     200     900     900     600     
	2398   1919 2200    1900    2200    1900    2200    1900    1800    700     1500    900     900     2200    700     800     1500    1800    900     500     600     
	2398   1920 2800    1200    1300    1200    1100    1300    2800    600     1200    1100    300     700     1300    500     800     800     1600    1400    800     
	2398   1921 2900    1700    1800    1700    1800    1700    2200    500     1300    800     1200    1800    900     1300    500     1700    900     2200    700     
	2398   1922 1500    1100    1500    1100    1100    900     1400    1000    1100    1100    600     1100    900     600     400     400     1400    700     800     
	2398   1923 2400    1100    2400    700     1900    2400    1000    600     700     1100    1100    700     1000    1400    1100    1000    200     900     400     
	2398   1924 1700    1700    1200    800     1700    1200    1500    800     700     1700    800     500     1000    1100    600     400     900     1500    1000    
	2398   1925 1400    1000    1400    900     1200    1100    1300    900     600     600     1100    1200    1100    1000    700     300     700     1300    500     
	2398   1926 2700    2100    1600    700     2700    1600    800     700     700     2100    800     900     1400    700     600     800     600     600     800     
	2398   1927 1800    1400    1600    1400    1600    700     1000    400     1400    1100    900     1100    500     700     700     800     1000    600     1200    
	2398   1928 2400    2300    2400    1500    2400    1900    1500    300     1500    2300    1000    1400    600     1900    400     1200    1500    400     700     
	2398   1929 -999999 -999999 -999999 -999999 -999999 2000    800     -999999 -999999 -999999 -999999 1800    600     2000    900     800     500     500     900     
	2398   1930 2100    2100    2000    1200    1600    1000    1300    800     1200    1200    900     800     1000    500     800     1200    1300    300     800     
	2398   1931 1500    1200    1000    600     1500    1000    1200    400     600     1200    500     800     600     400     800     600     1200    1100    1200    
	2398   1932 4700    4700    2100    2100    2600    2100    900     900     2100    2600    700     700     1400    500     2100    600     400     900     1900    
	2398   1933 -999999 -999999 -999999 -999999 -999999 -999999 -999999 1900    -999999 -999999 -999999 -999999 -999999 -999999 -999999 -999999 -999999 800     2600    
	2398   1934 2400    -999999 1800    2400    1400    1500    800     700     2300    900     800     1400    1400    1100    700     700     800     800     600     
	2398   1935 1800    1600    1800    500     1800    1200    700     500     400     1600    600     1200    400     900     1100    700     600     500     600     
	2398   1936 -999999 -999999 1500    -999999 -999999 1200    1200    -999999 -999999 -999999 900     1000    800     500     1200    400     900     900     900     
	2398   1937 1800    600     1800    600     1300    1800    800     600     300     400     600     1300    700     700     1200    500     800     700     400     
	2398   1938 -999999 2400    2200    1300    2300    2200    1300    400     1300    2300    900     1400    2200    800     600     700     1200    700     -999999 
	2398   1939 -999999 -999999 -999999 -999999 -999999 -999999 800     -999999 -999999 -999999 -999999 1300    -999999 -999999 2100    500     400     300     -999999 
	2398   1940 -999999 -999999 -999999 -999999 -999999 -999999 -999999 -999999 -999999 -999999 -999999 2400    1000    400     -999999 -999999 -999999 -999999 -999999 
	2398   1941 -999999 -999999 -999999 -999999 -999999 -999999 -999999 -999999 -999999 -999999 -999999 -999999 -999999 -999999 -999999 -999999 -999999 -999999 -999999 
	2398   1942 -999999 -999999 -999999 -999999 -999999 -999999 -999999 -999999 -999999 -999999 -999999 -999999 -999999 -999999 -999999 -999999 -999999 -999999 -999999 
	2398   1943 -999999 -999999 -999999 -999999 -999999 -999999 1400    -999999 -999999 -999999 -999999 -999999 -999999 2100    600     1200    1400    400     1000    
	2398   1944 1900    1500    1900    1500    1400    1900    1100    500     1500    1100    1000    700     800     1200    1800    600     1100    200     1200    
	2398   1945 2000    2000    1100    800     2000    800     1400    800     500     2000    800     1100    800     800     400     1000    1100    1400    700     
	2398   1946 2200    1200    2200    1100    2200    2000    1400    1100    400     1200    1100    1500    600     1400    400     600     1400    700     1300    
	2398   1947 3300    3300    3200    3300    1100    2500    1100    1000    2700    700     1100    600     1000    1400    2500    700     900     500     600     
	2398   1948 3000    3000    1400    1500    1500    1400    1200    200     1500    1500    1300    1300    1100    1400    900     800     1200    900     1100    
	2398   1949 2300    1600    2300    1600    1400    2300    800     1000    600     1300    800     900     2000    1000    1200    700     800     500     600     
	2398   1950 1700    1400    1700    1400    900     1300    1000    1400    400     800     300     900     1300    400     500     300     1000    400     1300    
	2398   1951 2700    1800    1700    700     1700    1100    2700    500     600     1200    1400    600     1100    900     400     1000    2000    400     800     
	2398   1952 1500    1000    1500    1000    1500    1100    800     500     1000    1000    1100    1500    800     800     1100    500     800     200     400     
	2398   1953 2800    2100    1500    1100    1600    1000    2800    800     1100    1600    1200    1400    600     500     1000    600     2200    1000    800     
	2398   1954 1800    1800    1700    1800    1700    700     600     1100    700     1600    1600    1400    500     500     700     300     500     600     600     
	2398   1955 2300    1500    2300    1100    1200    1900    1200    900     1100    800     1200    800     800     1300    1900    900     700     1200    400     
	2398   1956 1800    1200    1800    800     1500    1100    1800    500     800     1200    1300    1200    1100    400     400     1800    800     900     1000    
	2398   1957 1500    1300    1100    1300    1500    1100    1200    1300    300     600     1100    800     1100    300     700     400     1200    800     900     
	2398   1958 1400    1300    1100    600     1300    1000    1400    500     200     1300    700     400     1000    900     600     900     1000    1400    500     
	2398   1959 2600    2100    2200    2100    1500    1700    2600    700     2000    700     1300    1500    1700    1400    800     2000    1700    700     500     
	2398   1960 1400    1100    1400    900     1400    500     900     300     900     1100    1000    1100    500     500     500     900     300     400     400     
	2398   1961 1800    1800    1300    1100    1800    700     1300    600     1100    1800    500     1000    700     600     700     1300    700     900     700     
	2398   1962 2200    1400    2100    1300    1400    1700    2200    500     1300    1100    900     500     1700    800     400     400     2200    1100    700     
	2398   1963 2400    2400    1800    1600    900     900     1800    1100    1600    800     600     900     600     700     300     1800    900     500     1700    
	2398   1964 1800    1800    1200    1400    1200    1200    1000    1400    600     1200    800     800     800     900     600     700     600     900     500     
	2398   1965 1400    1400    900     900     1300    900     1400    700     600     1300    400     600     700     300     600     900     1400    600     300     
	2398   1966 1600    1200    1600    1200    1100    1000    1500    1200    500     600     300     1100    1000    300     800     1500    900     300     300     
	2398   1967 1100    1000    1100    1000    800     1100    800     1000    800     700     800     300     1100    700     1100    800     500     800     400     
	2398   1968 1900    1200    1900    800     1900    800     1400    500     800     700     1900    500     800     800     700     600     1000    1400    1400    
	2398   1969 3200    1400    3200    900     1400    3200    2500    900     400     1400    900     700     1100    2100    1100    2500    2000    300     600     
	2398   1970 3100    1200    3100    700     1600    2600    1300    700     300     800     300     1600    2600    400     1100    1300    1100    800     2100    
	2398   1971 2300    1000    2300    1000    2200    1200    2200    900     700     700     1500    800     900     1100    500     2200    1200    600     900     
	2398   1972 3000    1500    1900    1400    1500    1100    3000    1000    800     1500    700     500     400     1000    1100    1200    1800    300     1800    
	2398   1973 2400    2100    2400    900     2100    2400    1400    900     600     2100    600     600     2400    400     2100    1400    900     700     500     
	2398   1974 3900    1100    2800    900     3900    1500    500     500     900     1100    2800    700     1500    500     1400    500     500     400     500     
	2398   1975 2100    1100    2100    1100    1700    2100    2000    700     1100    600     900     1700    1000    700     1400    900     1800    600     1100    
	2398   1976 2500    1600    2500    1600    2500    2500    1100    500     1600    1100    2300    800     1400    1200    2500    800     1100    500     400     
	2398   1977 1900    800     1900    600     1500    1500    1900    400     600     800     500     1500    1000    1500    500     1900    1100    500     600     
	2398   1978 2100    700     2100    700     1500    1000    1000    700     700     500     1500    1500    600     900     800     600     1000    900     800     
	2398   1979 1200    800     900     800     600     900     1200    700     800     400     500     600     700     700     700     900     1200    400     400     
	2398   1980 2200    1600    2200    1400    2200    900     800     1400    1400    1100    1100    2200    500     900     500     500     500     500     500     
	2398   1981 2900    1100    2700    1100    2900    1800    1000    600     1100    400     2700    300     500     700     1800    1000    300     600     600     
	2398   1982 1900    1800    1900    1800    1100    1900    1400    1800    1400    1000    1100    1100    1000    1600    300     1300    800     600     800     
	2398   1983 2300    2100    2300    2100    1300    2300    1900    500     2100    1300    300     200     1100    2300    1700    900     600     1300    900     
	2398   1984 2700    1300    2700    1100    2100    2600    1200    400     1100    1300    1900    600     800     1500    2600    300     700     800     600     
	2398   1985 2300    2300    1300    2300    900     1300    1900    400     2200    500     900     500     300     1300    500     900     1900    600     500     
	2398   1986 3400    3400    1500    3100    1400    1500    2100    400     2800    1400    1300    800     1100    1500    600     1500    700     500     500     
	2398   1987 1400    1300    1400    1200    1300    1400    900     1200    1100    1300    1000    700     200     1400    400     500     500     900     900     
	2398   1988 2000    800     2000    600     1300    2000    800     500     600     300     1200    1300    2000    400     900     600     800     700     500     
	2398   1989 2000    900     2000    900     1600    2000    1500    600     600     700     500     1600    1700    2000    1400    1100    400     1200    1100    
	2398   1990 1900    700     1900    700     1900    1700    1100    500     700     600     600     1900    1100    1700    800     600     1100    500     600     
	2398   1991 2400    2100    2200    2100    1500    800     1400    1100    1000    1200    900     1500    300     600     800     1400    1200    800     1600    
	2398   1992 1800    1300    1800    1300    1800    1400    700     1200    700     500     900     1800    1200    700     500     700     400     600     1300    
	2398   1993 1700    1700    1600    1700    1600    1500    1600    500     1400    1500    800     800     1200    400     600     400     1000    1400    300     
	2398   1994 1700    1200    1300    1200    1000    1300    1700    400     1200    500     900     500     800     1300    600     600     1700    800     400     
	2398   1995 2700    1700    2700    400     1500    2700    2100    400     300     500     900     600     1300    700     2300    700     2100    1100    1100    
	2398   1996 3300    3300    3200    3300    2200    2700    900     2400    900     1500    2000    600     2700    1300    1000    900     800     400     900     
	2398   1997 2000    1800    1900    1800    1900    1900    1600    1800    400     900     1900    1000    700     800     1900    1600    1000    500     600     
	2398   1998 1700    800     1700    800     1700    1600    700     800     800     800     300     1700    200     900     1600    700     200     700     300     
	2398   1999 2000    600     2000    600     1300    1500    1400    300     300     500     900     800     900     900     600     1400    1100    700     200     
	2398   2000 1500    1300    1500    1300    1500    800     600     1300    400     800     700     1500    700     800     600     600     300     300     600     
	2398   2001 1200    1200    1200    1200    1200    1100    300     1200    900     500     500     1200    1100    700     700     200     300     300     1200    
	2398   2002 2300    1100    1300    1100    2300    800     1000    1000    500     1000    1300    700     600     700     800     1000    500     600     1200    
	2398   2003 2300    2300    2300    2300    2300    2300    1400    600     2300    2300    2300    700     1200    1200    2100    900     1400    800     1000    
	2398   2004 1900    1000    1500    1000    1400    1500    1100    300     800     600     900     1400    700     600     900     1100    800     600     1500    
	2398   2005 1300    700     1300    600     700     1100    1100    500     600     700     600     700     1100    900     900     1100    600     600     500     
	2398   2006 2200    1700    2200    1700    1500    1200    2200    1100    900     1300    700     1500    1200    800     400     2200    500     600     1300    
	2398   2007 4500    1000    3500    900     4500    1300    1200    400     500     1000    3000    500     700     400     1100    500     1200    1000    1500    
	2398   2008 1600    1600    1600    1600    1600    900     1500    400     1600    300     900     1500    900     300     900     1500    600     600     1200    
	2398   2009 1400    1000    1400    1000    1400    900     1300    800     600     800     1400    700     500     400     900     1300    500     200     600     
	2398   2010 2100    1200    2100    1200    2100    1100    800     500     1200    1000    2100    1700    900     1100    400     500     800     800     1200    
	2398   2011 2000    1800    1500    800     1700    800     2000    700     700     1700    1500    800     400     500     300     1200    600     2000    500     
	2398   2012 2700    2200    1100    800     2700    1100    1000    500     800     2200    500     700     600     800     800     1000    700     600     200     
	2398   2013 2200    1400    2200    900     2200    2200    1300    600     900     1400    1200    700     1100    2200    700     1100    600     400     400     
	2398   2014 2000    1700    2000    500     1700    900     1900    500     300     1700    800     800     900     800     300     1900    700     1000    400     
	2398   2015 1700    1600    1700    1600    1700    1100    1400    400     1600    1600    1700    900     1100    400     800     600     1000    400     400     
	2398   2016 1300    1300    1300    400     1300    1100    1300    300     400     1300    500     1200    1100    1000    900     1300    1100    900     1000    
	2398   2017 2200    1400    1200    1400    2200    1200    900     1400    700     1100    1100    800     1200    500     500     900     700     300     300     
	2398   2018 3500    1700    3500    1400    1500    3500    2300    900     1400    600     800     1500    900     2600    900     600     2300    1500    800     
	2398   2019 2000    1400    2000    1300    2000    1500    600     600     1000    1400    2000    1600    1000    900     700     600     500     600     700     
	2398   2020 4500    1800    2700    700     4500    1000    1500    700     400     1800    2700    1100    700     900     1000    1500    800     700     400     
	2398   2021 -999999 -999999 1700    -999999 1700    1200    900     -999999 1000    900     1700    500     1200    1100    500     900     400     600     400     
	2398   2022 1900    1900    1900    700     1600    1500    700     700     400     1500    1400    1000    900     1300    1500    500     700     500     900     
	2398   2023 3900    1100    3900    1100    2000    1900    900     400     1100    400     700     2000    1900    600     1100    900     700     200     500     
	2398   2024 1900    -999999 1900    -999999 800     1900    1100    600     -999999 500     600     800     900     600     1300    1100    500     900     800     
	2398   2025 4300    3200    2700    1200    4200    1600    1200    1100    900     3100    1100    2100    1200    500     1600    1000    600     700     1200    
	2398   2026 -999999 -999999 -999999 600     -999999 -999999 -999999 600     300     -999999 -999999 -999999 -999999 -999999 -999999 -999999 -999999 -999999 -999999 
	