EUROPEAN CLIMATE ASSESSMENT & DATASET (ECA&D), file created on: 17-05-2026
THESE DATA CAN BE USED FOR NON-COMMERCIAL RESEARCH AND EDUCATION PROVIDED THAT THE FOLLOWING SOURCE IS ACKNOWLEDGED: 

Klein Tank, A.M.G. and Coauthors, 2002. Daily dataset of 20th-century surface
air temperature and precipitation series for the European Climate Assessment.
Int. J. of Climatol., 22, 1441-1453.
Data and metadata available at http://www.ecad.eu

FILE FORMAT (MISSING VALUE CODE = -999999):

THIS FILE HOLDS DATA FOR STATION NETHERLANDS                              DUIVEN                                   (STAID:   2396)
LATITUDE: dd:mm:ss +51:58:00
LONGITUDE: ddd:mm:ss +006:01:00
ELEVATION: m    9

DATA IS FOR INDEX Maximum no of consecutive dry days (RR < 1 mm) (CDD) with unit 0.01 No of days

01-06 SOUID: Source identifier
08-11 YEAR : YYYY
13-20 ANNUAL DATA VALUES
21-28 WINTER HALF YEAR DATA VALUES
29-36 SUMMER HALF YEAR DATA VALUES
37-44 WINTER (DJF) DATA VALUES
45-52 SPRING (MAM) DATA VALUES
53-60 SUMMER (JJA) DATA VALUES
61-68 AUTUMN (SON) DATA VALUES
69-76 JANUARY DATA VALUES
etc. 
157-164 DECEMBER DATA VALUES

2396   1867 -999999 -999999 1400    -999999 1000    1400    800     -999999 -999999 800     300     1000    1300    400     1000    400     800     500     400     
	2396   1868 1600    500     1600    300     1500    1600    1600    300     300     500     600     1200    1600    1100    500     1600    500     500     300     
	2396   1869 2500    1300    2500    1300    900     2500    700     1300    800     900     600     400     800     1700    1400    600     400     500     1100    
	2396   1870 2600    1900    2600    1900    1500    1100    1900    600     1900    500     900     1500    1100    900     300     1300    600     800     1100    
	2396   1871 1500    1000    1400    900     1000    1400    1200    700     600     1000    500     700     1400    600     1200    800     1100    700     800     
	2396   1872 1100    900     1100    900     800     1100    600     500     700     800     700     600     900     500     1100    600     600     300     700     
	2396   1873 1200    900     1000    900     1000    600     1200    800     900     900     1000    600     500     500     400     1000    500     1200    800     
	2396   1874 1600    900     1100    900     1100    1100    1600    400     900     800     1100    800     800     900     900     400     800     800     800     
	2396   1875 1800    1600    1800    1200    1300    900     1800    600     1200    1100    1300    800     700     800     700     1800    1100    400     900     
	2396   1876 1700    1200    1700    1200    1100    1700    1500    1200    200     600     800     1100    1400    1600    1700    400     1500    400     400     
	2396   1877 1100    700     1100    300     1100    1000    600     300     100     700     1100    700     1000    600     400     600     400     400     500     
	2396   1878 1000    700     1000    700     1000    1000    1000    300     700     300     1000    600     1000    800     600     1000    900     500     900     
	2396   1879 2000    900     800     900     700     600     1200    700     500     400     400     700     400     500     600     800     1200    800     2000    
	2396   1880 -999999 1800    -999999 1700    -999999 -999999 -999999 1700    700     1800    -999999 -999999 -999999 -999999 -999999 -999999 -999999 -999999 -999999 
	2396   1881 -999999 -999999 -999999 -999999 -999999 -999999 -999999 -999999 -999999 -999999 -999999 -999999 -999999 -999999 -999999 -999999 -999999 -999999 -999999 
	2396   1882 -999999 -999999 -999999 -999999 -999999 -999999 -999999 -999999 -999999 -999999 -999999 -999999 -999999 -999999 -999999 -999999 -999999 -999999 -999999 
	2396   1883 -999999 -999999 -999999 -999999 -999999 -999999 -999999 -999999 -999999 -999999 -999999 -999999 -999999 -999999 -999999 -999999 -999999 -999999 -999999 
	2396   1884 -999999 -999999 -999999 -999999 -999999 -999999 -999999 -999999 -999999 -999999 -999999 -999999 -999999 -999999 -999999 -999999 -999999 -999999 -999999 
	2396   1885 -999999 -999999 -999999 -999999 -999999 -999999 -999999 -999999 -999999 -999999 -999999 -999999 -999999 -999999 -999999 -999999 -999999 -999999 -999999 
	2396   1886 -999999 -999999 -999999 -999999 -999999 -999999 -999999 -999999 -999999 -999999 -999999 -999999 -999999 -999999 -999999 -999999 -999999 -999999 -999999 
	2396   1887 -999999 -999999 -999999 -999999 -999999 -999999 -999999 -999999 -999999 -999999 -999999 -999999 -999999 -999999 -999999 -999999 -999999 -999999 -999999 
	2396   1888 -999999 -999999 -999999 -999999 -999999 -999999 -999999 -999999 -999999 -999999 -999999 -999999 -999999 -999999 -999999 -999999 -999999 -999999 -999999 
	2396   1889 -999999 -999999 -999999 -999999 -999999 -999999 -999999 -999999 -999999 -999999 -999999 -999999 -999999 -999999 -999999 -999999 -999999 -999999 -999999 
	2396   1890 -999999 -999999 -999999 -999999 -999999 -999999 -999999 -999999 -999999 -999999 -999999 -999999 -999999 -999999 -999999 -999999 -999999 -999999 -999999 
	2396   1891 -999999 -999999 -999999 -999999 -999999 -999999 -999999 -999999 -999999 -999999 -999999 -999999 -999999 -999999 -999999 -999999 -999999 -999999 -999999 
	2396   1892 -999999 -999999 -999999 -999999 -999999 -999999 -999999 -999999 -999999 -999999 -999999 -999999 -999999 -999999 -999999 -999999 -999999 -999999 -999999 
	2396   1893 -999999 -999999 -999999 -999999 -999999 -999999 -999999 -999999 -999999 -999999 -999999 -999999 -999999 -999999 -999999 -999999 -999999 -999999 -999999 
	2396   1894 -999999 -999999 -999999 -999999 -999999 -999999 -999999 -999999 -999999 -999999 -999999 -999999 -999999 -999999 -999999 -999999 -999999 -999999 -999999 
	2396   1895 -999999 -999999 -999999 -999999 -999999 -999999 -999999 -999999 -999999 -999999 -999999 -999999 -999999 -999999 -999999 -999999 -999999 -999999 -999999 
	2396   1896 -999999 -999999 -999999 -999999 -999999 -999999 -999999 -999999 -999999 -999999 -999999 -999999 -999999 -999999 -999999 -999999 -999999 -999999 -999999 
	2396   1897 -999999 -999999 -999999 -999999 -999999 -999999 -999999 -999999 -999999 -999999 -999999 -999999 -999999 -999999 -999999 -999999 -999999 -999999 -999999 
	2396   1898 -999999 -999999 -999999 -999999 -999999 -999999 -999999 -999999 -999999 -999999 -999999 -999999 -999999 -999999 -999999 -999999 -999999 -999999 -999999 
	2396   1899 -999999 -999999 -999999 -999999 -999999 -999999 -999999 -999999 -999999 -999999 -999999 -999999 -999999 -999999 -999999 -999999 -999999 -999999 -999999 
	2396   1900 -999999 -999999 -999999 -999999 -999999 -999999 -999999 -999999 -999999 -999999 -999999 -999999 -999999 -999999 -999999 -999999 -999999 -999999 -999999 
	2396   1901 -999999 -999999 -999999 -999999 -999999 -999999 -999999 -999999 -999999 -999999 -999999 -999999 -999999 -999999 -999999 -999999 -999999 -999999 -999999 
	2396   1902 -999999 -999999 -999999 -999999 -999999 -999999 -999999 -999999 -999999 -999999 -999999 -999999 -999999 -999999 -999999 -999999 -999999 -999999 -999999 
	2396   1903 -999999 -999999 -999999 -999999 -999999 -999999 -999999 -999999 -999999 -999999 -999999 -999999 -999999 -999999 -999999 -999999 -999999 -999999 -999999 
	2396   1904 -999999 -999999 -999999 -999999 -999999 -999999 -999999 -999999 -999999 -999999 -999999 -999999 -999999 -999999 -999999 -999999 -999999 -999999 -999999 
	2396   1905 -999999 -999999 -999999 -999999 -999999 -999999 -999999 -999999 -999999 -999999 -999999 -999999 -999999 -999999 -999999 -999999 -999999 -999999 -999999 
	2396   1906 -999999 -999999 -999999 -999999 -999999 -999999 -999999 -999999 -999999 -999999 -999999 -999999 -999999 -999999 -999999 -999999 -999999 -999999 -999999 
	2396   1907 -999999 -999999 -999999 -999999 -999999 -999999 -999999 -999999 -999999 -999999 -999999 -999999 -999999 -999999 -999999 -999999 -999999 -999999 -999999 
	2396   1908 -999999 -999999 -999999 -999999 -999999 -999999 -999999 -999999 -999999 -999999 -999999 -999999 -999999 -999999 -999999 -999999 -999999 -999999 -999999 
	2396   1909 -999999 -999999 -999999 -999999 -999999 -999999 -999999 -999999 -999999 -999999 -999999 -999999 -999999 -999999 -999999 -999999 -999999 -999999 -999999 
	2396   1910 -999999 -999999 -999999 -999999 -999999 -999999 -999999 -999999 -999999 -999999 -999999 -999999 -999999 -999999 -999999 -999999 -999999 -999999 -999999 
	2396   1911 -999999 -999999 -999999 -999999 -999999 -999999 -999999 -999999 -999999 -999999 -999999 -999999 -999999 -999999 -999999 -999999 -999999 -999999 -999999 
	2396   1912 -999999 -999999 -999999 -999999 -999999 -999999 -999999 -999999 -999999 -999999 -999999 -999999 -999999 -999999 -999999 -999999 -999999 -999999 -999999 
	2396   1913 -999999 -999999 -999999 -999999 -999999 -999999 -999999 -999999 -999999 -999999 -999999 -999999 -999999 -999999 -999999 -999999 -999999 -999999 -999999 
	2396   1914 -999999 -999999 -999999 -999999 -999999 -999999 -999999 -999999 -999999 -999999 -999999 -999999 -999999 -999999 -999999 -999999 -999999 -999999 -999999 
	2396   1915 -999999 -999999 -999999 -999999 -999999 -999999 -999999 -999999 -999999 -999999 -999999 -999999 -999999 -999999 -999999 -999999 -999999 -999999 -999999 
	2396   1916 -999999 -999999 -999999 -999999 -999999 -999999 -999999 -999999 -999999 -999999 -999999 -999999 -999999 -999999 -999999 -999999 -999999 -999999 -999999 
	2396   1917 -999999 -999999 -999999 -999999 -999999 -999999 -999999 -999999 -999999 -999999 -999999 -999999 -999999 -999999 -999999 -999999 -999999 -999999 -999999 
	2396   1918 -999999 -999999 -999999 -999999 -999999 -999999 -999999 -999999 -999999 -999999 -999999 -999999 -999999 -999999 -999999 -999999 -999999 -999999 -999999 
	2396   1919 -999999 -999999 -999999 -999999 -999999 -999999 -999999 -999999 -999999 -999999 -999999 -999999 -999999 -999999 -999999 -999999 -999999 -999999 -999999 
	2396   1920 -999999 -999999 -999999 -999999 -999999 -999999 -999999 -999999 -999999 -999999 -999999 -999999 -999999 -999999 -999999 -999999 -999999 -999999 -999999 
	2396   1921 -999999 -999999 -999999 -999999 -999999 -999999 -999999 -999999 -999999 -999999 -999999 -999999 -999999 -999999 -999999 -999999 -999999 -999999 -999999 
	2396   1922 -999999 -999999 -999999 -999999 -999999 -999999 -999999 -999999 -999999 -999999 -999999 -999999 -999999 -999999 -999999 -999999 -999999 -999999 -999999 
	2396   1923 -999999 -999999 -999999 -999999 -999999 -999999 -999999 -999999 -999999 -999999 -999999 -999999 -999999 -999999 -999999 -999999 -999999 -999999 -999999 
	2396   1924 -999999 -999999 -999999 -999999 -999999 -999999 -999999 -999999 -999999 -999999 -999999 -999999 -999999 -999999 -999999 -999999 -999999 -999999 -999999 
	2396   1925 -999999 -999999 -999999 -999999 -999999 -999999 -999999 -999999 -999999 -999999 -999999 -999999 -999999 -999999 -999999 -999999 -999999 -999999 -999999 
	2396   1926 -999999 -999999 -999999 -999999 -999999 -999999 -999999 -999999 -999999 -999999 -999999 -999999 -999999 -999999 -999999 -999999 -999999 -999999 -999999 
	2396   1927 -999999 -999999 -999999 -999999 -999999 -999999 -999999 -999999 -999999 -999999 -999999 -999999 -999999 -999999 -999999 -999999 -999999 -999999 -999999 
	2396   1928 -999999 -999999 -999999 -999999 -999999 -999999 -999999 -999999 -999999 -999999 -999999 -999999 -999999 -999999 -999999 -999999 -999999 -999999 -999999 
	2396   1929 -999999 -999999 -999999 -999999 -999999 -999999 -999999 -999999 -999999 -999999 -999999 -999999 -999999 -999999 -999999 -999999 -999999 -999999 -999999 
	2396   1930 -999999 -999999 -999999 -999999 -999999 -999999 -999999 -999999 -999999 -999999 -999999 -999999 -999999 -999999 -999999 -999999 -999999 -999999 -999999 
	2396   1931 -999999 -999999 -999999 -999999 -999999 -999999 -999999 -999999 -999999 -999999 -999999 -999999 -999999 -999999 -999999 -999999 -999999 -999999 -999999 
	2396   1932 -999999 -999999 -999999 -999999 -999999 -999999 -999999 -999999 -999999 -999999 -999999 -999999 -999999 -999999 -999999 -999999 -999999 -999999 -999999 
	2396   1933 -999999 -999999 -999999 -999999 -999999 -999999 -999999 -999999 -999999 -999999 -999999 -999999 -999999 -999999 -999999 -999999 -999999 -999999 -999999 
	2396   1934 -999999 -999999 -999999 -999999 -999999 -999999 -999999 -999999 -999999 -999999 -999999 -999999 -999999 -999999 -999999 -999999 -999999 -999999 -999999 
	2396   1935 -999999 -999999 -999999 -999999 -999999 -999999 -999999 -999999 -999999 -999999 -999999 -999999 -999999 -999999 -999999 -999999 -999999 -999999 -999999 
	2396   1936 -999999 -999999 -999999 -999999 -999999 -999999 -999999 -999999 -999999 -999999 -999999 -999999 -999999 -999999 -999999 -999999 -999999 -999999 -999999 
	2396   1937 -999999 -999999 -999999 -999999 -999999 -999999 -999999 -999999 -999999 -999999 -999999 -999999 -999999 -999999 -999999 -999999 -999999 -999999 -999999 
	2396   1938 -999999 -999999 -999999 -999999 -999999 -999999 -999999 -999999 -999999 -999999 -999999 -999999 -999999 -999999 -999999 -999999 -999999 -999999 -999999 
	2396   1939 -999999 -999999 -999999 -999999 -999999 -999999 -999999 -999999 -999999 -999999 -999999 -999999 -999999 -999999 -999999 -999999 -999999 -999999 -999999 
	2396   1940 -999999 -999999 -999999 -999999 -999999 -999999 -999999 -999999 -999999 -999999 -999999 -999999 -999999 -999999 -999999 -999999 -999999 -999999 -999999 
	2396   1941 -999999 -999999 -999999 -999999 -999999 -999999 -999999 -999999 -999999 -999999 -999999 -999999 -999999 -999999 -999999 -999999 -999999 -999999 -999999 
	2396   1942 -999999 -999999 -999999 -999999 -999999 -999999 -999999 -999999 -999999 -999999 -999999 -999999 -999999 -999999 -999999 -999999 -999999 -999999 -999999 
	2396   1943 -999999 -999999 -999999 -999999 -999999 -999999 -999999 -999999 -999999 -999999 -999999 -999999 -999999 -999999 -999999 -999999 -999999 -999999 -999999 
	2396   1944 -999999 -999999 -999999 -999999 -999999 -999999 -999999 -999999 -999999 -999999 -999999 -999999 -999999 -999999 -999999 -999999 -999999 -999999 -999999 
	2396   1945 -999999 -999999 -999999 -999999 -999999 -999999 -999999 -999999 -999999 -999999 -999999 -999999 -999999 -999999 -999999 -999999 -999999 -999999 -999999 
	2396   1946 -999999 -999999 -999999 -999999 -999999 -999999 -999999 -999999 -999999 -999999 -999999 -999999 -999999 -999999 -999999 -999999 -999999 -999999 -999999 
	2396   1947 -999999 -999999 -999999 -999999 -999999 -999999 -999999 -999999 -999999 -999999 -999999 -999999 -999999 -999999 -999999 -999999 -999999 -999999 -999999 
	2396   1948 -999999 -999999 -999999 -999999 -999999 -999999 -999999 -999999 -999999 -999999 -999999 -999999 -999999 -999999 -999999 -999999 -999999 -999999 -999999 
	2396   1949 -999999 -999999 -999999 -999999 -999999 -999999 -999999 -999999 -999999 -999999 -999999 -999999 -999999 -999999 -999999 -999999 -999999 -999999 -999999 
	2396   1950 -999999 -999999 -999999 -999999 -999999 -999999 -999999 -999999 -999999 -999999 -999999 -999999 -999999 -999999 -999999 -999999 -999999 -999999 -999999 
	2396   1951 2200    -999999 1400    -999999 1000    1000    2200    900     300     900     1000    500     1000    700     700     800     1900    300     600     
	2396   1952 1300    900     1300    800     1300    900     1100    500     800     900     1200    1300    500     900     600     1100    800     400     500     
	2396   1953 2000    1700    1200    800     1600    1200    2000    800     700     1600    1100    1100    1200    600     1000    700     1300    1100    900     
	2396   1954 1800    1800    1500    1800    1700    700     700     1100    700     1700    1100    1200    700     400     500     500     700     600     600     
	2396   1955 1600    1600    1600    1200    1200    1200    800     900     1200    1000    1200    600     900     900     1200    800     700     800     700     
	2396   1956 1500    1300    1300    1300    1500    700     1300    600     1300    1200    600     800     700     300     300     1300    900     800     600     
	2396   1957 1300    800     1200    600     1300    1200    1000    600     400     600     900     800     1200    600     700     300     1000    900     600     
	2396   1958 1400    1400    1400    600     1400    1400    1300    600     300     1400    600     500     1400    900     700     500     800     1300    700     
	2396   1959 2700    2100    2200    2100    1500    1900    2700    600     2000    400     1000    1500    1900    1900    1400    2000    1800    800     800     
	2396   1960 1800    1200    1800    900     1800    900     900     400     900     1200    700     1200    700     900     600     900     400     300     600     
	2396   1961 1700    1700    1200    1100    1700    1200    1200    500     1100    1700    700     900     1200    700     700     600     1200    900     1500    
	2396   1962 2800    1700    1900    1000    1300    1700    2800    400     1000    1300    800     500     1700    500     700     500     2400    600     700     
	2396   1963 2900    2100    1300    1200    900     1200    1200    800     1200    900     600     900     500     1200    300     1200    900     500     2400    
	2396   1964 2400    2400    1500    1300    1200    1200    1000    1300    1200    1200    800     700     500     800     1200    800     700     900     700     
	2396   1965 1500    1500    1100    1100    1300    1000    1400    400     1100    1300    400     800     800     300     600     1100    1400    700     500     
	2396   1966 2100    1000    2100    1000    600     1600    1500    1000    600     400     300     600     1600    300     800     1500    800     400     200     
	2396   1967 1200    900     1200    900     1000    1200    1100    900     900     700     800     300     1100    900     1200    700     300     1100    400     
	2396   1968 2300    1200    1900    800     1900    600     1200    400     800     700     1900    500     600     500     400     600     1000    1200    1600    
	2396   1969 2200    1700    2200    1200    900     1200    2000    1200    800     900     800     500     1000    1200    900     2000    2000    300     700     
	2396   1970 1300    1300    1300    600     1200    1000    1300    500     400     800     300     1200    1000    300     900     1300    1200    900     1000    
	2396   1971 2100    1200    2100    1200    2000    2000    2100    1200    800     500     1500    1200    600     1900    500     2100    1200    600     900     
	2396   1972 3100    1500    1700    1300    1500    1200    3100    1000    900     1500    600     500     500     1200    1200    1200    1900    600     1800    
	2396   1973 3700    2300    2600    2300    1600    2600    1200    1900    500     1600    600     400     2600    600     2100    1200    900     700     600     
	2396   1974 2400    900     2200    900     2400    900     400     500     900     800     2200    700     900     600     900     300     400     400     500     
	2396   1975 1900    1100    1900    1100    1800    1000    1400    600     1100    300     700     1800    700     600     1000    600     1400    800     1100    
	2396   1976 2500    1500    2500    1500    2500    2300    900     500     1500    1100    2300    600     1700    800     2300    600     800     500     500     
	2396   1977 2300    800     1700    600     1100    1700    2300    400     500     700     500     1100    1100    1600    600     1600    2300    300     1100    
	2396   1978 1400    1100    1300    1100    1200    1000    1400    1100    700     500     900     1200    800     1000    1000    700     1400    1000    800     
	2396   1979 1400    800     1100    800     600     800     1400    800     700     300     600     500     500     800     600     1100    1100    400     300     
	2396   1980 2000    1600    2000    1400    2000    700     1100    1400    1400    700     900     1900    500     700     700     700     700     500     500     
	2396   1981 1800    1600    1800    1600    1100    1800    700     1200    1600    600     600     600     400     600     1800    700     300     400     600     
	2396   1982 2000    1600    2000    1600    1600    2000    1400    1600    1400    900     1600    900     800     1700    400     1400    800     600     400     
	2396   1983 3200    1700    2200    1700    1300    2200    3200    200     1700    1300    800     300     700     2200    1100    1100    1300    1900    800     
	2396   1984 2100    2100    2100    1100    1300    1800    2000    100     1100    1300    1300    500     1400    700     1800    300     700     1400    700     
	2396   1985 2200    2000    1200    2000    800     1200    2200    500     2000    500     800     700     300     1200    400     900     2200    600     500     
	2396   1986 3500    3500    1500    3200    1400    1100    2100    400     2800    1400    1100    500     700     900     700     1500    1000    900     500     
	2396   1987 1800    1600    1800    1600    1200    1800    1200    1600    700     1200    1000    700     300     1500    400     500     600     900     900     
	2396   1988 2000    1100    2000    1100    1300    2000    1200    1100    400     400     1100    1300    2000    300     700     600     1100    700     500     
	2396   1989 2000    1000    2000    1000    1800    1700    1200    1000    600     700     400     1800    1700    700     900     800     600     1200    800     
	2396   1990 1700    800     1700    800     1600    1700    1700    800     600     800     500     1600    1000    1700    800     400     1700    500     800     
	2396   1991 2600    2100    2600    2100    1600    1200    1400    1100    1000    1100    900     900     200     1100    1200    1400    1100    1000    1500    
	2396   1992 1900    1300    1900    1300    1800    1900    1000    1200    600     500     1100    1800    1100    1100    800     1000    700     200     900     
	2396   1993 1700    1000    1600    900     1600    900     1700    400     900     1000    800     800     900     400     600     500     1100    1600    200     
	2396   1994 1800    1200    1400    1200    1400    1300    1800    400     1200    400     1400    500     1100    1300    900     500     1800    500     400     
	2396   1995 2600    1200    2600    600     1100    2600    1100    600     500     600     800     700     1300    1000    2200    1000    1100    700     1700    
	2396   1996 3400    3400    2000    3400    2000    1300    900     2400    1000    1600    2000    1200    1300    1100    800     900     800     600     1200    
	2396   1997 2000    1800    2000    1800    1900    2000    1800    1800    500     1200    1900    1000    600     700     2000    1600    1500    600     600     
	2396   1998 1800    1300    1800    1300    1600    1800    800     1000    1300    800     300     1600    400     600     1700    800     400     700     300     
	2396   1999 2500    700     2500    600     1200    1200    1400    600     300     700     800     900     1000    900     1100    1400    1100    600     200     
	2396   2000 1400    1200    1400    1200    800     1400    800     1200    300     800     600     700     800     600     1400    800     400     300     700     
	2396   2001 1300    1100    1200    1100    1000    1200    1100    1100    400     400     400     1000    1200    700     800     300     1100    700     1300    
	2396   2002 2300    1100    1300    1100    2300    900     1000    1000    600     1000    1300    600     500     500     900     1000    800     900     1200    
	2396   2003 2300    2200    2300    2200    2300    2100    1200    900     2200    2000    2300    700     1200    1200    1600    1100    900     1200    1000    
	2396   2004 1300    800     1300    700     1300    1200    1300    400     700     800     1300    1100    500     600     600     1200    1300    300     1100    
	2396   2005 1800    1300    1400    800     800     1100    1800    600     800     500     600     800     1100    1100    900     800     1800    600     700     
	2396   2006 2700    1500    2700    1500    1500    2600    2700    1100    500     1300    900     1500    2400    2100    600     2700    700     500     1000    
	2396   2007 3700    1000    3500    1000    3700    900     1300    400     700     1000    3000    500     700     500     900     600     1300    1000    1500    
	2396   2008 1800    1800    1500    1800    1500    900     1000    500     1800    700     900     1300    700     500     900     1000    700     600     1200    
	2396   2009 1500    1000    1500    1000    1000    900     1500    800     500     1000    900     800     900     500     700     1500    800     400     700     
	2396   2010 2000    900     2000    900     2000    1300    1400    900     600     700     2000    1400    1100    1000    400     500     1200    1400    500     
	2396   2011 2300    1300    1500    700     1500    600     2300    600     700     1200    1500    800     400     500     400     1300    1200    2300    300     
	2396   2012 2900    2400    1000    900     2900    800     1100    500     900     2400    500     600     300     700     800     1000    1100    700     100     
	2396   2013 2000    1100    2000    800     1900    2000    1400    600     800     1100    800     600     1100    2000    700     1200    500     800     500     
	2396   2014 1700    1700    1700    600     1700    800     1700    500     600     1700    600     900     800     500     300     1700    500     600     600     
	2396   2015 1500    1500    1200    900     1500    800     1300    400     900     1500    1200    1000    700     300     800     600     900     400     500     
	2396   2016 1800    1300    1300    500     1100    1100    1300    500     400     1100    600     1100    1100    700     1000    1300    1100    900     900     
	2396   2017 1400    1400    1400    1400    1000    1400    700     1400    500     800     1000    700     1400    400     900     400     700     400     300     
	2396   2018 2400    1700    1700    1400    900     1700    2400    400     1400    500     900     800     800     1600    600     700     2400    1500    500     
	2396   2019 1800    1800    1600    1700    1000    1600    600     400     1700    700     1000    900     1100    1100    900     600     500     400     700     
	2396   2020 2000    1800    1800    400     2000    1200    1800    300     400     1800    1400    1000    700     700     1200    1800    600     800     400     
	2396   2021 -999999 -999999 1300    -999999 1000    -999999 1100    -999999 600     900     1000    500     1300    -999999 500     1100    600     600     800     
	2396   2022 3300    3300    1900    700     2900    1400    1100    700     400     2900    1400    1000    900     800     1400    500     1100    700     1000    
	2396   2023 2800    1000    2800    1000    900     1900    900     500     1000    500     700     900     1900    300     1200    900     700     300     400     
	2396   2024 1100    -999999 1000    -999999 1000    800     1100    700     -999999 400     500     1000    800     600     400     1000    500     900     700     
	2396   2025 2200    2200    1900    1200    2100    1600    1500    1200    900     2100    1100    1900    1100    800     1600    1300    500     700     1300    
	2396   2026 -999999 -999999 -999999 1300    -999999 -999999 -999999 1300    500     -999999 -999999 -999999 -999999 -999999 -999999 -999999 -999999 -999999 -999999 
	