EUROPEAN CLIMATE ASSESSMENT & DATASET (ECA&D), file created on: 17-05-2026
THESE DATA CAN BE USED FOR NON-COMMERCIAL RESEARCH AND EDUCATION PROVIDED THAT THE FOLLOWING SOURCE IS ACKNOWLEDGED: 

Klein Tank, A.M.G. and Coauthors, 2002. Daily dataset of 20th-century surface
air temperature and precipitation series for the European Climate Assessment.
Int. J. of Climatol., 22, 1441-1453.
Data and metadata available at http://www.ecad.eu

FILE FORMAT (MISSING VALUE CODE = -999999):

THIS FILE HOLDS DATA FOR STATION NETHERLANDS                              WESTKAPELLE                              (STAID:   2549)
LATITUDE: dd:mm:ss +51:31:59
LONGITUDE: ddd:mm:ss +003:27:00
ELEVATION: m    1

DATA IS FOR INDEX Maximum no of consecutive dry days (RR < 1 mm) (CDD) with unit 0.01 No of days

01-06 SOUID: Source identifier
08-11 YEAR : YYYY
13-20 ANNUAL DATA VALUES
21-28 WINTER HALF YEAR DATA VALUES
29-36 SUMMER HALF YEAR DATA VALUES
37-44 WINTER (DJF) DATA VALUES
45-52 SPRING (MAM) DATA VALUES
53-60 SUMMER (JJA) DATA VALUES
61-68 AUTUMN (SON) DATA VALUES
69-76 JANUARY DATA VALUES
etc. 
157-164 DECEMBER DATA VALUES

2549   1950 -999999 -999999 -999999 -999999 -999999 -999999 -999999 -999999 -999999 -999999 -999999 -999999 -999999 -999999 -999999 -999999 -999999 -999999 -999999 
	2549   1951 2500    -999999 1500    -999999 1300    1000    2500    500     400     900     1300    400     1000    1000    300     800     2000    300     1300    
	2549   1952 2600    1000    2600    1000    2600    1100    900     400     1000    700     2300    800     800     1100    900     900     600     300     600     
	2549   1953 3800    3800    1500    1200    2700    1500    1700    1200    1100    2700    1000    1300    1000    700     1400    900     700     1700    800     
	2549   1954 2600    1600    2600    1600    2600    700     700     1000    600     1100    2600    900     500     700     700     400     700     600     700     
	2549   1955 2000    2000    1900    1600    1900    1500    800     900     1600    1200    1900    800     800     1400    1200    800     800     500     700     
	2549   1956 2500    900     2500    800     2500    1000    1400    500     800     900     1700    1300    1000    800     400     1400    600     1100    1000    
	2549   1957 1400    1300    1100    1300    1100    1100    1400    1300    400     600     700     800     700     400     700     300     1400    800     600     
	2549   1958 1900    1400    1200    600     1400    1200    1900    500     400     1400    1000    700     1100    1200    500     700     800     1900    600     
	2549   1959 2500    2100    2400    2100    2400    1600    2500    600     2000    300     800     2400    1600    1300    1500    2000    1600    800     900     
	2549   1960 1700    1400    1700    700     1700    1400    900     400     700     1400    1700    1100    1400    400     800     900     300     400     600     
	2549   1961 1800    1800    900     1400    1700    900     1200    900     1400    1700    500     900     700     900     900     600     800     1200    700     
	2549   1962 2300    2000    2300    1300    1800    1900    2100    600     1300    1000    1400    500     1900    700     800     1000    2100    600     700     
	2549   1963 2400    1800    1400    1500    800     800     1500    1500    1000    800     700     800     600     700     300     1300    1100    900     1500    
	2549   1964 1700    1700    1700    1500    1100    1600    1000    1500    1000    1100    800     1100    800     1000    1300    800     800     900     700     
	2549   1965 1400    1400    1100    1300    1300    1100    1400    400     1100    1300    600     700     800     300     800     600     1400    600     300     
	2549   1966 1700    1000    1600    1000    1100    1300    1700    1000    500     500     600     1100    400     400     1300    1600    400     300     200     
	2549   1967 1800    1300    1800    900     1300    1800    1000    900     900     1300    900     500     1800    800     1200    700     700     1000    400     
	2549   1968 2600    1300    1300    800     1300    1100    1200    500     800     700     1300    1100    600     800     800     600     1200    1100    1900    
	2549   1969 2600    1100    2600    900     1100    1300    2500    900     400     1100    1000    400     1100    1300    900     2500    2000    300     900     
	2549   1970 3700    1400    3700    600     1600    2100    1400    500     400     500     300     1600    2100    800     1200    1400    1300    700     1300    
	2549   1971 2300    1200    2300    1200    1000    2300    1500    700     900     800     900     600     600     2100    800     1300    1100    400     1800    
	2549   1972 3100    1500    1900    1000    1500    1200    3100    800     800     1500    800     500     700     900     1200    1200    1900    500     1500    
	2549   1973 2800    2500    2100    1800    2500    2100    1600    1300    600     2500    500     400     1700    700     2100    1600    900     1000    500     
	2549   1974 2100    1100    1300    900     2100    1100    800     500     600     1100    1300    800     900     500     1100    800     400     400     700     
	2549   1975 1500    1500    1500    1000    1400    1000    1500    800     1000    500     1100    1400    1000    600     800     800     1500    700     900     
	2549   1976 2500    1300    2500    1300    1700    2500    700     700     1100    700     1600    800     1800    1200    2500    400     700     400     500     
	2549   1977 1600    600     1600    600     1100    900     1000    400     400     500     500     1100    600     800     700     700     1000    500     600     
	2549   1978 2300    800     2300    700     1700    2100    1200    700     700     500     900     1700    700     2100    1600    1200    800     900     700     
	2549   1979 1400    700     1400    700     500     1200    1400    600     700     500     500     500     700     900     500     1400    1100    600     400     
	2549   1980 2300    1400    2300    1400    2300    800     1100    1400    600     1200    1100    1900    800     800     800     800     400     800     500     
	2549   1981 2200    1300    2200    1300    1100    1100    1100    400     1300    500     1000    700     700     800     1100    1100    300     600     300     
	2549   1982 1700    1500    1700    1500    1600    1200    1700    1500    1500    900     1600    800     900     1200    400     1700    800     900     800     
	2549   1983 1900    1700    1900    1700    1300    1900    1700    400     1700    1300    500     500     1900    1700    1300    600     1000    1400    900     
	2549   1984 2300    1600    2300    1100    2300    2200    1600    500     1100    1300    1900    800     800     1400    2200    400     800     1400    800     
	2549   1985 2200    2000    2200    2000    1100    2200    1900    800     2000    800     1100    700     500     1700    500     1600    1900    500     400     
	2549   1986 3000    2500    1300    2500    1100    1100    3000    400     2500    1100    500     700     1100    1000    600     1300    1700    600     700     
	2549   1987 1700    1400    1300    1400    1300    1300    1100    1300    1100    1300    900     700     400     1300    1100    500     1100    1000    1400    
	2549   1988 1500    1200    1500    1200    1100    1500    700     300     1200    300     1100    700     1500    300     900     700     500     700     700     
	2549   1989 2200    2200    1800    2200    1800    1300    1200    1000    1200    800     500     1800    1200    1300    1000    900     400     1200    1000    
	2549   1990 2000    1000    2000    700     2000    1900    1000    500     600     1000    900     2000    1000    1800    1600    600     1000    600     700     
	2549   1991 2300    2000    2200    2000    1600    1700    1400    1300    1100    1100    1000    1600    600     700     1000    1400    700     800     1500    
	2549   1992 1700    1300    1700    1300    1700    1300    1300    1200    1300    400     1300    1700    1000    700     600     900     500     600     1200    
	2549   1993 2200    2200    1700    2200    1600    1700    1800    700     1900    1600    800     700     1400    300     600     300     1000    1400    500     
	2549   1994 2000    1100    2000    1100    900     2000    2000    400     1100    400     900     700     1600    2000    600     600     2000    800     400     
	2549   1995 2900    1300    2900    400     1000    2900    1200    200     300     600     800     800     1300    800     2500    500     1200    1200    1600    
	2549   1996 2300    2300    1900    2300    1900    1800    1200    2100    500     1500    1900    500     1300    1800    900     1200    400     400     1100    
	2549   1997 2300    1800    2200    1800    1900    2200    2300    1700    300     1200    1900    1100    500     1200    2200    1800    900     500     700     
	2549   1998 1700    1600    1700    1600    1700    1600    900     1100    1400    1400    300     1700    300     1000    1600    900     600     600     300     
	2549   1999 1200    900     1100    700     1000    1100    1200    400     400     900     400     1000    900     900     600     900     1200    500     200     
	2549   2000 1900    1900    1500    700     1900    1500    800     700     400     1900    600     600     1500    800     900     800     400     300     700     
	2549   2001 1500    800     1500    800     1500    1300    700     800     800     500     300     1500    800     1000    600     300     600     700     1500    
	2549   2002 1900    1100    1300    1000    1900    1000    1000    900     400     1100    1200    700     1000    600     700     1000    400     600     900     
	2549   2003 2100    2100    1900    2100    1600    1900    1400    300     2100    1600    1300    600     800     1300    1700    1000    1400    900     1000    
	2549   2004 1800    1400    1200    1400    1200    800     1100    300     1400    600     1000    1200    800     400     400     1100    900     700     1600    
	2549   2005 1700    1200    1700    900     1200    1700    1500    600     700     1200    700     900     800     1700    600     900     1500    500     800     
	2549   2006 1500    1300    1500    1200    1500    1400    1500    700     600     1300    900     1500    1100    1000    500     1500    1000    400     1000    
	2549   2007 3600    900     3500    900     3600    1000    1000    500     800     700     3000    500     600     500     1000    700     1000    700     1400    
	2549   2008 1800    1800    1300    1800    1300    1100    1000    800     1800    300     1200    1300    1100    500     700     1000    900     700     1100    
	2549   2009 2000    1200    2000    900     1500    2000    1600    800     600     1200    900     1200    1500    500     1500    1600    800     500     900     
	2549   2010 2100    1300    2100    1100    2100    1200    800     1000    1100    1300    2100    1200    1100    600     500     600     800     700     1100    
	2549   2011 1800    1800    1600    700     1700    1000    1700    600     700     1700    1600    1600    400     900     400     1200    600     1700    500     
	2549   2012 2100    1400    1200    1100    2100    1000    800     1100    1100    1400    700     1200    600     600     1000    800     500     400     200     
	2549   2013 2300    900     2300    800     1600    2300    1300    500     800     800     1000    600     1100    2300    900     1100    500     300     1200    
	2549   2014 2100    1600    2100    500     1600    1700    1900    400     400     1600    900     700     1700    700     500     1900    300     600     400     
	2549   2015 2000    2000    1300    1700    2000    900     1300    400     1700    2000    1300    1300    800     500     900     600     1000    300     500     
	2549   2016 1700    1600    1700    700     1600    1400    1400    300     700     1600    500     700     700     1400    700     1400    1000    700     900     
	2549   2017 2400    1300    1300    1300    2400    1300    700     1300    400     1100    1300    900     1300    500     1000    500     700     600     400     
	2549   2018 5600    1000    5600    900     1100    5600    1400    400     900     400     1100    900     3000    2600    1000    900     1400    1200    800     
	2549   2019 1900    1900    1700    1800    1600    1700    1000    400     1800    1500    1600    900     1200    500     1300    1000    500     400     500     
	2549   2020 3700    2000    3300    900     3700    1200    1900    900     500     2000    1700    3000    900     900     1200    1900    400     900     300     
	2549   2021 -999999 -999999 1600    -999999 1300    1200    1600    -999999 600     800     1300    700     1200    1100    600     1600    500     600     1100    
	2549   2022 2900    2900    2100    1000    2900    2100    700     1000    500     2900    1800    1000    900     1900    1500    400     700     500     700     
	2549   2023 3900    1200    3900    1200    2000    1900    1800    600     1200    400     600     2000    1900    600     900     1000    1000    300     600     
	2549   2024 1200    -999999 1200    -999999 700     1100    900     600     -999999 400     600     700     1100    600     700     900     700     500     1000    
	2549   2025 3000    1500    3000    1200    3000    1800    1100    1200    900     1500    1300    2300    1000    600     1800    800     1000    1100    900     
	2549   2026 -999999 -999999 -999999 600     -999999 -999999 -999999 600     300     -999999 -999999 -999999 -999999 -999999 -999999 -999999 -999999 -999999 -999999 
	