EUROPEAN CLIMATE ASSESSMENT & DATASET (ECA&D), file created on: 17-05-2026
THESE DATA CAN BE USED FOR NON-COMMERCIAL RESEARCH AND EDUCATION PROVIDED THAT THE FOLLOWING SOURCE IS ACKNOWLEDGED: 

Klein Tank, A.M.G. and Coauthors, 2002. Daily dataset of 20th-century surface
air temperature and precipitation series for the European Climate Assessment.
Int. J. of Climatol., 22, 1441-1453.
Data and metadata available at http://www.ecad.eu

FILE FORMAT (MISSING VALUE CODE = -999999):

THIS FILE HOLDS DATA FOR STATION NETHERLANDS                              ROTTUM FR                                (STAID:  20595)
LATITUDE: dd:mm:ss +52:55:54
LONGITUDE: ddd:mm:ss +005:52:53
ELEVATION: m   -1

DATA IS FOR INDEX Maximum no of consecutive dry days (RR < 1 mm) (CDD) with unit 0.01 No of days

01-06 SOUID: Source identifier
08-11 YEAR : YYYY
13-20 ANNUAL DATA VALUES
21-28 WINTER HALF YEAR DATA VALUES
29-36 SUMMER HALF YEAR DATA VALUES
37-44 WINTER (DJF) DATA VALUES
45-52 SPRING (MAM) DATA VALUES
53-60 SUMMER (JJA) DATA VALUES
61-68 AUTUMN (SON) DATA VALUES
69-76 JANUARY DATA VALUES
etc. 
157-164 DECEMBER DATA VALUES

20595  1885 -999999 -999999 1500    -999999 -999999 1500    900     -999999 -999999 -999999 1300    400     900     1100    900     300     300     900     1300    
	20595  1886 4300    4300    1500    2400    1900    1500    1200    800     2400    1800    600     1000    900     700     700     1200    1100    400     600     
	20595  1887 2800    2800    2500    1800    2100    2500    1800    1100    1800    2100    1900    400     2200    1400    900     900     600     1800    1300    
	20595  1888 -999999 1200    -999999 1200    3300    -999999 -999999 1200    900     900     600     3000    -999999 -999999 -999999 -999999 -999999 -999999 -999999 
	20595  1889 -999999 -999999 -999999 -999999 -999999 -999999 -999999 -999999 -999999 -999999 -999999 -999999 -999999 -999999 -999999 -999999 -999999 -999999 -999999 
	20595  1890 -999999 -999999 -999999 -999999 -999999 -999999 -999999 -999999 -999999 -999999 -999999 -999999 -999999 -999999 -999999 -999999 -999999 -999999 -999999 
	20595  1891 -999999 -999999 -999999 -999999 1100    900     -999999 -999999 -999999 900     1100    500     900     400     400     -999999 -999999 -999999 -999999 
	20595  1892 2000    -999999 1400    -999999 1800    1300    1000    2000    800     1100    1500    1100    400     1100    1300    900     400     1000    1100    
	20595  1893 2800    1500    2700    1500    2800    2200    600     1500    600     1300    1500    1200    2200    1100    1300    600     600     600     600     
	20595  1894 3300    1900    1600    900     3300    1100    1600    900     900     1900    1400    1300    1000    500     800     1600    400     1000    1200    
	20595  1895 2000    1200    2000    1200    1400    1000    1700    600     1100    800     1400    1100    1000    800     800     1600    400     700     1200    
	20595  1896 1800    1200    1500    1200    1300    1000    1600    1100    1200    800     1000    1300    600     1000    600     400     200     1600    500     
	20595  1897 2500    800     1300    800     1000    1300    2500    800     600     700     1000    900     800     1300    400     900     1200    1300    1500    
	20595  1898 1400    1000    1400    1000    1200    1400    1300    1000    400     1000    1200    900     1100    1300    1400    1100    1000    1000    600     
	20595  1899 3000    2700    3000    900     1800    2500    1300    800     900     1800    1000    500     2500    900     1400    600     1300    900     700     
	20595  1900 2100    1300    2100    1300    2100    1200    1000    400     1000    1200    1500    1200    500     1200    700     800     600     1000    600     
	20595  1901 1800    1800    1800    1800    1800    1400    1700    1800    900     1200    900     1800    1300    1100    1400    1300    1000    700     500     
	20595  1902 1800    1400    1300    1400    1100    1300    1800    500     1400    700     1100    400     1300    1000    500     1300    500     1100    1100    
	20595  1903 1500    1300    1500    1300    900     1500    1100    1300    800     900     500     900     1100    400     300     1100    400     700     2200    
	20595  1904 2800    1100    1700    1100    1000    1700    1700    1100    700     700     1000    1000    700     1700    600     1700    600     900     600     
	20595  1905 1800    1200    1800    1200    1800    1100    1500    1200    800     600     700     1800    800     1100    600     1500    300     1000    500     
	20595  1906 1800    800     1700    600     1800    1500    1300    400     600     800     1700    600     1200    1000    700     1200    700     500     900     
	20595  1907 2300    1200    2300    1200    1600    1800    2300    1000    1100    1100    1100    600     400     1800    500     2300    500     1100    800     
	20595  1908 1800    1800    1800    1300    1800    1800    1300    900     600     1800    1100    800     1200    1200    600     900     1300    700     1300    
	20595  1909 2300    2300    1200    1300    1100    1200    500     1300    1200    1100    1000    1000    800     600     1200    500     400     500     800     
	20595  1910 1900    1300    1100    1000    1600    1100    1900    1000    400     1300    300     1000    1100    1100    900     800     1800    400     700     
	20595  1911 3000    1200    2500    1200    3000    1500    600     1200    800     700     2500    1000    1100    1400    1500    600     600     500     300     
	20595  1912 2000    1100    2000    1100    2000    1600    1300    1100    600     700     1900    500     400     1600    500     1300    1000    300     400     
	20595  1913 3500    1600    3500    1600    1200    2200    2500    1500    1600    400     1100    700     700     800     2200    1300    2400    600     1000    
	20595  1914 3700    1800    3700    1800    1400    2800    1300    1800    800     800     1300    1400    800     1500    2800    900     1100    600     500     
	20595  1915 2600    1100    2600    700     2600    1100    2200    700     600     700     1400    1200    1100    600     700     2200    1500    600     400     
	20595  1916 3000    1200    3000    1200    1400    3000    1300    1100    300     900     1000    600     800     1700    1300    1100    700     900     400     
	20595  1917 2000    2000    1500    1700    1500    1100    1000    1400    1000    1000    1000    1200    900     1100    500     800     200     1000    700     
	20595  1918 1900    1700    1900    1300    1700    1900    1000    800     700     1700    500     1100    800     700     1900    200     900     900     300     
	20595  1919 2200    1100    2200    1100    2200    1900    1800    800     1100    500     900     2200    700     900     1500    1800    800     1000    700     
	20595  1920 2900    1400    1400    1400    900     1400    2900    600     1400    900     300     800     1400    400     800     1200    1600    1400    1300    
	20595  1921 3600    1600    2100    1600    1800    2100    3600    400     1300    900     1200    1800    1000    2100    800     1700    1900    2200    900     
	20595  1922 2100    2000    2100    1200    2000    1000    1600    700     1200    2000    900     1300    1000    600     400     800     1400    1600    700     
	20595  1923 3700    1600    3700    1300    1600    3700    1000    600     1300    1600    1100    700     1500    2200    1300    1000    200     700     600     
	20595  1924 2000    2000    2000    1900    2000    2000    1500    700     1700    2000    1100    700     1800    1000    700     500     1000    1500    1200    
	20595  1925 2100    1000    2100    1000    1200    2000    1100    1000    500     500     1000    1200    2000    1000    900     600     700     700     600     
	20595  1926 1700    900     1700    700     1000    1700    1000    700     700     900     600     800     1300    1200    600     800     800     400     800     
	20595  1927 1900    1400    1700    1400    1700    800     1100    1000    1400    1300    800     1200    500     800     600     700     1100    600     1300    
	20595  1928 2100    1600    2100    1000    1900    2100    1100    300     1000    1300    1100    1000    1000    2100    800     1100    700     600     500     
	20595  1929 5000    5000    2200    2900    2100    1400    800     1300    2800    2100    1000    2100    600     1400    800     800     600     300     700     
	20595  1930 2100    2100    1400    1500    1400    1000    800     400     1400    900     900     600     1000    500     800     500     800     700     700     
	20595  1931 1400    1200    1000    500     1200    1000    1400    500     500     1200    400     900     600     500     800     700     1300    1400    700     
	20595  1932 2200    2200    2000    2200    1800    2000    900     1500    1200    1800    1200    800     2000    500     1500    500     200     900     1200    
	20595  1933 3300    1200    1400    1200    1400    1300    1200    800     1000    1200    700     1400    1000    1300    700     1200    500     700     2600    
	20595  1934 2100    2100    1900    2100    1500    1500    1600    700     2100    900     700     1500    1300    1200    700     800     400     1600    600     
	20595  1935 1800    1500    1800    700     1800    1000    700     700     400     1500    600     1200    500     1000    900     700     400     500     600     
	20595  1936 2700    2700    1500    1100    2700    1300    1000    400     1100    2700    900     900     800     500     1300    600     600     1000    1200    
	20595  1937 1500    1000    1500    1000    1200    1500    1300    600     200     500     600     1200    700     800     900     500     800     700     1000    
	20595  1938 2300    2300    1400    1300    2300    1100    1400    300     1300    2300    1400    900     600     1000    600     900     1000    1400    1200    
	20595  1939 2500    1300    2500    1300    1500    1500    1100    500     800     600     600     1500    1000    500     1500    1100    500     400     2000    
	20595  1940 1200    800     1200    800     900     1100    800     800     700     400     800     900     1100    200     700     700     800     400     500     
	20595  1941 1800    1200    1800    1200    1400    1800    1500    1100    600     1100    1100    1200    1600    900     500     1500    800     800     500     
	20595  1942 3000    1800    3000    1800    3000    1200    700     1800    1100    1300    2000    1000    1200    400     700     700     300     600     800     
	20595  1943 3700    3700    1900    1400    2300    1900    1800    800     1400    2300    1100    1100    900     1900    500     1200    1600    600     1700    
	20595  1944 2900    1400    2900    1400    900     2900    800     600     1400    800     900     800     900     1200    2800    600     800     300     1400    
	20595  1945 1600    1400    1400    1400    1400    1200    1300    1400    300     1100    800     1400    400     1200    700     1300    600     1200    600     
	20595  1946 3000    2500    2200    1500    3000    800     1400    1500    400     2100    2200    1500    700     800     400     700     1400    300     1200    
	20595  1947 3100    2900    3100    2900    2500    2500    1000    1700    1200    500     1100    2500    900     1300    2500    700     800     400     700     
	20595  1948 -999999 2100    -999999 1500    1900    -999999 -999999 400     1500    900     1900    1100    -999999 -999999 -999999 -999999 -999999 -999999 -999999 
	20595  1949 -999999 -999999 -999999 -999999 -999999 -999999 -999999 -999999 -999999 -999999 -999999 -999999 -999999 -999999 -999999 -999999 -999999 -999999 -999999 
	20595  1950 -999999 -999999 -999999 -999999 -999999 -999999 -999999 -999999 -999999 -999999 -999999 -999999 -999999 -999999 -999999 -999999 -999999 -999999 -999999 
	20595  1951 2400    -999999 1700    -999999 1100    1000    2400    900     500     900     1100    600     1000    900     600     900     1900    300     700     
	20595  1952 1400    1000    1400    500     1400    900     700     500     400     1000    1200    1400    700     900     700     700     700     600     800     
	20595  1953 2400    1700    1400    800     1700    1100    1600    800     600     1700    1100    1300    1100    500     800     700     800     1600    800     
	20595  1954 1800    1800    1300    1800    1600    700     600     1100    700     1600    1200    1300    400     400     700     300     500     600     700     
	20595  1955 1500    1500    1400    1100    1200    1400    800     900     1100    600     1200    400     800     1300    700     700     800     600     300     
	20595  1956 1400    1100    900     800     1400    700     900     500     700     1100    900     800     700     400     400     900     700     800     600     
	20595  1957 2000    1100    2000    1100    1300    2000    600     1100    300     500     1000    800     2000    300     800     400     500     600     1000    
	20595  1958 1800    1100    1100    600     1100    1000    1700    500     300     1100    600     400     1000    900     600     500     900     1700    500     
	20595  1959 3500    2000    3500    2000    2800    1500    2100    600     1400    400     1300    2800    1500    1500    800     2000    1700    700     500     
	20595  1960 1600    1200    1600    500     1600    700     1100    300     500     1200    900     1200    700     300     400     900     200     300     300     
	20595  1961 1500    1000    1000    1000    1000    800     1400    600     1000    900     500     1000    800     600     700     700     700     1400    1500    
	20595  1962 2100    1200    1000    1100    1000    800     2100    400     1100    500     1000    400     800     800     300     300     2100    1100    700     
	20595  1963 2400    2400    1300    1600    900     800     1200    1500    1600    800     600     900     800     700     500     1200    900     500     1700    
	20595  1964 2400    2400    1100    1100    1800    900     1000    1100    600     1800    800     1100    800     900     500     800     600     900     700     
	20595  1965 2100    800     2100    700     800     2100    1300    500     700     600     400     600     700     600     1900    700     1300    600     300     
	20595  1966 1600    900     1600    900     1200    1000    1500    900     500     600     300     1200    1000    300     600     1500    800     300     300     
	20595  1967 1200    1000    1200    1000    800     1200    800     1000    800     700     800     400     1200    700     1100    700     200     700     500     
	20595  1968 1700    1300    1700    1300    1700    800     1000    500     1300    900     1700    600     800     800     800     700     800     1000    1400    
	20595  1969 2000    1300    1500    900     1200    1300    2000    900     400     1200    900     700     1000    1300    600     1500    2000    200     600     
	20595  1970 2700    1200    2700    800     1300    2200    1300    800     400     800     300     1300    2200    400     900     1300    1100    700     1200    
	20595  1971 1900    1000    1500    1000    1900    1200    1500    500     700     500     1500    900     700     1100    500     1200    1100    400     900     
	20595  1972 3000    1600    2000    1300    1600    1200    3000    1000    800     1600    700     700     300     1000    1200    1200    1800    300     1800    
	20595  1973 2400    1300    2400    1300    900     2400    1200    1300    700     900     400     800     2400    500     2100    1200    900     600     400     
	20595  1974 3400    1100    2300    1100    3400    1300    800     500     1100    1100    2300    1000    800     500     1300    800     500     400     500     
	20595  1975 2000    1200    2000    1100    1400    2000    1400    800     1100    800     900     1400    1100    700     1400    900     1400    800     700     
	20595  1976 2500    1300    2500    1300    1800    2500    1200    500     1100    1100    1600    800     1600    1200    2500    1200    1000    500     300     
	20595  1977 1900    1000    1900    500     1800    1500    1800    300     500     600     400     1800    1100    1500    500     1800    1500    200     900     
	20595  1978 1700    1100    1700    1100    1700    1400    1400    1100    900     500     1700    1000    1400    1200    600     600     1400    900     800     
	20595  1979 1200    1000    1100    1000    800     1100    1200    1000    600     500     500     800     900     700     1100    1000    900     300     400     
	20595  1980 2200    1500    2200    1500    2200    1600    700     1500    1400    800     800     2200    700     1000    600     700     600     500     300     
	20595  1981 3200    1300    2700    1300    3200    900     1100    800     1300    500     2700    400     800     700     900     1100    300     400     600     
	20595  1982 2300    1400    2300    1400    1000    2300    1400    1200    1400    900     1000    1000    500     1600    700     1300    800     600     400     
	20595  1983 2300    1600    2300    1600    1300    2300    900     500     1600    1300    300     300     1100    2200    1800    900     600     600     900     
	20595  1984 2800    1200    2800    1100    2200    2600    800     300     1100    1200    1900    1100    1000    1100    2600    200     800     700     500     
	20595  1985 2200    2200    1000    2200    1000    600     1800    900     2200    400     800     1000    600     500     500     900     1800    1000    600     
	20595  1986 2500    2500    1500    2500    1500    1500    2100    400     2100    1500    1200    800     600     1500    600     1500    1000    400     500     
	20595  1987 1500    1500    1200    1500    1300    1200    900     1300    1100    1300    1000    800     300     900     400     500     600     800     600     
	20595  1988 1500    1000    1500    1000    1500    1300    1400    500     1000    300     1400    1500    1100    400     900     600     1400    900     500     
	20595  1989 1800    1000    1800    1000    1800    1800    1200    1000    600     700     500     1800    1800    1200    1100    800     400     1200    1100    
	20595  1990 1800    800     1800    700     1600    1800    1800    500     700     800     600     1600    1300    1800    800     500     1800    500     700     
	20595  1991 2200    2100    2200    2100    1200    1200    1400    1100    1000    1200    800     1000    500     700     900     1400    800     400     1600    
	20595  1992 2200    1300    2200    1300    1700    2200    1200    1200    700     400     700     1700    2200    700     800     700     500     300     1300    
	20595  1993 2500    1800    2500    1800    2500    1600    1600    500     1500    1500    1000    1700    1300    900     500     400     500     1600    200     
	20595  1994 2000    2000    1300    2000    1000    1300    1600    500     2000    500     900     900     700     1300    900     600     1600    900     400     
	20595  1995 2700    1500    2700    500     1900    2700    1400    500     300     500     1200    700     1300    500     2300    300     1400    1100    1100    
	20595  1996 2900    2900    2000    2900    2000    1000    1200    2100    800     1600    2000    600     800     1000    800     1000    1200    300     900     
	20595  1997 2200    1800    2200    1800    2200    1700    1600    1800    300     900     2200    1000    600     900     1700    1600    600     600     600     
	20595  1998 1600    800     1600    800     1600    900     1300    600     800     600     400     1600    200     900     800     1300    200     500     300     
	20595  1999 2500    600     2500    600     1300    1300    1400    300     400     500     900     700     900     900     1100    1400    1000    400     200     
	20595  2000 1100    1100    1100    1100    800     1100    600     1100    300     600     700     800     700     1100    600     600     400     300     700     
	20595  2001 1300    900     1000    900     1000    700     700     900     300     600     400     1000    700     700     700     200     700     400     1300    
	20595  2002 2500    1200    1300    1100    2500    900     1000    1000    300     1200    1300    800     400     600     900     1000    600     500     1300    
	20595  2003 2300    2300    1800    2300    2000    1800    1100    600     2300    2000    1400    700     1000    1200    1700    1100    1000    800     500     
	20595  2004 1800    1500    1800    700     1800    1500    1000    300     700     1100    1800    1400    800     600     900     1000    900     400     1300    
	20595  2005 1700    900     1300    800     900     900     1700    500     600     700     600     900     800     900     500     800     1700    400     700     
	20595  2006 1500    1400    1500    1400    1500    1200    1200    1000    900     1400    900     1500    1200    1100    300     1200    700     400     1200    
	20595  2007 2900    800     2900    800     2900    1300    1500    400     500     800     2400    500     1300    400     700     400     1500    1000    1500    
	20595  2008 1700    1500    1700    1500    1700    700     900     300     1500    300     900     1500    700     300     600     900     700     600     1200    
	20595  2009 2300    1000    2300    1000    1600    1200    2300    800     600     900     1600    800     1000    400     900     2300    500     200     500     
	20595  2010 2500    700     2500    700     2500    900     800     500     700     700     2500    1000    900     600     400     400     800     700     1300    
	20595  2011 2800    1600    2800    700     2800    800     2000    600     700     1600    1900    900     400     700     400     900     600     2000    500     
	20595  2012 2500    2200    1100    800     2500    800     1000    500     800     2200    400     700     500     700     800     1000    700     600     200     
	20595  2013 2200    1400    2200    800     2200    2200    1300    800     800     1400    800     700     1100    2200    1400    1100    500     400     400     
	20595  2014 2000    1800    2000    500     1700    1100    1900    500     400     1700    800     600     800     1100    500     1900    400     600     600     
	20595  2015 1400    1000    1200    900     1200    1100    1400    400     900     1000    1200    600     1100    400     800     600     1000    400     300     
	20595  2016 2000    1300    2000    500     1300    800     2000    300     500     1300    600     1100    800     800     700     2000    900     1000    800     
	20595  2017 2200    1100    1300    1100    2200    1100    900     900     1100    1100    1100    1300    1100    1000    900     900     800     300     500     
	20595  2018 3600    1700    3600    1400    1300    3600    2000    400     1400    500     900     1300    900     2700    900     700     2000    700     500     
	20595  2019 1600    800     1600    700     1600    1500    700     400     700     600     1000    1600    1000    1200    1100    600     300     700     700     
	20595  2020 4000    1300    2700    700     4000    900     1300    700     300     1300    2700    2100    900     800     900     1300    600     800     400     
	20595  2021 -999999 -999999 1400    -999999 1400    1300    1200    -999999 1000    800     1400    500     1300    900     600     1200    400     600     1000    
	20595  2022 1600    1400    1600    700     1600    1500    700     700     400     1400    1400    1000    500     1300    1500    500     700     500     1000    
	20595  2023 3900    1100    3900    1100    2000    1900    1100    600     1100    600     700     2000    1900    400     1100    1100    700     300     400     
	20595  2024 1600    -999999 1300    -999999 1600    1300    1200    600     -999999 1600    400     800     1300    600     700     1100    500     900     700     
	20595  2025 3100    2000    2700    1200    3100    2500    1200    700     1000    2000    1100    2100    700     700     2500    1000    700     500     1300    
	20595  2026 -999999 -999999 -999999 1100    -999999 -999999 -999999 1100    500     -999999 -999999 -999999 -999999 -999999 -999999 -999999 -999999 -999999 -999999 
	