EUROPEAN CLIMATE ASSESSMENT & DATASET (ECA&D), file created on: 17-05-2026
THESE DATA CAN BE USED FOR NON-COMMERCIAL RESEARCH AND EDUCATION PROVIDED THAT THE FOLLOWING SOURCE IS ACKNOWLEDGED: 

Klein Tank, A.M.G. and Coauthors, 2002. Daily dataset of 20th-century surface
air temperature and precipitation series for the European Climate Assessment.
Int. J. of Climatol., 22, 1441-1453.
Data and metadata available at http://www.ecad.eu

FILE FORMAT (MISSING VALUE CODE = -999999):

THIS FILE HOLDS DATA FOR STATION NETHERLANDS                              BEETSTERZWAAG                            (STAID:  20482)
LATITUDE: dd:mm:ss +53:59:57
LONGITUDE: ddd:mm:ss +005:56:56
ELEVATION: m   -1

DATA IS FOR INDEX Maximum no of consecutive dry days (RR < 1 mm) (CDD) with unit 0.01 No of days

01-06 SOUID: Source identifier
08-11 YEAR : YYYY
13-20 ANNUAL DATA VALUES
21-28 WINTER HALF YEAR DATA VALUES
29-36 SUMMER HALF YEAR DATA VALUES
37-44 WINTER (DJF) DATA VALUES
45-52 SPRING (MAM) DATA VALUES
53-60 SUMMER (JJA) DATA VALUES
61-68 AUTUMN (SON) DATA VALUES
69-76 JANUARY DATA VALUES
etc. 
157-164 DECEMBER DATA VALUES

20482  1894 -999999 -999999 -999999 -999999 -999999 -999999 -999999 -999999 -999999 -999999 -999999 -999999 -999999 -999999 -999999 -999999 -999999 -999999 -999999 
	20482  1895 1800    -999999 1700    -999999 1400    900     1800    600     1800    800     1400    1100    900     800     800     1700    300     700     1200    
	20482  1896 1600    1200    1600    1200    1300    1100    1400    1100    1200    800     1000    1300    900     1100    400     400     300     1400    400     
	20482  1897 2500    2100    1700    2100    800     1500    2500    2000    600     700     600     800     1500    1000    400     700     1200    1300    1500    
	20482  1898 1700    1400    1700    1100    1400    1300    1700    1100    400     1400    1200    400     1000    1300    1200    1700    1000    1000    600     
	20482  1899 3500    3100    3500    1300    1800    3000    1300    800     1300    1800    1000    500     3000    900     1400    300     1300    900     1900    
	20482  1900 3600    1600    3600    1500    3600    1200    1400    600     1000    1400    1500    2100    1000    1200    700     600     300     1400    600     
	20482  1901 1900    1900    1400    1900    1400    1400    1700    1800    1100    600     1100    1400    1300    1100    1400    1300    1000    700     500     
	20482  1902 1800    1600    1500    1600    700     1500    1800    700     1600    700     600     500     1500    900     400     1300    500     1100    1300    
	20482  1903 2300    1300    2300    1300    1400    900     900     1300    800     900     400     1400    900     400     300     900     400     700     2200    
	20482  1904 2900    2900    1700    1100    2100    1700    1600    1100    800     2100    700     1100    900     1700    500     1600    600     1100    500     
	20482  1905 2800    1800    2800    1800    2800    1300    1100    1800    800     700     700     2800    700     1100    1300    1100    200     700     1600    
	20482  1906 1800    1100    1700    1100    1800    1300    1300    1100    700     800     1700    700     1200    1200    500     1200    700     500     900     
	20482  1907 2400    1200    2400    1200    1500    1200    2400    1000    1200    1000    1000    600     400     1200    600     2400    400     1100    800     
	20482  1908 1800    1300    1800    1300    1000    1800    1200    900     1100    1000    400     700     1200    1400    800     900     1200    700     1300    
	20482  1909 2900    2900    1300    1800    1100    1300    600     1200    1800    1100    1000    1000    700     700     1300    500     400     600     800     
	20482  1910 2500    1300    1300    700     2500    1300    1800    700     400     1300    1200    1200    1300    1200    900     800     1700    600     300     
	20482  1911 1900    1200    1900    1200    1800    1500    1000    1100    800     700     1800    1000    1100    1400    1500    600     600     1000    200     
	20482  1912 2700    1100    2700    1100    2700    1500    1700    1100    500     700     2100    900     500     1500    400     1700    1000    200     400     
	20482  1913 1800    1600    1800    1600    1200    1800    1700    1100    1600    400     1200    700     700     900     1800    1000    1700    400     700     
	20482  1914 2000    1800    2000    1800    2000    1500    1000    1800    1200    500     1700    800     1100    900     1500    800     1000    700     400     
	20482  1915 1800    1000    1800    700     1800    1100    1300    700     400     700     1400    1000    1100    500     700     1300    1300    600     400     
	20482  1916 2800    1600    2800    1000    1600    2800    1300    1000    500     1600    1000    600     400     1500    1300    1100    900     1300    800     
	20482  1917 2800    2800    1300    2800    1300    900     1300    1800    1000    1100    700     1200    900     900     400     1100    400     1000    700     
	20482  1918 1400    1200    1400    1200    1200    900     1300    700     600     1200    900     900     800     700     800     200     1000    1300    200     
	20482  1919 2200    1100    2200    1100    2200    1100    1800    900     1100    900     900     2200    600     900     1100    1800    900     800     600     
	20482  1920 4000    1200    1900    1200    1200    1900    4000    600     1200    1200    300     700     1900    500     800     900     2800    1400    1400    
	20482  1921 3600    1700    3000    1300    3000    1500    3600    300     1000    1000    1600    1400    800     1500    700     1700    1900    2200    500     
	20482  1922 2100    2000    1500    1200    2000    900     2100    1100    1200    2000    800     1300    900     300     400     800     2100    1000    400     
	20482  1923 1600    1600    1400    900     1600    1400    700     400     900     1600    1100    600     500     1400    1400    500     200     700     400     
	20482  1924 2100    2100    2100    2100    1500    2100    1300    900     2000    1400    900     400     1900    600     500     300     1000    1300    1000    
	20482  1925 -999999 1100    -999999 1100    1200    -999999 -999999 1100    500     500     700     1200    1500    -999999 -999999 -999999 -999999 -999999 -999999 
	