EUROPEAN CLIMATE ASSESSMENT & DATASET (ECA&D), file created on: 17-05-2026
THESE DATA CAN BE USED FOR NON-COMMERCIAL RESEARCH AND EDUCATION PROVIDED THAT THE FOLLOWING SOURCE IS ACKNOWLEDGED: 

Klein Tank, A.M.G. and Coauthors, 2002. Daily dataset of 20th-century surface
air temperature and precipitation series for the European Climate Assessment.
Int. J. of Climatol., 22, 1441-1453.
Data and metadata available at http://www.ecad.eu

FILE FORMAT (MISSING VALUE CODE = -999999):

THIS FILE HOLDS DATA FOR STATION NETHERLANDS                              LIJNDEN (NH)                             (STAID:   2466)
LATITUDE: dd:mm:ss +52:21:00
LONGITUDE: ddd:mm:ss +004:45:00
ELEVATION: m   -5

DATA IS FOR INDEX Maximum no of consecutive dry days (RR < 1 mm) (CDD) with unit 0.01 No of days

01-06 SOUID: Source identifier
08-11 YEAR : YYYY
13-20 ANNUAL DATA VALUES
21-28 WINTER HALF YEAR DATA VALUES
29-36 SUMMER HALF YEAR DATA VALUES
37-44 WINTER (DJF) DATA VALUES
45-52 SPRING (MAM) DATA VALUES
53-60 SUMMER (JJA) DATA VALUES
61-68 AUTUMN (SON) DATA VALUES
69-76 JANUARY DATA VALUES
etc. 
157-164 DECEMBER DATA VALUES

2466   1866 -999999 -999999 -999999 -999999 -999999 -999999 -999999 -999999 -999999 -999999 -999999 -999999 -999999 -999999 -999999 -999999 -999999 -999999 1000    
	2466   1867 1200    -999999 900     800     900     900     1100    500     800     800     500     900     800     800     900     500     1000    1100    900     
	2466   1868 1900    600     1900    500     1300    1900    1700    400     500     400     900     900     1600    1900    600     1700    500     500     400     
	2466   1869 2000    1300    2000    1000    1300    2000    600     1000    500     1300    600     700     800     1200    1400    600     400     400     900     
	2466   1870 3400    1800    3400    1800    1800    1600    1900    900     1800    600     1000    1800    1600    1500    400     1300    600     600     1100    
	2466   1871 1900    1900    1700    1900    1400    1700    1600    800     1900    1400    700     900     700     800     1600    800     1100    1100    500     
	2466   1872 1200    1200    1100    1200    900     1100    800     700     700     900     800     800     800     900     1100    800     500     800     800     
	2466   1873 1900    1100    1300    1000    1600    1100    1900    900     1000    1100    1100    500     1100    500     300     1300    400     1900    1300    
	2466   1874 1900    800     1900    800     1100    1100    1700    800     800     700     1100    800     1100    1000    900     700     1300    800     1200    
	2466   1875 1700    1700    1300    1200    1300    1100    1200    900     1200    1000    1300    900     900     1100    800     900     900     500     700     
	2466   1876 2800    1400    2800    1400    1100    2800    1600    1400    500     700     800     1100    1200    2500    1700    300     1600    400     600     
	2466   1877 1300    400     900     400     800     900     1300    400     200     300     700     800     900     500     700     700     600     600     500     
	2466   1878 1900    600     1900    600     1400    1900    1000    400     600     300     1000    600     1100    900     500     600     1000    600     700     
	2466   1879 2200    2200    1000    2200    1600    800     1100    1700    800     1600    500     700     400     800     500     700     1100    1000    1700    
	2466   1880 2800    1700    2800    1500    2400    2300    900     1300    600     1700    700     1800    500     800     2300    800     600     500     300     
	2466   1881 1600    1200    1000    1200    1600    800     900     1200    1000    900     1000    1000    500     800     700     400     500     900     600     
	2466   1882 2000    2000    1200    2000    1500    600     900     2000    1300    1500    1200    700     500     500     500     600     900     200     600     
	2466   1883 2600    1200    2100    1200    2600    1300    1200    1200    900     700     2100    1000    700     300     1300    1200    700     400     1100    
	2466   1884 2600    900     2600    900     1300    2600    1300    700     700     900     1100    1200    1300    300     2400    1300    500     800     700     
	2466   1885 2000    1200    2000    1200    1300    2000    900     1200    600     1000    1300    500     1000    1100    800     300     200     900     1700    
	2466   1886 2400    2400    1400    2400    1700    1400    1400    500     2400    1700    1200    1000    900     600     700     1400    900     700     300     
	2466   1887 3300    1500    3300    1500    1000    3300    1100    1200    1500    1000    700     600     2800    1500    900     800     300     1100    300     
	2466   1888 1500    1500    1300    1500    1300    1000    1300    1500    600     500     300     1300    700     300     1000    1300    1300    900     1300    
	2466   1889 2000    1800    2000    1800    700     2000    1300    1700    600     600     700     500     2000    600     400     1000    400     1300    900     
	2466   1890 2900    2800    1600    2800    1600    900     1400    400     2700    900     800     1600    700     900     600     1400    700     600     2300    
	2466   1891 3100    3100    1100    2500    1100    600     1300    1100    2500    700     1100    600     600     500     200     700     600     800     1000    
	2466   1892 1800    1100    1500    1100    1800    1100    1000    700     1100    1000    1500    1000    400     1100    900     1000    500     600     1700    
	2466   1893 4400    1300    3100    600     4400    1600    800     500     400     1300    3000    1400    1600    700     800     600     600     800     600     
	2466   1894 3200    1800    1400    1400    3200    1100    1200    1400    600     1800    1400    700     1000    400     800     1200    400     1000    1300    
	2466   1895 1900    1500    1800    1500    1400    1000    1900    1400    1500    800     1400    1300    1000    800     700     1800    400     600     1400    
	2466   1896 2000    1700    2000    1700    2000    1300    1000    800     1700    800     1000    1700    700     1300    400     300     200     1000    600     
	2466   1897 2500    1100    1200    1100    900     1200    2500    1100    600     700     600     900     600     1200    600     1000    1200    1300    1300    
	2466   1898 1500    1100    1500    1100    1200    1500    1300    1100    400     1100    1000    800     800     1500    1300    1100    1000    500     600     
	2466   1899 2200    2100    2200    1300    900     1900    1300    1100    1300    900     500     700     1700    900     1900    300     1300    1100    1700    
	2466   1900 1900    1000    1900    900     1200    1900    600     500     600     700     700     1200    400     1900    800     600     400     500     600     
	2466   1901 1900    1900    1900    1900    1900    1000    1500    1800    800     900     1000    1900    1000    1000    1000    1000    700     800     300     
	2466   1902 1400    1400    800     1400    800     800     1000    500     1400    700     700     800     800     600     400     700     300     1000    1200    
	2466   1903 1500    1200    1500    1200    1000    1500    1000    1000    1200    900     200     1000    1100    400     500     1000    300     500     2200    
	2466   1904 2800    1200    1900    1200    1000    1900    1600    800     700     700     800     1000    900     1900    600     1600    1000    1100    1100    
	2466   1905 1200    1200    1200    1200    1200    1200    1000    1200    600     600     1200    700     800     600     1200    500     300     1000    1200    
	2466   1906 2300    600     1900    500     2300    1400    1200    300     400     600     1700    600     1400    1000    600     1200    600     500     800     
	2466   1907 2400    1000    2400    1000    1300    1800    2400    1000    600     800     700     1000    200     1800    600     2400    600     1100    800     
	2466   1908 3100    1300    2000    1300    1200    2000    3100    900     1100    1200    1000    600     1300    1400    500     900     2100    1000    1200    
	2466   1909 2200    2200    1200    2200    1200    1200    1000    1300    2200    500     1200    1200    600     1000    1200    1000    700     700     900     
	2466   1910 2100    1300    1300    1100    2100    1300    900     1000    400     1300    800     900     900     1000    1300    800     900     400     500     
	2466   1911 3400    3400    2400    3400    2100    1900    1200    1900    1500    600     2100    1700    700     1500    1900    1200    600     400     400     
	2466   1912 2000    1300    2000    1300    2000    1100    1600    1300    700     500     1900    900     500     1100    300     1600    1000    400     400     
	2466   1913 1700    1600    1700    1600    1000    1700    1200    900     1600    600     800     1000    800     900     1700    1200    600     800     600     
	2466   1914 1600    1600    1400    1600    1200    1100    900     1600    1000    200     900     1000    900     600     1100    900     700     400     300     
	2466   1915 1600    700     1600    700     1600    1100    1300    700     400     700     700     1100    1100    400     700     800     1300    600     300     
	2466   1916 2800    1400    2800    1400    1200    2800    1100    1100    400     800     1000    800     800     1500    1300    1100    500     900     300     
	2466   1917 2400    2400    2300    2400    2300    1200    1300    1400    1000    600     1100    1200    1000    1000    400     1100    400     1000    600     
	2466   1918 1500    1500    1500    1500    1500    1100    800     1000    600     1100    1100    900     800     700     900     200     600     800     600     
	2466   1919 3100    1000    3100    1000    2900    2200    1800    700     900     600     900     2900    700     600     1800    1800    800     500     700     
	2466   1920 2900    1200    1300    1200    1100    1200    2900    500     1200    1100    400     900     1200    400     700     1300    1600    1400    900     
	2466   1921 2700    1500    2000    1500    1700    2000    2200    500     1000    1100    1200    1700    900     2000    800     1700    1500    2200    500     
	2466   1922 2200    1500    1300    1100    1200    600     2200    1000    1100    1200    500     1200    600     400     400     500     2200    600     800     
	2466   1923 1900    1100    1900    700     1700    1900    600     600     700     1100    1100    700     500     1400    1400    600     100     500     300     
	2466   1924 1600    1600    1200    700     1600    1200    1400    700     700     1600    900     300     1000    1100    600     500     900     1400    1000    
	2466   1925 1500    800     1500    800     1300    1100    1500    800     400     400     700     1300    1100    1000    1000    400     1200    900     500     
	2466   1926 2900    2300    1200    900     2900    1200    900     900     900     2300    1000    1000    500     1200    600     800     800     700     900     
	2466   1927 1400    1300    1400    1100    1400    800     1100    600     1100    1300    700     1000    500     800     600     400     1100    600     800     
	2466   1928 1800    1800    1700    1300    1000    1700    1100    200     1300    1000    800     900     600     1700    400     1100    300     400     1000    
	2466   1929 3200    3200    2000    3000    1800    2000    1100    700     2800    1600    1000    1800    1400    2000    800     1100    700     800     500     
	2466   1930 2100    2100    1300    1200    2000    1000    900     1200    1200    1000    1000    800     1000    500     800     500     900     400     700     
	2466   1931 1400    1100    1400    1000    1100    1400    1200    400     800     1100    400     800     1000    400     900     600     1200    1100    900     
	2466   1932 2400    2400    2100    2100    2000    2100    800     900     2100    2000    800     600     2100    600     1000    700     100     800     1000    
	2466   1933 3300    1700    1600    1700    1200    1000    1200    1700    500     1200    900     900     1000    800     1000    1100    700     800     2600    
	2466   1934 2100    2100    2000    2100    1600    1500    1800    1000    2100    1000    700     1500    1400    1200    1400    600     400     1800    600     
	2466   1935 1800    1600    1800    700     1800    1300    700     700     400     1600    600     1200    500     1100    1100    700     400     500     600     
	2466   1936 1900    1900    1500    900     1900    1200    1100    300     900     1900    1500    1000    800     600     1200    400     1000    1100    800     
	2466   1937 2000    800     2000    500     1300    1200    1000    500     300     400     400     1300    900     800     1000    500     1000    1000    500     
	2466   1938 2100    2100    1800    1300    2100    1800    900     400     1300    2100    400     1400    1800    800     900     500     600     900     1000    
	2466   1939 2500    1300    2500    1300    1500    1000    800     500     800     400     800     1500    1000    500     900     600     300     800     1500    
	2466   1940 1900    1000    1900    800     1900    1100    1300    700     800     800     700     1900    1100    400     800     900     1300    400     600     
	2466   1941 1800    1300    1800    1300    1300    1800    1500    1200    600     1300    700     1300    1000    1300    400     1500    800     700     400     
	2466   1942 3300    2100    3300    1400    3300    1100    900     1400    800     1300    2300    1000    1100    500     700     900     400     800     500     
	2466   1943 3300    3300    1900    1400    1900    1900    2000    400     1400    1900    1400    1300    1000    1900    900     700     1800    500     1500    
	2466   1944 1900    1800    1900    1800    1300    1900    800     500     1800    1100    900     700     1000    1200    1800    500     800     200     1200    
	2466   1945 2000    2000    1400    900     2000    1300    1400    900     500     2000    800     1400    900     1300    600     700     800     1400    300     
	2466   1946 1800    1800    1100    1500    1800    1000    1400    1500    800     1800    1100    1100    600     1000    400     700     1400    500     1300    
	2466   1947 3200    1900    3200    1900    1100    2500    1300    1200    1900    400     1100    700     1000    1400    2500    900     1300    600     1300    
	2466   1948 3000    3000    1500    1500    1500    1500    1600    400     1500    1500    1300    1300    1100    1400    600     700     1400    900     1100    
	2466   1949 3000    1500    3000    1500    1200    3000    1400    900     600     1100    800     700     2700    1000    700     600     800     500     600     
	2466   1950 1500    1300    1500    1300    900     1100    1000    1300    400     800     800     900     1100    400     600     300     1000    300     1300    
	2466   1951 2400    1300    1600    1200    1100    1100    2400    1000    600     700     1100    700     1100    700     400     700     2000    300     800     
	2466   1952 1900    1000    1900    1000    1900    1100    600     500     1000    1000    1100    1900    800     900     1100    500     600     200     600     
	2466   1953 2000    2000    1600    1600    2000    1000    1600    800     1600    2000    1200    1400    700     500     1000    600     1600    1000    800     
	2466   1954 1800    1800    1700    1800    1700    800     600     1100    700     1600    1600    1500    500     500     800     300     400     600     700     
	2466   1955 1500    1500    1300    1100    1200    1300    800     900     1100    700     1200    1000    900     1300    1100    800     700     600     400     
	2466   1956 1500    1300    1500    1300    1400    900     1500    500     1300    1200    1300    1200    900     400     300     1500    800     800     600     
	2466   1957 1400    1100    1100    1100    1300    900     1200    1100    300     600     900     800     700     300     700     300     1200    1000    600     
	2466   1958 1400    1300    1200    600     1300    1000    1400    500     200     1300    500     600     1000    800     600     500     800     1400    400     
	2466   1959 2200    2100    2200    2100    1500    1700    2000    500     2000    400     800     1500    1700    1400    1600    2000    1100    700     500     
	2466   1960 1600    1000    1600    400     1600    1400    900     200     400     1000    800     1100    1400    400     700     900     300     300     400     
	2466   1961 1700    1700    1300    1200    1700    700     1300    600     1200    1700    500     900     700     600     700     1300    700     900     1500    
	2466   1962 2100    1300    1200    1200    900     900     2100    800     1200    800     900     400     900     400     400     900     2100    700     700     
	2466   1963 2500    2400    1800    1600    900     900     1800    1100    1600    800     800     900     600     700     300     1800    900     900     1600    
	2466   1964 3200    2700    1000    2700    1200    1000    1000    2700    600     1200    800     1000    800     900     400     700     600     900     600     
	2466   1965 1400    800     1000    800     1000    900     1400    600     800     700     400     700     700     300     700     1000    1400    600     300     
	2466   1966 1600    1100    1600    1100    1100    1000    1500    1100    500     500     300     1100    1000    200     800     1500    900     300     200     
	2466   1967 1800    1300    1800    800     1800    1200    800     700     800     1300    1800    500     900     900     1100    800     500     800     400     
	2466   1968 1400    1200    1200    800     1200    800     1300    400     800     700     1200    600     600     800     600     700     1000    1300    1400    
	2466   1969 2100    1600    2100    900     1200    2100    1700    900     700     1200    1000    700     1000    2100    1000    1600    1700    300     600     
	2466   1970 3600    1400    3600    600     1600    2600    1400    500     400     800     300     1600    2600    500     1300    1400    1300    800     700     
	2466   1971 2300    800     2200    700     2300    2200    1600    600     700     800     1500    800     900     2100    500     1300    1200    400     900     
	2466   1972 3000    1900    2100    1900    1500    1300    3000    1000    800     1500    700     700     700     1000    1300    1200    1800    300     2100    
	2466   1973 2900    2100    2400    1300    2100    2400    1600    800     600     2100    600     500     2400    400     1200    1600    900     900     500     
	2466   1974 3500    1100    2400    600     3500    1500    800     600     600     1100    2400    700     1500    600     1000    800     400     400     500     
	2466   1975 2100    1100    2100    1100    1800    2100    1000    700     1100    300     900     1800    1000    1000    1400    900     1000    700     1000    
	2466   1976 3000    1500    3000    1500    1800    3000    900     500     1500    1100    1600    800     1600    2000    2400    500     800     400     500     
	2466   1977 2100    800     2100    600     1500    1500    2100    400     600     400     500     1500    600     1500    400     2100    1000    500     600     
	2466   1978 1500    1100    1500    1100    1200    1500    900     1100    900     500     900     900     400     1000    1500    500     600     900     800     
	2466   1979 1200    800     1000    800     500     800     1200    700     800     400     500     500     700     700     700     1000    1200    300     400     
	2466   1980 2200    1400    2200    1400    2200    800     700     1400    700     1100    900     2200    800     500     500     700     600     500     500     
	2466   1981 2300    1300    2100    1300    2300    1300    1000    600     1300    500     2100    700     500     1300    1100    1000    300     600     600     
	2466   1982 1600    1400    1600    1400    1600    1200    1200    1400    1300    600     1600    1300    1000    1200    300     1200    800     500     400     
	2466   1983 1900    1500    1900    1500    1300    1900    1700    600     1500    1300    400     300     900     1900    1400    900     600     1400    700     
	2466   1984 3100    1300    3100    1200    2100    2900    1100    400     1200    1300    1900    500     800     1200    2900    200     700     900     600     
	2466   1985 2200    2200    900     2200    900     700     1200    400     2200    500     900     900     500     700     500     900     900     500     300     
	2466   1986 2400    2400    1500    2400    1400    1400    2100    300     2100    1400    1300    800     1100    1400    600     1500    700     400     400     
	2466   1987 1600    1300    1600    1300    1300    1600    1100    1300    600     1300    800     800     500     1300    400     700     500     900     900     
	2466   1988 2100    900     2100    900     1300    2100    900     900     600     200     1100    1300    2100    600     900     600     900     700     500     
	2466   1989 1800    900     1800    900     1800    1700    1200    600     600     700     500     1800    1700    1200    1000    1000    400     1200    800     
	2466   1990 2700    1500    2700    1500    1900    2700    900     1300    700     900     600     1900    1100    2200    800     600     900     600     600     
	2466   1991 2400    1800    2200    1800    1500    1000    1400    1100    700     1100    900     1500    300     600     1000    1400    1000    800     1600    
	2466   1992 1900    1300    1900    1300    1800    1900    1200    1200    700     500     1200    1800    1100    1100    800     700     500     500     1200    
	2466   1993 1600    1000    1600    900     1600    1500    1600    500     900     1000    1100    800     1200    400     600     300     1000    1400    300     
	2466   1994 1600    1200    1000    1200    1000    1000    1600    400     1200    800     900     700     500     1000    500     1000    1600    800     400     
	2466   1995 2700    1600    2700    300     1500    2700    2100    200     300     500     900     600     1300    700     2300    400     2100    1100    1100    
	2466   1996 3200    3200    2100    3200    2100    1300    900     2400    800     1600    1900    500     1000    1300    700     900     600     400     1400    
	2466   1997 2000    1900    1900    1900    1900    1900    1600    1800    400     1200    1900    1000    700     800     1900    1600    1000    600     500     
	2466   1998 1700    1400    1700    1300    1700    1600    700     1000    1300    1400    300     1700    200     1100    1600    700     200     700     300     
	2466   1999 2000    700     2000    600     1300    1200    1400    300     400     700     900     800     900     900     600     1400    1200    700     300     
	2466   2000 1600    1400    1600    1400    1600    700     600     1400    400     500     600     1500    700     700     600     600     400     300     600     
	2466   2001 1400    900     1400    900     1400    900     800     900     800     500     400     1400    800     700     600     300     300     800     1200    
	2466   2002 2400    1100    1300    1000    2400    800     1100    900     500     1100    1300    700     600     600     800     1100    500     600     1200    
	2466   2003 2300    2300    2300    2300    2300    2300    1300    600     2300    2300    1800    700     1200    1200    2100    1100    1300    500     1000    
	2466   2004 1700    1000    1400    1000    1400    1000    1100    300     700     800     800     1400    600     600     400     1100    700     600     1500    
	2466   2005 1300    900     1300    600     900     1100    1000    600     600     900     600     400     1100    900     500     1000    1000    400     500     
	2466   2006 1500    1500    1500    1500    1500    1400    1500    1100    900     1300    700     1500    1200    1100    500     1500    500     400     1300    
	2466   2007 4600    1100    3500    900     4600    800     1000    500     500     1100    3000    500     700     300     800     500     1000    400     1300    
	2466   2008 1500    1500    1500    1500    1500    900     1000    400     1500    300     800     1400    900     400     900     1000    800     600     1200    
	2466   2009 1700    1000    1700    1000    1700    900     1400    800     700     800     1700    800     900     500     800     1400    500     300     500     
	2466   2010 2100    900     2100    700     2100    1200    800     600     700     900     2100    1700    1100    700     300     300     800     800     900     
	2466   2011 2000    1100    1500    700     1500    700     2000    700     700     1100    1500    800     400     600     300     1200    600     2000    500     
	2466   2012 1500    1300    1100    900     1500    800     1000    900     800     1300    700     1100    500     700     800     1000    700     500     200     
	2466   2013 2200    2000    2100    1300    2200    2100    1300    600     1300    1400    1200    600     1100    2100    700     1100    600     800     500     
	2466   2014 2000    1600    2000    300     1600    800     1900    300     300     1600    600     800     800     800     200     1900    700     600     400     
	2466   2015 1600    1600    1200    1600    1500    1100    1400    400     1600    1500    1200    700     1100    400     800     600     1000    400     400     
	2466   2016 1600    1500    1400    400     1500    1400    1300    300     400     1500    600     1100    900     1400    1000    1300    1100    900     1000    
	2466   2017 2200    1400    1200    1400    2200    1200    700     1400    800     1100    1100    900     1200    500     900     500     700     300     300     
	2466   2018 3700    1700    3700    1400    900     3700    1800    900     1400    600     900     800     1200    2500    900     800     1800    1500    800     
	2466   2019 2000    1300    2000    1300    2000    1700    600     600     700     700     2000    1600    1200    500     800     600     500     600     700     
	2466   2020 2500    1400    2500    400     2500    900     1300    300     400     1400    2500    2200    700     500     900     1300    600     700     400     
	2466   2021 1700    1700    1700    1000    1600    1200    1300    300     1000    800     1600    500     1200    1200    600     1300    400     400     800     
	2466   2022 3100    1400    3100    700     3100    1900    600     700     400     1400    2100    1000    900     1900    1500    500     600     500     600     
	2466   2023 3900    1100    3900    1100    2000    1900    900     600     1100    300     700     2000    1900    300     1200    900     700     200     400     
	2466   2024 1800    800     1800    700     800     1800    1100    700     400     800     500     800     800     600     1200    1100    500     800     700     
	2466   2025 4300    3200    2700    1200    4200    1600    700     700     900     3100    1100    2100    1100    500     1600    500     500     700     1200    
	2466   2026 -999999 900     -999999 600     -999999 -999999 -999999 600     500     900     1000    -999999 -999999 -999999 -999999 -999999 -999999 -999999 -999999 
	