EUROPEAN CLIMATE ASSESSMENT & DATASET (ECA&D), file created on: 17-05-2026
THESE DATA CAN BE USED FOR NON-COMMERCIAL RESEARCH AND EDUCATION PROVIDED THAT THE FOLLOWING SOURCE IS ACKNOWLEDGED: 

Klein Tank, A.M.G. and Coauthors, 2002. Daily dataset of 20th-century surface
air temperature and precipitation series for the European Climate Assessment.
Int. J. of Climatol., 22, 1441-1453.
Data and metadata available at http://www.ecad.eu

FILE FORMAT (MISSING VALUE CODE = -999999):

THIS FILE HOLDS DATA FOR STATION NETHERLANDS                              OUDENBOSCH                               (STAID:    157)
LATITUDE: dd:mm:ss +51:34:00
LONGITUDE: ddd:mm:ss +004:31:59
ELEVATION: m    1

DATA IS FOR INDEX Maximum no of consecutive dry days (RR < 1 mm) (CDD) with unit 0.01 No of days

01-06 SOUID: Source identifier
08-11 YEAR : YYYY
13-20 ANNUAL DATA VALUES
21-28 WINTER HALF YEAR DATA VALUES
29-36 SUMMER HALF YEAR DATA VALUES
37-44 WINTER (DJF) DATA VALUES
45-52 SPRING (MAM) DATA VALUES
53-60 SUMMER (JJA) DATA VALUES
61-68 AUTUMN (SON) DATA VALUES
69-76 JANUARY DATA VALUES
etc. 
157-164 DECEMBER DATA VALUES

157    1888 -999999 -999999 1300    -999999 1300    900     1300    -999999 1100    300     600     1300    400     300     900     1300    1300    900     1300    
	157    1889 1400    1300    1300    1100    800     1300    1400    1000    700     800     700     800     1300    600     500     1100    400     1400    900     
	157    1890 2700    2700    1300    2700    1300    700     1300    400     2600    800     600     900     700     700     600     1300    700     600     1500    
	157    1891 3100    3100    1100    2500    800     1100    1300    700     2500    700     800     500     1100    500     500     1000    600     800     1100    
	157    1892 1800    1100    1500    1100    1800    1100    800     600     800     700     1500    1000    600     900     1100    500     800     700     1700    
	157    1893 4400    1300    3100    900     4400    1800    1100    700     400     1300    3000    1400    1800    300     1200    600     800     1100    800     
	157    1894 2800    2000    1500    1400    2800    1500    1000    1400    600     2000    800     800     1000    500     400     1000    400     1000    600     
	157    1895 1900    1100    1800    1100    1200    1100    1900    700     1100    800     1000    1200    1100    800     800     1800    500     600     500     
	157    1896 1800    1600    1700    1600    1700    1400    1500    1000    1600    600     1000    1700    600     1400    400     500     300     1500    700     
	157    1897 3300    1200    1200    1200    600     1200    3300    1200    700     600     500     500     700     1200    600     800     2000    1300    1300    
	157    1898 1800    900     1800    900     1000    1300    1700    900     400     500     1000    500     700     800     1300    1700    1000    600     600     
	157    1899 3100    3100    2100    1300    1800    2100    1900    800     1300    1800    400     500     1700    1100    1400    300     1200    1900    1900    
	157    1900 1500    1500    1500    1300    1400    1000    1500    500     1200    1400    1300    1300    600     1000    500     1500    400     500     600     
	157    1901 1900    1000    1900    1000    1900    1000    1700    1000    600     1000    1000    1900    1000    1000    900     1300    700     1000    600     
	157    1902 1200    1200    800     1200    700     800     1100    1000    1200    700     700     500     800     700     300     600     800     1100    1200    
	157    1903 1500    1100    1500    1100    1000    1500    1000    1100    700     900     300     1000    1100    800     500     1000    400     800     2200    
	157    1904 2800    1200    2400    1200    1100    2400    1900    1000    800     1100    800     1000    600     1900    500     1600    1400    1100    1100    
	157    1905 1400    1200    1200    1200    1200    700     1000    1200    700     500     1200    1100    600     700     600     700     500     1000    1400    
	157    1906 1900    1000    1700    1000    1900    1100    1200    400     600     500     1700    600     1100    1100    700     1200    900     500     900     
	157    1907 2200    1600    2200    1600    1100    1600    2200    1600    1000    900     700     600     400     1600    500     2200    400     1100    800     
	157    1908 3100    1300    1900    1300    800     1900    3100    900     1000    800     700     700     1200    1300    700     1800    2100    1000    1700    
	157    1909 2300    1300    1700    1300    1200    1700    1100    1300    1100    1100    1000    1200    1700    600     1100    700     500     900     800     
	157    1910 1900    1300    1500    900     1900    700     1500    800     400     1300    600     1000    700     700     700     1500    900     400     500     
	157    1911 2900    2900    2400    2900    1500    2400    1200    1900    1000    700     1500    1500    700     2400    1900    1200    700     500     300     
	157    1912 1800    900     1800    900     1700    1800    1600    900     500     300     1100    900     500     1800    300     1600    1200    400     500     
	157    1913 1600    1300    1600    1300    800     1600    1000    1000    900     300     500     800     500     500     1600    800     900     900     600     
	157    1914 1500    1500    1400    1500    1000    1300    1300    1500    1000    600     900     1000    1100    600     1300    1000    700     1000    400     
	157    1915 2000    700     2000    700     1300    1300    1900    700     300     600     700     1300    1300    700     900     1900    800     600     200     
	157    1916 2700    1200    2700    700     1200    2700    1400    400     300     1200    800     600     800     1400    1300    1200    500     900     400     
	157    1917 2000    1700    2000    1700    2000    1000    1400    1200    1600    1000    1300    800     500     1000    600     1100    300     800     1400    
	157    1918 2100    2100    1500    1400    1800    1200    600     900     600     1800    700     900     800     700     1000    200     500     600     400     
	157    1919 2400    900     2400    900     2100    1700    1800    700     800     900     1000    2100    1300    500     1700    1800    900     400     800     
	157    1920 4400    1100    1100    1100    1100    1100    4400    700     1100    1100    400     400     800     400     1100    800     3100    1400    2100    
	157    1921 3000    1700    2000    1700    1600    2000    2300    500     1200    1400    1200    1600    900     2000    500     1700    900     2300    700     
	157    1922 2000    1100    2000    1100    1500    800     2000    400     1100    1000    900     1500    800     500     700     500     2000    600     800     
	157    1923 1900    1500    1900    800     1700    1900    1000    800     800     1500    1200    500     500     1400    1300    1000    300     600     400     
	157    1924 1700    1700    1200    700     1700    1200    1700    700     600     1700    1000    700     1000    1000    600     600     800     1700    1000    
	157    1925 1500    800     1500    800     900     1100    1400    800     300     600     900     800     1100    1000    900     600     1100    800     300     
	157    1926 1600    900     1600    900     1100    1600    800     800     900     800     700     500     1300    1200    600     800     600     400     900     
	157    1927 1900    1400    1600    1400    1600    600     1100    600     1400    1200    700     1100    400     500     600     500     1100    600     1300    
	157    1928 1900    1900    1700    1300    1300    1700    1400    1000    1300    1300    700     700     800     1700    400     1400    300     700     500     
	157    1929 3500    3500    2000    1400    2100    2000    800     1300    1400    2100    1200    1600    500     2000    800     800     700     700     500     
	157    1930 2400    2400    1300    1200    1400    900     500     1000    1200    1200    800     700     900     600     800     500     500     400     700     
	157    1931 2200    2000    1500    600     2200    1500    1400    400     600     2000    500     1200    1100    400     600     600     1200    1400    800     
	157    1932 2200    2200    1900    2200    1600    1900    900     1500    1300    1600    400     600     1900    500     700     700     300     900     1100    
	157    1933 2200    1000    2200    1000    2200    1400    1200    900     800     1000    2200    600     1000    1100    1400    1100    700     700     1200    
	157    1934 2200    2200    1600    2200    1700    1500    1600    700     2200    1100    600     1500    1400    1200    800     800     1100    1600    500     
	157    1935 2000    1500    2000    700     1500    2000    900     700     500     1500    500     1300    500     1600    1100    900     400     600     600     
	157    1936 1600    1600    1400    1100    1600    1200    1400    600     1100    1600    800     900     700     600     1200    600     1100    1100    900     
	157    1937 2000    600     2000    600     1200    1500    1100    600     300     400     800     1100    900     500     1200    400     1100    700     400     
	157    1938 2200    2200    1800    1000    2200    1800    1200    500     1000    2200    1300    1600    1800    900     900     1200    800     900     1200    
	157    1939 2400    1300    2400    1300    1400    1000    1300    600     700     300     600     1400    1000    400     900     1000    300     300     1700    
	157    1940 2500    1100    2500    700     2500    1200    900     600     500     900     700     2500    1100    600     1000    900     700     600     600     
	157    1941 2800    1200    2800    1200    2800    1000    1500    1100    800     1000    1100    1700    1000    1000    200     1500    800     700     600     
	157    1942 3000    1300    3000    1300    3000    1400    900     1300    800     1200    2100    900     1400    400     700     900     500     800     600     
	157    1943 3700    3700    1600    1200    2500    1600    1400    500     1200    2500    1000    1300    900     1000    600     700     1400    500     900     
	157    1944 1900    1800    1900    1800    1100    1900    900     500     1800    900     700     800     700     700     1800    700     900     300     1000    
	157    1945 1800    1800    1200    700     1800    1200    1600    700     400     1800    800     900     800     1200    700     900     1600    1300    700     
	157    1946 1900    1500    1900    1500    1900    900     1300    1500    500     1500    1100    1200    300     900     700     600     1300    600     1200    
	157    1947 3200    1800    3200    1800    1100    2600    800     1700    1100    400     1100    700     1000    1100    2600    700     700     400     1300    
	157    1948 3100    3100    1500    1600    1500    1500    900     300     1600    1500    800     1300    900     1400    900     600     600     900     1000    
	157    1949 3200    1500    3200    1500    1400    3200    1600    1500    800     1300    800     500     1700    1500    1400    800     800     500     700     
	157    1950 1700    1200    1700    1100    1200    1300    1000    1100    400     800     800     1200    1300    600     600     400     1000    300     1300    
	157    1951 2200    1500    1500    700     1000    1100    2200    400     500     1000    1000    600     1100    700     600     700     2000    300     1300    
	157    1952 1600    1100    1600    1100    1600    1100    900     500     1100    700     1400    1600    800     1000    1100    900     600     600     600     
	157    1953 3400    3400    1200    2900    2700    1000    2500    2900    700     2700    1100    1200    1000    700     1000    800     2500    1100    900     
	157    1954 1600    1600    1600    1600    1600    800     700     1000    700     1200    1400    1600    500     400     700     400     700     500     700     
	157    1955 1900    1600    1900    1200    1900    1400    1100    900     1200    800     1900    400     800     1300    1000    800     700     1100    500     
	157    1956 1900    1300    1900    1300    1900    800     1400    500     1300    1000    1100    800     800     400     600     1400    900     1000    1100    
	157    1957 1500    1300    1500    1300    1500    1500    1000    1300    400     600     1100    800     1500    500     700     300     1000    900     600     
	157    1958 2500    1300    1100    800     1300    1000    2100    500     300     1300    500     400     1000    800     600     900     900     2100    500     
	157    1959 4000    2100    4000    2100    2100    2000    2000    600     2000    300     800     2100    1500    1200    2000    2000    900     800     1200    
	157    1960 1300    900     1300    800     1100    1300    700     300     800     900     700     1100    1300    400     800     700     300     300     600     
	157    1961 1700    1700    1200    1200    1700    800     1200    600     1200    1700    700     1100    700     700     800     1200    900     800     700     
	157    1962 2100    1800    1900    1100    1900    1400    2100    600     1100    1300    1400    600     1400    500     700     900     2100    600     700     
	157    1963 2200    2100    1400    1300    800     800     1400    1100    1300    800     800     800     700     800     500     1400    900     500     1700    
	157    1964 1800    1800    1400    1300    1200    1400    1000    1300    700     1200    800     1100    800     900     1100    600     700     900     500     
	157    1965 1500    1200    1300    800     1500    1200    1500    300     800     1200    900     1300    600     300     1200    1100    1500    700     300     
	157    1966 1600    1100    1600    1100    1200    1400    1400    1100    600     500     600     1200    1000    400     1400    1400    800     300     200     
	157    1967 1400    1000    1400    1000    1200    1300    1200    900     1000    700     800     400     1300    800     1200    900     700     1200    400     
	157    1968 2200    1200    1600    800     1600    800     1600    400     800     800     1600    600     600     700     800     600     1000    1600    1500    
	157    1969 2400    1100    1800    900     1100    1800    2400    900     700     1100    900     300     1200    1200    1100    1600    2200    300     600     
	157    1970 1900    1300    1900    600     1000    1200    1400    600     300     1000    400     900     900     500     1200    1400    1200    800     900     
	157    1971 2300    1600    2300    1600    1200    2100    2200    1600    800     600     1000    800     1000    2000    800     2200    1100    500     900     
	157    1972 3100    1500    2000    1200    1500    1300    3100    900     900     1500    900     400     700     900     1300    1200    1900    500     2100    
	157    1973 3500    2200    1700    2200    1900    1700    1500    1400    600     1900    400     400     1700    600     1200    1500    900     1000    800     
	157    1974 2100    1100    1300    1000    2100    1300    400     600     600     1100    1000    900     900     600     1300    400     400     400     700     
	157    1975 1900    1100    1600    1100    1500    1000    1900    600     1100    400     900     1500    1000    600     900     600     1900    800     600     
	157    1976 2700    1500    2700    1500    1900    2700    700     500     1500    1100    1700    800     1700    1600    2700    400     700     500     600     
	157    1977 1700    700     1700    600     1100    1700    1400    400     400     400     600     1100    500     1600    1100    1400    1400    600     600     
	157    1978 1700    1000    1700    1000    1700    1400    1400    1000    600     500     900     1700    400     900     1400    1200    1400    900     700     
	157    1979 1400    700     1400    700     900     1200    1400    600     700     500     900     500     700     600     600     1400    1100    700     400     
	157    1980 2400    1400    2400    1400    2400    1200    1200    1400    800     1200    1000    2400    800     800     1000    500     400     1000    500     
	157    1981 2500    1600    2400    1600    2500    1100    900     400     1600    400     2400    400     800     500     1100    800     200     500     600     
	157    1982 2000    1500    2000    1500    2000    1100    1800    1200    1500    900     2000    900     600     1100    300     1800    800     600     900     
	157    1983 1900    1900    1900    1900    1300    1900    1800    400     1900    1300    400     300     1900    1700    1300    600     700     1400    500     
	157    1984 2200    1300    2200    1100    2100    2000    700     500     1100    1300    1900    400     700     1000    2000    300     700     700     500     
	157    1985 2000    2000    1300    2000    1200    800     1800    700     2000    500     1200    1000    400     800     400     800     1800    600     400     
	157    1986 3500    3500    1400    3200    1100    1400    2700    400     2800    1100    600     400     1100    1400    1300    1300    1400    600     400     
	157    1987 2000    1400    2000    1400    1300    2000    1300    1400    700     1300    1000    700     500     1500    700     600     500     1000    1400    
	157    1988 2700    900     2700    900     1000    2700    800     900     700     300     700     1000    2700    300     700     600     600     800     1000    
	157    1989 1800    1700    1800    1700    1800    1400    1200    1400    800     700     500     1800    1300    1400    900     800     500     1200    1000    
	157    1990 1800    1600    1800    600     1600    1800    1100    500     600     1600    600     1600    1000    1800    900     600     1100    500     600     
	157    1991 2500    1900    2300    1900    1500    1100    1400    1200    1100    1000    800     1500    400     500     1000    1400    1200    1000    1500    
	157    1992 1400    1400    1300    1400    1300    1300    700     1200    600     400     800     1300    1100    700     300     700     500     400     1100    
	157    1993 1800    1600    1500    900     1600    900     1800    500     900     1600    800     700     900     400     500     400     1000    1400    300     
	157    1994 1700    1200    1600    1200    900     1600    1700    500     1200    800     900     500     900     1600    800     400     1700    800     400     
	157    1995 2700    1200    2600    300     900     2600    1100    200     300     600     800     800     1300    1000    2200    1000    1100    1100    1600    
	157    1996 2900    2900    1600    2900    1600    1600    900     2100    800     1600    1300    1000    900     1200    900     900     600     400     1400    
	157    1997 2000    1700    2000    1700    1900    2000    2000    1700    300     1100    1900    1000    600     600     2000    1700    1700    800     700     
	157    1998 1700    1300    1700    1300    1700    1600    900     1200    1300    1300    300     1700    600     600     1600    900     200     700     300     
	157    1999 1900    700     1900    700     700     1200    1400    400     400     600     400     700     600     900     600     1400    1000    400     200     
	157    2000 1700    1100    1700    1100    1700    1400    700     1100    300     500     900     900     800     800     1400    700     500     300     600     
	157    2001 1700    1000    1700    1000    1400    1700    800     1000    800     500     400     1400    1300    900     800     300     700     800     1100    
	157    2002 2400    1100    1300    1000    2400    800     1000    900     500     1100    1300    600     500     800     700     1000    500     600     900     
	157    2003 2200    2200    2100    2200    2100    1900    1500    800     2200    2000    2100    600     1300    1300    1700    900     1500    800     1000    
	157    2004 1700    1000    1200    1000    1200    1100    1000    200     700     800     900     1200    600     600     500     1000    700     400     1500    
	157    2005 1600    800     1500    800     1200    1500    1600    500     700     500     400     1200    800     1500    600     600     1600    300     700     
	157    2006 1500    1500    1500    1500    1400    1500    1400    1100    500     1300    900     1400    1200    1500    400     1400    1100    600     1000    
	157    2007 4500    1000    3500    1000    4500    800     1000    300     700     1000    3000    500     700     400     800     600     1000    600     1400    
	157    2008 1800    1800    1300    1800    1300    1100    1000    400     1800    100     600     1300    1100    500     900     1000    700     500     1100    
	157    2009 2000    900     1900    900     1000    1900    2000    800     700     800     800     700     1500    500     800     1600    900     400     600     
	157    2010 2100    1100    2100    1100    2100    1200    1200    1100    600     600     2100    900     1100    600     500     600     1200    800     800     
	157    2011 2800    1800    1200    700     1700    600     2800    700     700     1700    1100    800     300     600     400     1200    600     2800    500     
	157    2012 2600    2400    1700    800     2600    1700    1000    500     800     2400    500     1100    500     800     1700    1000    400     600     400     
	157    2013 2300    1100    2300    800     1600    2300    1300    500     800     800     900     1000    1100    2300    900     1100    500     800     500     
	157    2014 1900    1600    1900    400     1600    1600    1900    400     400     1600    800     500     1600    500     500     1900    700     1000    400     
	157    2015 1900    1900    1500    900     1900    1500    1000    400     900     1900    1300    800     800     700     900     800     700     300     800     
	157    2016 1800    1300    1500    600     1300    1500    1600    400     600     1300    700     800     900     1500    800     1500    1100    900     1000    
	157    2017 1700    800     1700    700     1300    1500    1000    700     400     800     1300    1300    1500    500     900     800     1000    500     300     
	157    2018 4400    1500    4400    1400    2100    4400    1400    500     1400    400     1000    2100    2900    1500    600     700     1400    1200    600     
	157    2019 1700    1700    1600    1700    1600    1600    1000    500     1700    1500    1500    1500    1100    500     800     1000    500     600     500     
	157    2020 3700    2000    2200    1000    3700    900     1800    1000    400     2000    1700    2200    700     900     700     1800    600     600     400     
	157    2021 -999999 -999999 1500    -999999 1500    1200    1200    -999999 1000    900     1500    500     1200    800     700     1200    600     700     1000    
	157    2022 3600    2300    3600    700     3600    1300    800     700     400     1900    2100    1500    900     1200    1300    400     700     800     900     
	157    2023 3800    1100    3800    1100    1900    1900    900     600     1100    500     700     1900    1900    400     1200    900     700     300     600     
	157    2024 1100    -999999 1100    -999999 800     700     1100    700     -999999 800     500     600     700     600     700     1100    600     700     600     
	157    2025 3100    2000    2900    1200    3100    2400    1400    1200    1000    2000    1100    2300    1400    700     2400    1000    1400    800     1300    
	157    2026 -999999 -999999 -999999 600     -999999 -999999 -999999 600     300     -999999 -999999 -999999 -999999 -999999 -999999 -999999 -999999 -999999 -999999 
	