EUROPEAN CLIMATE ASSESSMENT & DATASET (ECA&D), file created on: 17-05-2026
THESE DATA CAN BE USED FOR NON-COMMERCIAL RESEARCH AND EDUCATION PROVIDED THAT THE FOLLOWING SOURCE IS ACKNOWLEDGED: 

Klein Tank, A.M.G. and Coauthors, 2002. Daily dataset of 20th-century surface
air temperature and precipitation series for the European Climate Assessment.
Int. J. of Climatol., 22, 1441-1453.
Data and metadata available at http://www.ecad.eu

FILE FORMAT (MISSING VALUE CODE = -999999):

THIS FILE HOLDS DATA FOR STATION NETHERLANDS                              DEN BOMMEL                               (STAID:   2387)
LATITUDE: dd:mm:ss +51:43:00
LONGITUDE: ddd:mm:ss +004:18:00
ELEVATION: m    0

DATA IS FOR INDEX Maximum no of consecutive dry days (RR < 1 mm) (CDD) with unit 0.01 No of days

01-06 SOUID: Source identifier
08-11 YEAR : YYYY
13-20 ANNUAL DATA VALUES
21-28 WINTER HALF YEAR DATA VALUES
29-36 SUMMER HALF YEAR DATA VALUES
37-44 WINTER (DJF) DATA VALUES
45-52 SPRING (MAM) DATA VALUES
53-60 SUMMER (JJA) DATA VALUES
61-68 AUTUMN (SON) DATA VALUES
69-76 JANUARY DATA VALUES
etc. 
157-164 DECEMBER DATA VALUES

2387   1950 -999999 -999999 -999999 -999999 -999999 -999999 -999999 -999999 -999999 -999999 -999999 -999999 -999999 -999999 -999999 -999999 -999999 -999999 -999999 
	2387   1951 2400    -999999 1500    -999999 1000    1000    2400    400     400     900     1000    500     1000    700     800     700     1900    300     900     
	2387   1952 1800    1100    1800    1100    1800    1100    700     400     1100    700     1100    1800    800     1000    1100    700     500     300     500     
	2387   1953 5600    5600    1900    2900    2700    1900    2500    1100    2800    2700    1100    1300    800     800     1900    800     2500    1100    800     
	2387   1954 2700    1600    2700    1600    2700    700     700     1000    600     1500    2600    1600    500     700     500     300     700     500     700     
	2387   1955 1900    1600    1900    1200    1900    1100    800     900     1200    700     1900    400     800     900     1100    800     700     800     500     
	2387   1956 1800    1400    1800    1400    1500    700     1800    500     1400    1200    800     900     400     700     400     1800    900     900     600     
	2387   1957 1500    1100    1300    1100    1400    1300    1500    1100    400     800     1000    800     1300    300     700     300     1500    1000    600     
	2387   1958 1700    1300    1200    800     1300    1200    1700    500     300     1300    500     500     1200    800     500     500     800     1700    700     
	2387   1959 2200    1700    2200    1700    1700    1700    2000    600     1600    300     800     1700    1500    1300    1700    2000    900     700     1200    
	2387   1960 1600    1100    1600    800     1500    1600    700     300     800     1100    600     1100    1600    500     700     700     300     400     400     
	2387   1961 1700    1700    1300    1200    1700    900     1300    500     1200    1700    700     800     700     900     700     1300    800     600     700     
	2387   1962 2100    2100    2100    1300    1900    1700    2100    600     1300    1300    1400    500     1700    500     400     1200    2100    800     700     
	2387   1963 2200    2100    1600    1400    800     800     1600    1200    1300    800     800     800     700     800     300     1600    1000    500     1700    
	2387   1964 1700    1700    1500    1300    1200    1400    1000    1300    500     1200    800     1100    800     900     1100    800     700     900     700     
	2387   1965 1600    1500    1600    1500    1600    1200    1200    400     1100    1300    600     1600    800     500     1200    900     1200    700     400     
	2387   1966 1600    1100    1600    1100    1200    1000    1500    1100    600     1000    600     1200    1000    400     800     1500    800     400     200     
	2387   1967 1500    1500    1400    1500    900     1400    1100    900     1500    900     800     500     900     1400    1200    900     700     1100    400     
	2387   1968 1800    1200    1100    800     1100    800     1800    500     800     500     1100    900     600     700     800     600     1100    1800    1500    
	2387   1969 2100    1100    2100    900     1100    2100    1800    900     700     1100    1000    400     1100    2000    900     1300    1800    300     600     
	2387   1970 2600    1200    2600    500     1000    1600    1400    500     400     400     200     1000    1600    600     800     1400    1100    900     1200    
	2387   1971 2300    1000    2300    1000    2000    2200    2200    1000    800     500     1500    800     900     2100    400     2200    1100    400     900     
	2387   1972 3000    1500    2000    1200    1500    1300    3000    900     800     1500    800     400     800     800     1300    1200    1800    400     2100    
	2387   1973 3400    1800    1700    1700    1800    1700    1500    1300    600     1800    400     400     1700    400     1200    1500    900     1000    900     
	2387   1974 2100    1100    1100    800     2100    800     800     500     600     1100    1100    700     800     600     800     800     200     400     700     
	2387   1975 1900    1100    1600    1000    1500    1000    1900    600     1000    200     1000    1500    1000    600     900     800     1900    700     1100    
	2387   1976 2500    1300    2500    1300    2500    2200    800     800     1100    1100    2300    800     1800    1200    1600    500     800     300     400     
	2387   1977 2100    800     2100    700     1100    2100    1400    400     700     400     800     1100    900     1600    500     900     1400    500     600     
	2387   1978 2300    1200    2300    1200    1700    1200    1600    1000    1200    300     900     1700    700     900     1200    1000    1600    1600    700     
	2387   1979 1400    800     1400    800     600     1100    1400    600     800     400     500     600     500     800     500     1400    1100    700     400     
	2387   1980 3200    1400    3200    1400    3200    1300    1200    1400    800     1200    1000    2700    1300    800     800     900     400     900     200     
	2387   1981 1900    1600    1800    1600    1900    1100    700     500     1600    500     1800    600     800     1100    1000    700     400     500     700     
	2387   1982 1700    1400    1700    1400    1600    1600    1700    1400    1300    900     1600    1100    500     1300    300     1700    600     500     800     
	2387   1983 2000    1800    2000    1800    1300    2000    1700    400     1800    1300    500     500     2000    1600    1300    600     900     1400    500     
	2387   1984 2200    1300    2200    1100    2100    2200    900     500     1100    1300    1900    400     800     1100    2200    200     700     900     600     
	2387   1985 2000    2000    1200    2000    1200    1000    1900    800     2000    800     1200    700     400     800     400     800     1900    700     300     
	2387   1986 3500    3500    1500    3200    1100    1300    2100    400     2800    1100    600     500     1100    1300    1300    1500    700     400     500     
	2387   1987 1800    1500    1300    1500    1300    1300    1200    1500    1000    1300    900     700     400     1300    400     500     600     900     1400    
	2387   1988 2500    900     2500    900     900     2500    700     900     700     300     800     900     2500    300     900     600     600     700     500     
	2387   1989 1700    1700    1700    1700    1700    1400    1200    1400    800     700     500     1700    1300    1400    1000    900     500     1200    800     
	2387   1990 2700    1000    2700    1000    1600    2700    900     800     600     700     600     1600    900     2200    1100    600     900     500     800     
	2387   1991 2300    1600    2300    1600    1500    1700    1400    1000    1100    1100    800     1500    400     700     1000    1400    1100    800     1500    
	2387   1992 1400    1300    1400    1300    1400    800     1200    1200    600     400     1000    1400    800     700     500     700     700     400     1200    
	2387   1993 1700    1700    1500    1700    1600    900     1600    700     1500    1600    800     700     700     400     800     400     1000    1500    500     
	2387   1994 1900    1200    1900    1200    900     1900    1700    500     1200    400     900     600     1400    1900    800     600     1700    1000    400     
	2387   1995 2700    1700    2700    500     1600    2700    2100    200     500     600     800     1500    1300    1000    2300    900     2100    1100    1600    
	2387   1996 2200    2200    2100    2200    2100    1200    1000    2100    500     1500    2000    1200    1000    1200    700     1000    500     400     1400    
	2387   1997 1900    1800    1900    1800    1900    1900    1600    1700    300     1300    1900    1000    600     1000    1900    1600    900     500     700     
	2387   1998 1700    1400    1700    1300    1700    1600    900     1200    1300    1400    300     1700    300     800     1600    900     200     700     300     
	2387   1999 2000    700     2000    700     1000    1400    1400    600     400     700     600     1000    1100    1400    600     1400    1000    600     200     
	2387   2000 1700    1400    1700    1400    1700    1600    700     1400    400     700     900     900     1600    800     1100    700     500     300     800     
	2387   2001 1400    900     1400    900     1400    900     800     900     800     400     400     1400    800     500     800     300     800     700     1200    
	2387   2002 2400    1100    1400    1000    2400    800     1200    900     500     1100    1300    1400    700     800     800     1200    500     600     700     
	2387   2003 2200    2100    2200    2100    2200    1900    1300    900     2100    2000    2200    700     800     1300    1700    900     1300    800     1000    
	2387   2004 1700    1000    1400    1000    1400    1000    1200    300     700     800     900     1400    800     600     400     1200    900     400     1500    
	2387   2005 1500    1000    1500    900     1200    1500    1500    600     900     500     600     1200    800     1500    600     1000    1500    800     500     
	2387   2006 1700    1700    1500    1700    1500    1400    1500    1100    700     1300    1200    1500    1200    900     400     1500    600     600     900     
	2387   2007 3700    800     3500    800     3700    1000    1000    400     700     800     3000    500     600     400     1000    600     1000    500     1400    
	2387   2008 1800    1800    1500    1800    1500    1100    1000    600     1800    300     700     1400    1100    400     900     1000    600     600     1100    
	2387   2009 2000    1100    2000    1100    1000    2000    1800    800     700     1000    900     900     1500    500     900     1600    700     500     900     
	2387   2010 2100    1100    2100    1100    2100    1300    900     1100    800     900     2100    900     1100    1000    400     600     900     800     600     
	2387   2011 2500    1800    1600    1600    1700    600     2500    700     900     1700    1600    700     400     600     400     1200    600     2500    500     
	2387   2012 2900    2400    1100    1000    2900    1000    1000    900     1000    2400    500     1100    400     700     1000    1000    500     600     400     
	2387   2013 2200    1200    2200    900     2100    2200    1300    500     900     1200    1200    700     1100    2200    900     1100    600     400     500     
	2387   2014 2400    1500    2400    500     1500    2400    1900    500     400     1500    800     500     2000    500     200     1900    400     600     400     
	2387   2015 2000    2000    1200    1400    2000    1200    1000    400     1400    2000    1200    900     1100    400     900     700     600     400     700     
	2387   2016 1900    1700    1300    400     1700    1100    1300    300     400     1700    700     800     1100    800     700     1300    1100    1000    1000    
	2387   2017 1500    1000    1500    700     1300    1300    800     700     400     1000    1300    1100    1300    400     900     800     700     300     800     
	2387   2018 2800    1500    2800    1400    2100    2800    1500    400     1400    600     900     2100    1500    1500    700     1500    1400    1200    800     
	2387   2019 2000    1700    2000    1700    2000    1600    1000    600     1700    1500    2000    1400    1100    700     1100    1000    500     400     500     
	2387   2020 3700    2000    3300    1000    3700    900     1600    1000    400     2000    1700    3000    900     900     700     1600    600     800     300     
	2387   2021 -999999 -999999 2300    -999999 1600    1600    1300    -999999 1000    900     1600    700     1600    1300    900     1300    300     700     1000    
	2387   2022 3300    2800    3300    700     3300    2500    700     700     400     2800    2300    1000    900     1800    1500    400     700     500     600     
	2387   2023 3900    1100    3900    1100    2000    1900    1000    600     1100    500     700     2000    1900    400     1200    1000    700     200     300     
	2387   2024 1100    -999999 1100    -999999 800     900     1100    700     -999999 400     400     800     800     600     900     1100    600     800     700     
	2387   2025 3000    1500    3000    1200    3000    2400    1200    1200    900     1500    1100    2300    1300    700     2400    1000    700     800     1300    
	2387   2026 -999999 -999999 -999999 600     -999999 -999999 -999999 600     300     -999999 -999999 -999999 -999999 -999999 -999999 -999999 -999999 -999999 -999999 
	