EUROPEAN CLIMATE ASSESSMENT & DATASET (ECA&D), file created on: 17-05-2026
THESE DATA CAN BE USED FOR NON-COMMERCIAL RESEARCH AND EDUCATION PROVIDED THAT THE FOLLOWING SOURCE IS ACKNOWLEDGED: 

Klein Tank, A.M.G. and Coauthors, 2002. Daily dataset of 20th-century surface
air temperature and precipitation series for the European Climate Assessment.
Int. J. of Climatol., 22, 1441-1453.
Data and metadata available at http://www.ecad.eu

FILE FORMAT (MISSING VALUE CODE = -999999):

THIS FILE HOLDS DATA FOR STATION NETHERLANDS                              HEEG                                     (STAID:   2429)
LATITUDE: dd:mm:ss +52:58:00
LONGITUDE: ddd:mm:ss +005:36:00
ELEVATION: m   -1

DATA IS FOR INDEX Maximum no of consecutive dry days (RR < 1 mm) (CDD) with unit 0.01 No of days

01-06 SOUID: Source identifier
08-11 YEAR : YYYY
13-20 ANNUAL DATA VALUES
21-28 WINTER HALF YEAR DATA VALUES
29-36 SUMMER HALF YEAR DATA VALUES
37-44 WINTER (DJF) DATA VALUES
45-52 SPRING (MAM) DATA VALUES
53-60 SUMMER (JJA) DATA VALUES
61-68 AUTUMN (SON) DATA VALUES
69-76 JANUARY DATA VALUES
etc. 
157-164 DECEMBER DATA VALUES

2429   1950 -999999 -999999 -999999 -999999 -999999 -999999 -999999 -999999 -999999 -999999 -999999 -999999 -999999 -999999 -999999 -999999 -999999 -999999 -999999 
	2429   1951 2400    -999999 1400    -999999 1100    1000    2400    500     400     900     1100    400     1000    700     900     500     1900    400     600     
	2429   1952 1400    1000    1400    600     1400    1100    1200    600     600     1000    1200    1400    700     1000    1100    1200    800     600     600     
	2429   1953 1800    1800    1200    900     1700    1000    1300    800     900     1700    1200    800     1000    700     1000    600     800     1300    800     
	2429   1954 2000    2000    1500    2000    1600    700     600     1100    900     1600    1500    1400    500     400     700     300     500     600     400     
	2429   1955 3300    1500    1800    1100    1200    1800    3100    900     1100    800     1200    800     800     1700    600     800     800     3000    400     
	2429   1956 1400    1000    1400    900     1300    600     1400    500     900     1000    900     800     600     400     400     1400    800     700     600     
	2429   1957 6600    6400    1300    5900    1200    1200    1000    3100    2800    500     900     1000    1200    200     700     800     1000    900     1000    
	2429   1958 2400    1400    1300    600     1400    1200    2000    500     500     1400    600     500     1000    1200    800     500     900     2000    400     
	2429   1959 3000    2600    3000    2600    2300    1700    2100    700     1900    400     1300    2300    1500    1700    800     2000    1700    700     500     
	2429   1960 1900    1200    1900    500     1900    800     1000    400     500     1200    700     1200    800     400     700     900     200     400     400     
	2429   1961 1800    1000    1000    1000    1000    700     1800    600     1000    900     500     1000    700     600     700     700     1200    1800    1500    
	2429   1962 2200    1200    1600    1100    1400    1600    2200    400     1100    500     900     500     1600    800     400     300     2200    900     700     
	2429   1963 2400    2400    1300    1600    900     800     1200    1500    1600    800     600     900     800     700     400     1200    900     500     1800    
	2429   1964 2400    2400    1100    1300    1800    1000    1000    1300    600     1800    800     1100    600     1000    500     700     700     800     300     
	2429   1965 2100    1200    2100    1200    800     2100    1300    500     1200    600     400     600     700     800     1900    700     1300    600     300     
	2429   1966 1600    1000    1600    1000    1200    1000    1500    1000    500     600     300     1200    1000    300     500     1500    600     400     300     
	2429   1967 1100    1000    1100    1000    800     1100    1100    1000    800     700     800     500     900     700     1100    500     300     1100    500     
	2429   1968 1700    1300    1700    1300    1700    900     1000    400     1300    600     1700    600     800     700     900     1000    800     1000    1500    
	2429   1969 1800    1200    1800    900     1200    1200    1700    900     400     1200    900     600     1000    1200    600     1500    1700    500     600     
	2429   1970 2200    1400    2200    1400    1200    2000    1200    1400    600     800     300     1200    2000    400     900     1200    1100    600     1300    
	2429   1971 1500    1000    1400    1000    1400    1200    1500    600     500     500     1000    900     700     1100    500     1200    1100    400     900     
	2429   1972 3000    1700    1300    1300    1700    1200    3000    1000    900     1700    700     700     300     1200    1100    1200    1800    300     900     
	2429   1973 2300    900     2300    900     1000    2300    1200    900     700     900     1000    500     2300    1000    2100    1200    900     700     400     
	2429   1974 3200    1100    2100    700     3200    1400    800     500     700     1100    2100    900     800     400     1400    800     500     400     600     
	2429   1975 2100    1200    2100    1100    900     2100    1400    700     1100    700     900     700     1200    700     1400    900     1400    500     1000    
	2429   1976 2300    1300    2300    1300    1900    2300    700     500     1000    1100    1300    600     1600    1200    1500    700     700     500     300     
	2429   1977 1900    600     1900    500     1800    1200    1800    300     500     600     500     1800    1200    1100    600     1800    1100    200     600     
	2429   1978 1300    1100    1300    1100    1200    1200    1100    1100    900     500     900     700     600     1200    1200    500     1000    900     800     
	2429   1979 1300    900     1000    900     500     900     1300    900     600     300     500     500     900     700     500     1000    900     300     400     
	2429   1980 2900    1600    2900    1500    2900    900     700     1500    1400    800     1500    2800    700     900     400     700     600     500     200     
	2429   1981 2600    1300    2200    1300    2600    1700    1100    1200    1200    500     2100    400     800     700     1700    1100    300     400     600     
	2429   1982 1300    1300    1200    1300    1200    1100    1200    1200    1300    900     1000    1200    500     1000    700     1200    800     300     400     
	2429   1983 2300    1600    2300    1600    1300    2300    1600    400     1600    1300    300     300     1100    2200    1800    900     400     1300    600     
	2429   1984 2600    1200    2600    1100    2100    2400    800     200     1100    1200    1900    700     600     1200    2400    300     600     800     500     
	2429   1985 2200    2200    1000    2200    1000    500     1500    500     2200    400     800     1000    500     400     500     900     1500    800     400     
	2429   1986 1900    1900    1300    1900    1200    1200    1900    400     1900    1100    1200    400     1200    1000    700     1300    700     400     500     
	2429   1987 1400    1400    1200    1400    1200    1200    800     900     1100    1200    1000    800     500     900     400     400     500     800     600     
	2429   1988 1800    800     1800    500     1800    1100    1500    500     400     300     1500    1800    1100    200     900     600     1000    800     500     
	2429   1989 1800    900     1800    900     1800    1800    1100    600     600     700     500     1800    1800    800     1000    900     400     1100    900     
	2429   1990 2000    800     2000    700     1900    2000    900     500     700     800     600     1900    1000    2000    900     600     900     500     600     
	2429   1991 2100    1800    2100    1800    1200    1200    1300    1100    700     1200    800     1000    400     700     800     1300    1200    400     1600    
	2429   1992 2500    1000    2500    1000    1700    2500    600     900     700     400     900     1700    2300    700     800     600     500     300     1300    
	2429   1993 2100    1700    2000    1700    2000    1800    1600    500     1500    1000    1000    1200    900     1100    500     400     500     1600    500     
	2429   1994 2200    2200    1300    2200    1000    1300    1600    500     2200    200     600     500     500     1300    900     600     1600    900     400     
	2429   1995 2600    1600    2600    500     1800    2600    2000    300     500     500     1100    700     1300    800     2200    800     2000    1000    1600    
	2429   1996 3000    3000    2000    3000    2000    1000    1300    2200    800     1700    2000    600     900     1000    800     900     1300    400     900     
	2429   1997 2000    1800    2000    1800    1200    2000    1600    1800    300     900     1200    1000    600     1300    2000    1600    700     500     400     
	2429   1998 1700    1300    1700    1300    1700    1600    900     800     1300    700     300     1700    200     900     1600    900     400     500     300     
	2429   1999 2000    600     2000    600     1300    1300    1400    300     300     500     900     700     900     900     600     1400    1000    400     200     
	2429   2000 1200    1100    1200    1100    800     1200    600     1100    300     800     800     800     700     1200    500     600     400     200     600     
	2429   2001 1800    900     1800    900     1300    1800    700     900     900     500     400     1300    900     900     500     200     700     400     1300    
	2429   2002 1800    1000    1000    1000    1800    900     1000    1000    500     1000    1000    800     500     600     900     1000    600     500     1300    
	2429   2003 2000    2000    1800    2000    2000    1800    1500    600     2000    2000    1400    700     1000    1100    1700    1100    1500    800     1000    
	2429   2004 1800    1500    1800    1000    1800    1500    1000    300     600     1100    1800    1400    1300    700     900     1000    1000    300     1500    
	2429   2005 1600    1000    1300    600     900     900     1600    300     600     700     600     900     800     900     900     800     1600    300     500     
	2429   2006 1900    1400    1900    1000    1400    1200    1900    900     900     1400    600     1300    1200    1100    300     1900    1100    400     1200    
	2429   2007 4500    1000    3500    800     4500    1200    1600    400     500     1000    3000    500     1200    400     1100    500     1500    800     1300    
	2429   2008 1600    1400    1600    1400    1600    700     1500    300     1400    300     900     1500    600     300     700     1500    700     600     1200    
	2429   2009 1700    1000    1700    1000    1700    900     1700    800     300     800     1700    600     600     400     900     1700    500     300     500     
	2429   2010 2400    600     2400    600     2400    1000    800     500     600     500     2400    1600    900     1000    400     300     800     600     1300    
	2429   2011 2800    1900    2800    800     2800    900     2000    700     700     1900    1900    900     400     700     500     1200    1100    2000    500     
	2429   2012 2400    2200    1400    800     2400    800     1000    500     800     2200    700     1400    500     700     800     1000    500     500     200     
	2429   2013 2300    1300    2300    900     2100    2300    1300    800     900     1300    1300    700     1100    2300    1200    1100    500     400     400     
	2429   2014 2000    1600    2000    500     1600    1100    1900    500     500     1600    500     600     900     1100    300     1900    700     600     500     
	2429   2015 1400    1100    1200    900     1200    1100    1400    400     900     1100    1200    600     1100    500     800     600     1000    400     400     
	2429   2016 2400    1200    2400    500     1200    1000    2400    300     500     1200    600     1100    800     1000    700     2400    900     1000    1000    
	2429   2017 1300    1100    1300    800     1100    1300    1000    800     600     1100    1000    900     1300    800     900     1000    800     300     500     
	2429   2018 3500    1700    3500    1400    1900    3500    2200    400     1400    500     1900    1000    900     2600    900     500     2200    1400    500     
	2429   2019 2100    800     2100    700     2100    1500    600     400     700     600     2100    1600    1000    1000    600     600     300     600     700     
	2429   2020 2500    1100    2500    700     2500    1500    1300    700     300     1100    2500    1900    800     800     1200    1300    400     800     400     
	2429   2021 -999999 -999999 1500    -999999 1500    1200    1300    -999999 1000    800     1500    500     1200    -999999 500     1300    500     600     500     
	2429   2022 3100    1400    3100    700     3100    1500    700     700     400     1400    2100    1000    900     1300    1500    500     700     500     1000    
	2429   2023 3400    1100    3400    1100    1500    1900    1100    600     1100    300     700     1500    1900    500     1100    1100    700     200     500     
	2429   2024 1400    -999999 1300    -999999 1400    1300    1200    600     -999999 1400    400     800     800     600     700     1000    500     900     600     
	2429   2025 2700    1600    2700    1200    2700    1600    1000    700     1000    1600    1100    2100    1100    700     1600    800     1000    500     1200    
	2429   2026 -999999 -999999 -999999 1100    -999999 -999999 -999999 1100    500     -999999 -999999 -999999 -999999 -999999 -999999 -999999 -999999 -999999 -999999 
	