EUROPEAN CLIMATE ASSESSMENT & DATASET (ECA&D), file created on: 17-05-2026
THESE DATA CAN BE USED FOR NON-COMMERCIAL RESEARCH AND EDUCATION PROVIDED THAT THE FOLLOWING SOURCE IS ACKNOWLEDGED: 

Klein Tank, A.M.G. and Coauthors, 2002. Daily dataset of 20th-century surface
air temperature and precipitation series for the European Climate Assessment.
Int. J. of Climatol., 22, 1441-1453.
Data and metadata available at http://www.ecad.eu

FILE FORMAT (MISSING VALUE CODE = -999999):

THIS FILE HOLDS DATA FOR STATION NETHERLANDS                              HARLINGEN                                (STAID:   2427)
LATITUDE: dd:mm:ss +53:10:59
LONGITUDE: ddd:mm:ss +005:25:59
ELEVATION: m    0

DATA IS FOR INDEX Maximum no of consecutive dry days (RR < 1 mm) (CDD) with unit 0.01 No of days

01-06 SOUID: Source identifier
08-11 YEAR : YYYY
13-20 ANNUAL DATA VALUES
21-28 WINTER HALF YEAR DATA VALUES
29-36 SUMMER HALF YEAR DATA VALUES
37-44 WINTER (DJF) DATA VALUES
45-52 SPRING (MAM) DATA VALUES
53-60 SUMMER (JJA) DATA VALUES
61-68 AUTUMN (SON) DATA VALUES
69-76 JANUARY DATA VALUES
etc. 
157-164 DECEMBER DATA VALUES

2427   1920 -999999 -999999 -999999 -999999 -999999 -999999 5800    -999999 -999999 -999999 -999999 -999999 -999999 500     800     800     2800    3000    600     
	2427   1921 3900    2400    1600    2200    2200    1500    3500    500     2200    2200    1100    1500    1000    1500    1000    1600    1900    2200    1700    
	2427   1922 1700    1700    1500    1300    1700    900     1400    1300    1100    1700    700     1300    900     400     700     800     1400    600     300     
	2427   1923 2300    2300    2000    700     2300    2000    900     700     500     2300    1100    900     700     2000    1300    900     200     500     1100    
	2427   1924 2800    2800    1500    2800    2100    1500    2100    1000    2700    1500    1100    500     1500    900     700     800     1000    2100    900     
	2427   1925 1700    900     1600    900     1600    1600    1700    800     400     800     1400    1300    1200    1600    800     800     1100    500     800     
	2427   1926 1900    1900    1900    1700    1900    1900    1000    1700    900     1900    800     1200    800     1500    1000    1000    700     500     700     
	2427   1927 1800    1400    1800    1200    1500    1200    1700    500     1200    1400    400     1100    1000    1200    1000    800     1600    400     1600    
	2427   1928 2700    2000    2700    800     2000    2700    1600    200     800     1200    1500    700     600     2500    800     1600    600     300     400     
	2427   1929 2500    2500    2500    1300    2100    2500    1100    600     1100    2100    1100    1400    1000    2500    900     1100    600     400     1200    
	2427   1930 2000    2000    1600    1900    1400    1100    900     1200    1900    1100    900     500     1100    400     800     500     900     500     800     
	2427   1931 1500    1000    1300    1000    1200    1300    1500    600     400     900     600     800     800     500     800     1000    500     1000    500     
	2427   1932 1900    1900    1700    1900    1700    1600    400     1300    1000    1700    1300    400     1600    600     900     400     400     300     1800    
	2427   1933 3100    1500    3100    1500    2100    1200    1300    1200    1500    1200    600     2100    1000    900     1000    1200    600     800     1000    
	2427   1934 2100    2100    1600    2100    1300    1400    1600    700     2100    800     500     1000    1200    1200    900     1600    300     1200    500     
	2427   1935 2000    1500    2000    1100    1800    2000    700     1100    400     1500    700     1200    400     1600    1400    600     500     700     600     
	2427   1936 1400    1400    1300    1300    1400    1100    1000    500     1200    1400    900     1000    800     600     1100    700     500     1000    900     
	2427   1937 1500    700     1500    700     1200    1500    800     700     200     500     800     700     600     900     1000    500     800     700     500     
	2427   1938 2300    2300    1200    900     2300    1200    1300    300     900     2300    700     800     1200    1000    400     600     800     1300    900     
	2427   1939 2400    1500    2400    1500    1400    1700    600     700     800     500     700     1400    1000    600     1700    500     400     600     1500    
	2427   1940 1800    1200    1800    1200    1800    1100    900     800     700     700     800     1800    1100    500     700     900     800     400     700     
	2427   1941 2800    1100    2800    1100    2500    2800    1200    1100    500     1100    1100    1400    1600    1200    300     1200    800     500     600     
	2427   1942 3000    1900    3000    1900    3000    1200    600     1900    1500    1100    2000    1000    1200    500     600     600     300     600     800     
	2427   1943 3700    3700    1900    1400    2300    1900    1400    800     1400    2300    1100    1100    700     1900    700     1300    1000    500     1000    
	2427   1944 2100    1700    2100    1700    1200    2100    900     600     1700    1000    800     700     800     1100    2000    600     900     400     1000    
	2427   1945 1700    1100    1400    500     1400    1200    1700    500     300     1100    1400    800     600     1200    400     1300    1700    1200    500     
	2427   1946 1700    1500    1700    1500    1700    900     1400    1500    400     1000    1700    1500    400     900     300     700     1400    400     1600    
	2427   1947 3300    3300    3200    3300    2100    2500    1000    1000    2700    700     1100    2100    900     1600    2500    700     800     500     1000    
	2427   1948 2100    2100    1900    1500    1900    1400    1100    500     1500    1000    1900    1100    900     1400    600     700     600     1100    1100    
	2427   1949 2200    1300    2000    1300    1100    2000    2200    700     800     1100    800     600     1700    1000    900     1200    1000    600     600     
	2427   1950 1700    1300    1700    1300    1100    1300    900     1300    400     600     1100    1000    1300    400     500     300     900     200     1400    
	2427   1951 3600    1700    3600    800     1100    3600    2400    500     700     1000    1100    700     1100    3100    900     700     2000    400     1300    
	2427   1952 1500    1000    1500    500     1500    800     900     500     500     1000    1200    1500    700     800     600     500     900     600     800     
	2427   1953 2900    2200    900     1400    2200    800     1600    1400    1100    2200    900     700     500     600     800     700     700     1600    1300    
	2427   1954 6000    2000    6000    2000    2900    5600    500     1100    900     1700    2700    1300    500     2500    3100    400     500     500     300     
	2427   1955 2400    1500    2400    1100    1100    2300    900     1000    1100    800     1100    800     800     1900    2300    800     900     700     300     
	2427   1956 1100    900     1000    800     900     1000    1100    500     800     900     900     800     1000    400     300     900     800     1100    600     
	2427   1957 1800    1100    1800    1100    1500    1800    1500    1100    500     700     1200    800     1800    400     700     500     1500    600     1000    
	2427   1958 2500    1300    1100    600     1300    1000    2100    500     400     1300    700     500     1000    900     600     500     800     2100    400     
	2427   1959 3000    1500    3000    1500    2300    1700    2600    500     1400    400     1300    2300    1700    1400    600     2000    1700    700     600     
	2427   1960 1500    1500    1300    400     1500    900     900     400     400     1500    900     1200    900     500     700     900     200     400     500     
	2427   1961 2000    1000    1200    1000    1000    900     2000    600     1000    900     700     1000    800     600     900     600     1300    2000    800     
	2427   1962 2200    2000    2200    1100    1500    1700    2200    500     1100    1500    900     700     1700    800     500     700     2200    1000    700     
	2427   1963 1900    1900    1700    1500    900     1000    1700    1500    1100    800     600     900     600     700     300     1700    1000    500     800     
	2427   1964 2400    2400    1200    2000    1800    900     1000    2000    1100    1800    800     1200    600     900     400     800     700     900     400     
	2427   1965 2100    1600    2100    1600    800     2100    1400    500     1100    600     400     800     800     600     1900    900     1400    600     300     
	2427   1966 1600    1000    1600    1000    1300    1200    1500    1000    500     600     400     1300    1000    900     600     1500    600     300     300     
	2427   1967 1200    1200    1200    1200    800     1200    1000    1200    800     700     800     400     1200    700     1200    600     200     1000    500     
	2427   1968 1700    1300    1700    1300    1700    1000    1000    400     1300    900     1700    700     1000    800     800     400     1000    900     1500    
	2427   1969 2100    1300    2100    1000    1200    2100    1900    1000    500     1200    900     700     1300    2100    1000    1500    1900    200     700     
	2427   1970 2500    1300    2500    900     1300    2000    1300    900     400     700     300     1300    2000    500     800     1300    1200    700     1300    
	2427   1971 2100    1000    1500    1000    2100    1300    1500    600     900     600     1500    900     700     1100    700     1200    1100    400     900     
	2427   1972 3000    1700    1900    1300    1700    1200    3000    1000    900     1700    700     800     500     1200    1100    1200    1800    300     1800    
	2427   1973 2600    1300    2300    1000    1300    2300    1200    1000    700     1300    800     600     2300    1000    900     1200    800     700     400     
	2427   1974 3500    1100    2400    1000    3500    1400    800     500     1000    1100    2400    700     1400    500     900     800     300     400     500     
	2427   1975 2000    1200    2000    1100    1200    2000    1700    900     1100    600     900     1200    1100    1000    1400    900     1500    700     700     
	2427   1976 3800    1600    3200    1600    3800    2900    1100    500     1600    1200    3000    800     1100    1800    2300    1100    800     400     500     
	2427   1977 1900    800     1900    500     1800    1400    1300    400     300     700     400     1800    800     1400    500     600     1300    400     1200    
	2427   1978 2700    1000    2700    1000    1500    2700    1000    700     1000    700     1500    1500    1100    2200    600     500     900     900     800     
	2427   1979 1300    1000    1300    1000    800     900     1300    1000    1000    300     600     800     800     700     900     1300    1300    700     400     
	2427   1980 3000    1600    3000    1500    3000    1300    900     1500    1400    1400    1000    2800    800     1200    500     900     700     500     300     
	2427   1981 2900    1700    2200    1700    2900    1700    1100    1300    1700    700     2200    700     1300    700     1700    1100    400     400     1300    
	2427   1982 2300    1500    2300    1500    1300    2300    1800    1200    1500    900     1000    1300    600     1600    700     1800    500     400     600     
	2427   1983 2500    1600    2500    1600    900     2500    1600    600     1600    900     400     300     1100    2300    1400    800     700     1300    600     
	2427   1984 2800    1300    2800    1100    2200    2600    900     400     1100    1300    1900    1100    1000    1100    2600    300     900     400     500     
	2427   1985 2300    2300    1000    2300    1000    600     2200    600     2200    400     1000    1000    600     600     600     900     2200    900     400     
	2427   1986 2500    2500    1300    2500    1200    1100    1900    400     2100    1200    1200    700     700     1000    1100    1300    700     400     500     
	2427   1987 1900    1400    1900    1400    1900    1200    1200    1300    1400    1200    1900    900     700     900     300     500     400     900     700     
	2427   1988 2100    800     2100    600     2100    1100    2000    500     600     300     1400    2100    1100    400     900     600     2000    700     600     
	2427   1989 2000    1300    2000    1300    1700    2000    1300    1000    600     700     600     1700    1900    2000    1000    800     400     1300    1100    
	2427   1990 2700    900     2700    700     1900    2700    900     700     700     900     800     1900    1200    2200    900     600     900     300     900     
	2427   1991 2200    2100    2200    2100    1500    2200    1300    1100    1000    1200    1000    1500    600     700     1500    1300    1200    400     1600    
	2427   1992 1700    1000    1700    1000    1700    1500    1600    800     1000    400     1100    1700    1100    700     800     1600    700     600     1300    
	2427   1993 2000    1800    2000    1800    2000    1400    1500    500     1500    1500    1000    1200    1300    800     500     500     1000    1500    200     
	2427   1994 1700    1400    1300    1400    1000    1300    1700    600     1400    200     900     900     1000    1300    500     600     1700    1000    400     
	2427   1995 2400    1600    2400    500     1600    2400    2000    500     500     500     900     700     1100    900     2200    500     2000    700     1100    
	2427   1996 3000    3000    2000    3000    2300    1000    1200    2200    800     2300    2000    600     900     1000    800     1200    900     300     900     
	2427   1997 2300    1900    2300    1900    2200    2300    1500    1800    400     900     2200    1000    600     1000    2300    1500    700     1100    400     
	2427   1998 1600    1400    1600    1300    1400    1600    1300    1200    1300    1400    300     1400    500     800     1600    1300    300     500     400     
	2427   1999 2000    600     2000    600     1400    1500    1400    300     500     600     1000    800     900     1500    600     1400    1200    700     200     
	2427   2000 1800    1700    1800    1700    800     1800    600     1700    500     800     600     800     700     1600    900     600     400     300     600     
	2427   2001 1800    1000    1800    1000    1200    1800    400     1000    600     400     400     1200    900     1100    700     400     300     400     1300    
	2427   2002 2300    1000    1700    1000    2300    1400    1000    1000    500     1000    1300    800     1400    600     1100    1000    600     600     1200    
	2427   2003 3000    2300    3000    2200    2300    3000    1500    600     2200    2300    2200    700     2100    1100    2800    1100    1500    800     1000    
	2427   2004 1500    1500    1500    1300    1500    1500    1000    300     1300    1100    800     1500    1300    600     900     1000    1000    400     1400    
	2427   2005 1300    900     1300    800     900     1100    1000    500     700     900     600     800     1100    900     1000    900     1000    400     700     
	2427   2006 1500    1400    1500    1300    1500    1200    1400    1000    1000    1400    900     1500    1200    1100    300     1400    500     500     900     
	2427   2007 4600    1100    3500    900     4600    1300    1600    500     500     1100    3000    500     1300    400     1100    600     1500    900     1700    
	2427   2008 1500    1500    1400    1500    1400    900     900     400     1500    300     1200    1400    700     300     900     900     700     600     1200    
	2427   2009 2400    1200    2400    1000    1600    1300    2400    800     600     1200    1600    800     900     400     800     2400    500     200     400     
	2427   2010 2400    1200    2400    1200    2400    1300    800     600     1200    900     2400    1600    1200    1100    400     300     800     600     900     
	2427   2011 3300    3000    3300    1200    3300    700     2000    1200    700     2900    1900    1400    500     600     400     900     600     2000    500     
	2427   2012 1700    1400    1400    1100    1700    700     1000    1100    900     1400    700     1400    500     700     700     1000    400     600     200     
	2427   2013 2300    1600    2300    900     1000    2300    1300    900     900     1000    1000    700     1100    2300    700     1100    500     200     400     
	2427   2014 2000    1700    2000    500     1700    1100    1900    500     500     1700    800     600     800     1100    300     1900    400     500     400     
	2427   2015 1600    1000    1600    900     1600    1100    1300    500     900     1000    1600    900     1100    700     800     600     1000    300     300     
	2427   2016 2400    1700    2400    500     1700    1000    2400    200     500     1700    700     1100    800     1000    700     2400    1100    1000    800     
	2427   2017 2200    1300    1200    1300    2200    1200    900     800     1300    1100    1100    900     1200    400     900     900     700     300     800     
	2427   2018 3600    1700    3600    1400    1500    3600    1900    400     1400    600     1000    1500    900     2700    800     600     1900    1600    500     
	2427   2019 2700    1200    2300    1000    2700    1600    600     400     1000    600     2300    2000    1100    1000    800     600     300     600     700     
	2427   2020 2100    1600    2100    500     2100    900     1300    300     500     1600    2100    1000    800     900     900     1300    400     1000    300     
	2427   2021 -999999 -999999 3100    -999999 1700    1200    2700    -999999 1000    900     1700    500     1200    1000    500     2700    500     700     900     
	2427   2022 3100    1400    3100    800     3100    1900    700     800     400     1400    2100    1000    900     1900    1500    500     700     500     700     
	2427   2023 2900    1000    2900    1000    1000    1900    1100    600     1000    400     600     1000    1900    500     1000    1100    500     200     500     
	2427   2024 1300    -999999 1300    -999999 1100    1300    1200    700     -999999 1100    500     1100    1300    600     700     1200    400     900     700     
	2427   2025 2600    1200    2600    1200    1900    2600    900     1100    900     1100    1100    1700    800     700     2600    800     500     700     1200    
	2427   2026 -999999 -999999 -999999 600     -999999 -999999 -999999 600     400     -999999 -999999 -999999 -999999 -999999 -999999 -999999 -999999 -999999 -999999 
	