EUROPEAN CLIMATE ASSESSMENT & DATASET (ECA&D), file created on: 17-05-2026
THESE DATA CAN BE USED FOR NON-COMMERCIAL RESEARCH AND EDUCATION PROVIDED THAT THE FOLLOWING SOURCE IS ACKNOWLEDGED: 

Klein Tank, A.M.G. and Coauthors, 2002. Daily dataset of 20th-century surface
air temperature and precipitation series for the European Climate Assessment.
Int. J. of Climatol., 22, 1441-1453.
Data and metadata available at http://www.ecad.eu

FILE FORMAT (MISSING VALUE CODE = -999999):

THIS FILE HOLDS DATA FOR STATION NETHERLANDS                              ZAANDIJK                                 (STAID:    523)
LATITUDE: dd:mm:ss +52:28:59
LONGITUDE: ddd:mm:ss +004:48:00
ELEVATION: m    0

DATA IS FOR INDEX Maximum no of consecutive dry days (RR < 1 mm) (CDD) with unit 0.01 No of days

01-06 SOUID: Source identifier
08-11 YEAR : YYYY
13-20 ANNUAL DATA VALUES
21-28 WINTER HALF YEAR DATA VALUES
29-36 SUMMER HALF YEAR DATA VALUES
37-44 WINTER (DJF) DATA VALUES
45-52 SPRING (MAM) DATA VALUES
53-60 SUMMER (JJA) DATA VALUES
61-68 AUTUMN (SON) DATA VALUES
69-76 JANUARY DATA VALUES
etc. 
157-164 DECEMBER DATA VALUES

523    1866 -999999 -999999 -999999 -999999 -999999 -999999 -999999 -999999 -999999 -999999 -999999 -999999 -999999 -999999 -999999 -999999 -999999 -999999 1000    
	523    1867 1000    -999999 1000    800     1000    900     1000    400     800     700     300     1000    800     800     900     400     1000    500     600     
	523    1868 2400    600     2400    600     1500    2400    1700    300     600     400     600     900     1700    2400    500     1700    700     500     400     
	523    1869 2000    800     2000    800     900     2000    700     800     400     700     700     500     900     1200    1400    700     400     400     800     
	523    1870 3500    3500    3100    3500    1500    1600    1900    1600    1900    700     1000    1500    1600    700     400     1300    600     500     1100    
	523    1871 1800    1800    1700    1800    1200    1700    1700    400     1800    1000    1000    1200    700     500     1600    900     1000    1100    500     
	523    1872 1300    900     1300    800     900     1300    900     400     800     900     800     800     1200    1000    1300    600     900     400     600     
	523    1873 2000    1300    1400    1300    1500    900     2000    800     1300    1100    1400    900     900     700     300     1400    600     1900    2000    
	523    1874 2200    800     2200    800     2200    1900    1800    800     800     700     1900    900     1000    1900    1200    700     1100    700     400     
	523    1875 2700    1700    2700    1300    2700    1100    1400    800     1300    1000    2200    900     800     1100    900     700     1100    400     900     
	523    1876 2300    1300    2300    1300    2300    2100    1600    1100    200     700     700     2300    1400    2100    2000    400     1600    500     500     
	523    1877 1300    800     900     400     800     900     1300    400     300     800     600     600     900     500     700     700     600     600     400     
	523    1878 1400    1000    1400    1000    1400    1200    900     500     1000    400     1000    600     1100    1100    600     600     900     700     400     
	523    1879 1900    1900    1000    1900    1500    900     1000    1400    500     1500    600     700     400     900     500     1000    900     600     1700    
	523    1880 2800    1700    2800    1500    2200    2300    900     1300    600     1700    800     1800    300     600     2300    800     700     500     400     
	523    1881 1600    900     1000    900     1600    900     900     700     900     900     1000    1000    500     900     700     300     400     900     600     
	523    1882 2100    2100    1200    2000    2100    700     900     2000    1300    2100    1200    700     500     500     700     600     900     200     800     
	523    1883 2300    1200    2200    1200    2300    1200    1100    1200    900     800     2200    1100    700     600     1200    1100    600     300     1100    
	523    1884 2600    900     2600    900     1300    2600    1300    800     900     900     1100    1200    1400    700     2400    1300    600     900     700     
	523    1885 2000    1200    2000    1200    1800    2000    900     1200    600     1000    1800    500     900     1100    900     300     300     900     700     
	523    1886 2400    2400    1500    2400    1600    1400    1500    300     2400    1600    1200    1000    900     600     900     1500    900     500     200     
	523    1887 3100    1800    3100    1800    1100    3100    1100    1200    1800    1100    700     500     2800    1500    900     900     600     1100    400     
	523    1888 1400    600     1300    600     1300    700     1400    600     500     400     600     1300    700     300     700     1300    1400    900     1200    
	523    1889 2700    1100    2700    1100    1500    2700    1200    1000    500     600     1500    500     2100    600     400     1200    400     700     700     
	523    1890 2700    2700    1800    2700    1800    900     1300    400     2600    700     900     1800    700     800     700     1300    800     600     1500    
	523    1891 2100    2100    900     2100    900     600     2000    1000    2000    700     900     900     600     500     300     700     1200    800     1100    
	523    1892 1600    1100    1400    1100    1600    1100    1000    700     900     1100    1400    1100    500     1100    900     900     500     1000    1700    
	523    1893 4300    1300    3000    600     4300    2100    800     500     400     1300    3000    1400    2100    700     800     600     600     800     600     
	523    1894 2900    1500    1400    1300    2900    1100    1200    1300    600     1500    1400    700     1000    400     800     1200    300     1000    600     
	523    1895 1400    1000    1400    1000    1400    900     1200    500     1000    800     1400    1300    900     700     700     1100    400     600     1400    
	523    1896 1800    1400    1800    1400    1800    1300    1000    900     1400    700     1000    1800    600     1300    500     300     300     1000    600     
	523    1897 2500    800     1200    800     900     1200    2500    700     600     500     600     900     600     1200    600     1000    1200    1300    1300    
	523    1898 1300    1100    1300    1100    1300    1300    1300    1100    400     700     1000    800     1100    1300    1300    1100    1100    700     600     
	523    1899 2200    2100    2200    1300    800     1700    1300    1100    1300    800     500     500     1700    1600    1100    500     1300    700     1700    
	523    1900 1900    1600    1900    900     1400    1900    1600    500     600     1400    1000    800     500     1900    800     1600    300     500     500     
	523    1901 1800    1800    1500    1800    1500    1100    1000    1700    700     900     1000    1500    1000    1100    1000    900     500     800     300     
	523    1902 2200    1400    1300    1400    700     1300    2200    500     1400    700     600     500     1300    600     400     1200    1000    1000    1200    
	523    1903 -999999 1200    -999999 1200    1000    -999999 -999999 1000    1200    900     400     1000    1100    400     -999999 -999999 -999999 500     1700    
	523    1904 2300    -999999 1700    900     800     1700    2000    900     800     700     800     600     800     1700    400     1400    1400    900     800     
	523    1905 1200    800     1200    700     1100    1200    1200    700     600     600     1100    1100    800     800     1200    1200    300     1000    800     
	523    1906 1900    500     1700    500     1900    1400    1200    500     400     500     1700    500     1400    1100    600     1200    400     500     600     
	523    1907 2400    1000    2400    1000    1300    1800    2400    1000    700     800     500     800     300     1800    500     2400    600     1100    800     
	523    1908 2300    1300    2000    1300    1300    2000    2300    800     1100    700     1300    600     1300    1400    600     900     2100    700     1200    
	523    1909 1300    1200    1200    1200    1200    1200    1000    1200    1100    400     1100    1200    700     600     1200    1000    400     600     900     
	523    1910 2500    1300    1500    800     2500    900     1500    800     400     1300    1200    900     900     700     600     1500    1100    500     400     
	523    1911 2500    2100    2500    2100    1500    2500    700     1200    1500    500     1500    1500    1100    2500    1500    700     600     400     400     
	523    1912 2000    800     2000    800     2000    1400    1800    800     500     500     1900    500     300     1400    200     1800    800     500     500     
	523    1913 -999999 1700    -999999 1700    -999999 -999999 -999999 900     1700    700     -999999 -999999 -999999 -999999 -999999 -999999 -999999 -999999 -999999 
	523    1914 -999999 -999999 -999999 -999999 -999999 -999999 -999999 -999999 -999999 -999999 -999999 -999999 -999999 -999999 -999999 -999999 -999999 -999999 -999999 
	523    1915 -999999 -999999 -999999 -999999 -999999 -999999 -999999 -999999 -999999 -999999 -999999 -999999 -999999 -999999 -999999 -999999 -999999 -999999 -999999 
	523    1916 -999999 -999999 -999999 -999999 -999999 -999999 -999999 -999999 -999999 -999999 -999999 -999999 -999999 -999999 -999999 -999999 -999999 -999999 -999999 
	523    1917 -999999 -999999 -999999 -999999 -999999 -999999 -999999 -999999 -999999 -999999 -999999 -999999 -999999 -999999 -999999 -999999 -999999 -999999 -999999 
	523    1918 1600    -999999 1600    -999999 900     1300    1000    800     600     700     500     900     700     600     1100    200     900     900     600     
	523    1919 2200    2000    2200    2000    2200    1800    1900    700     1500    900     900     2200    800     600     1500    1800    900     1600    800     
	523    1920 2500    1300    1200    1200    1100    1200    2500    600     1200    1100    500     900     1200    500     700     900     1600    1300    1600    
	523    1921 3200    1700    2200    1700    1800    2200    2300    500     1200    1200    1200    1800    900     2200    900     1700    1500    2300    900     
	523    1922 2100    1600    2100    1200    1600    900     1500    1000    1200    1600    900     1300    900     500     800     600     1400    1500    500     
	523    1923 2000    2000    1400    2000    1900    1400    600     800     2000    1600    1100    700     400     1400    1400    600     200     500     600     
	523    1924 2900    2900    1400    2900    2000    1400    1500    1200    1700    1800    1400    500     1200    1100    600     400     1000    1500    1000    
	523    1925 1400    1000    1400    1000    700     1100    1300    1000    600     500     700     600     1100    1000    700     400     1000    1100    500     
	523    1926 2800    2200    1400    1100    2800    1200    900     900     1100    2200    900     500     500     1200    600     700     800     600     1000    
	523    1927 1800    1200    1500    1100    1500    1300    1100    1000    1100    1200    700     1100    800     800     600     900     1100    600     1200    
	523    1928 2000    2000    2000    1400    1500    2000    1000    300     1400    1300    800     900     600     2000    400     1000    600     400     700     
	523    1929 2600    2600    2300    2400    2100    2300    1100    1400    2200    2100    1000    1600    1400    2300    700     1100    700     900     1000    
	523    1930 2200    2200    1700    1300    1700    1000    1300    1200    1300    1000    1200    800     1000    500     800     500     1300    400     1100    
	523    1931 2000    1300    1500    1100    1200    1500    2000    500     800     1200    500     900     1100    600     1000    900     2000    1200    1800    
	523    1932 2400    2400    2100    2400    1900    2100    1000    1700    1400    1900    700     1000    2100    600     1800    700     200     1000    2600    
	523    1933 3000    1800    1700    1800    1500    1100    1100    1800    800     1100    1500    1000    1100    800     900     1100    700     800     1600    
	523    1934 2000    2000    1900    2000    1500    1600    1700    800     2000    900     700     1500    1300    1300    900     600     400     1700    500     
	523    1935 1800    1600    1800    900     1800    1500    900     900     400     1600    600     1200    500     1000    1100    900     400     500     600     
	523    1936 1800    1800    1500    900     1800    1200    900     300     900     1800    600     1000    900     600     1200    400     600     900     900     
	523    1937 1700    600     1700    600     1200    1300    1300    600     200     500     800     1200    700     800     1100    600     1300    700     400     
	523    1938 2300    2300    1800    1400    2300    1800    1300    400     1400    2300    900     1600    1800    1400    1000    600     600     1300    1000    
	523    1939 2400    1000    2400    1000    1400    2100    600     400     600     600     600     1400    1000    500     2100    600     300     400     1700    
	523    1940 2100    1400    2100    1400    2100    1100    900     900     1400    800     700     2100    1100    400     700     900     700     500     600     
	523    1941 2800    1500    2800    1500    2800    2200    1500    1100    600     1200    1100    1700    1000    1700    500     1500    700     700     500     
	523    1942 2800    2700    2800    1500    2800    1100    1300    1500    1500    1200    2100    700     1100    500     600     1300    300     700     600     
	523    1943 3100    3100    1900    1200    1900    1900    1400    900     1200    1900    1500    1200    900     1900    500     500     1400    500     1000    
	523    1944 2000    1500    2000    1500    1200    2000    700     500     1500    900     900     1000    900     1400    1800    600     700     200     1400    
	523    1945 1800    1800    1400    500     1800    1200    1300    300     400     1800    800     1400    400     1200    600     400     1100    1300    400     
	523    1946 2400    2400    2000    1200    2000    2000    1500    1200    800     2000    1000    1500    600     1400    300     600     1500    700     1300    
	523    1947 3100    1600    3100    1600    1100    2500    1000    1200    1200    400     1100    600     800     1400    2500    900     900     500     1300    
	523    1948 2900    2900    1400    1400    1500    1400    1300    200     1400    1500    1200    1300    900     1400    800     700     1100    900     1100    
	523    1949 2300    900     2300    800     1000    2300    1400    800     600     900     800     700     2000    1200    1400    600     800     600     500     
	523    1950 1500    1300    1500    1300    900     1100    1000    1300    400     800     800     900     1100    400     600     300     1000    300     1300    
	523    1951 2000    1600    1600    700     1200    1100    2000    500     600     1000    1200    500     1100    900     400     700     1500    400     1300    
	523    1952 1500    1000    1500    1000    1500    1100    600     500     1000    1000    1100    1500    800     800     1100    500     600     200     1000    
	523    1953 2300    2200    1600    1400    2200    1000    2300    1400    1100    2200    1400    1400    700     300     1000    600     2200    1000    800     
	523    1954 1800    1800    1600    1800    1600    800     600     1100    700     1600    1600    1400    500     500     800     400     300     600     700     
	523    1955 1700    1500    1700    1100    1200    1400    1400    900     1100    800     1200    1100    800     1300    1000    800     800     1400    400     
	523    1956 2400    1200    2400    800     2400    1100    1700    500     800     1200    1600    1200    1100    400     400     1700    800     800     1000    
	523    1957 1300    1200    1100    1200    1300    1100    1000    1200    300     600     900     800     1100    300     700     500     1000    1000    900     
	523    1958 1500    1300    1000    600     1300    1000    1500    500     300     1300    700     400     1000    800     300     500     900     1500    500     
	523    1959 2900    2900    2200    2900    1500    1600    2100    900     2000    400     800     1500    1200    1600    1600    2000    1700    700     500     
	523    1960 2300    1300    2300    600     2300    1600    900     200     600     1300    1200    1100    1600    400     500     900     300     600     500     
	523    1961 1900    1900    1300    1100    1900    700     1300    600     1100    1900    500     1100    700     600     700     1300    700     600     1500    
	523    1962 2100    1400    2000    1300    1400    1700    2100    600     1300    800     900     500     1700    500     400     700     2100    1100    700     
	523    1963 2500    1900    1700    1100    800     1000    1700    1100    1100    800     600     800     600     800     400     1700    900     900     1600    
	523    1964 2400    2400    1400    2100    1800    1400    1000    2100    600     1800    800     1100    1000    1000    400     700     600     900     600     
	523    1965 1500    1500    1200    800     1300    1200    1200    600     700     1300    400     900     800     500     1200    900     1200    600     300     
	523    1966 1600    1300    1600    1300    1400    1000    1500    1300    500     500     300     1400    1000    600     800     1500    400     400     200     
	523    1967 1300    1000    1100    1000    800     1100    1300    1000    600     700     800     400     900     1100    1100    600     400     1300    400     
	523    1968 1800    1200    1800    800     1800    800     1400    500     800     500     1800    600     800     800     600     700     1000    1400    1400    
	523    1969 1900    1100    1900    900     1100    1100    1800    900     500     1100    1000    700     1000    1100    900     1600    1800    300     700     
	523    1970 3200    1400    3200    600     1000    2200    1400    600     400     700     300     1000    2200    500     1200    1400    1300    700     900     
	523    1971 2200    900     2200    900     2000    1300    2200    900     900     500     1500    800     900     1100    800     2200    1200    500     900     
	523    1972 3100    1500    1800    1400    1500    1000    3100    1000    800     1500    800     400     400     1000    1000    1300    1800    300     1800    
	523    1973 3200    2100    2300    1900    2100    2300    1500    1400    600     2100    800     800     2300    400     2100    1500    800     700     500     
	523    1974 3500    1100    2400    800     3500    1400    800     500     800     1100    2400    700     800     600     1400    800     400     400     500     
	523    1975 2100    1100    2100    1100    900     2100    1800    700     1100    600     900     800     1000    700     1400    800     1800    700     900     
	523    1976 2500    1600    2500    1600    2500    2500    1200    500     1600    1100    2300    800     1400    1200    2500    500     1200    500     600     
	523    1977 1900    800     1900    600     1500    1200    1900    300     600     800     500     1500    500     800     900     1900    1100    400     600     
	523    1978 2000    700     2000    700     1700    1000    1400    700     700     500     1300    1700    400     1000    900     600     1400    900     800     
	523    1979 1200    800     1000    800     600     700     1200    700     800     400     600     500     700     700     700     1000    1200    400     400     
	523    1980 3300    1500    3300    1400    3300    1300    800     1400    1400    1200    1000    2800    1300    500     400     800     500     500     500     
	523    1981 2300    1100    2100    1100    2300    1700    1100    700     1100    500     2100    400     800     1300    1700    1000    300     600     1600    
	523    1982 1900    1500    1900    1500    1600    1900    1400    1500    1300    600     1600    1300    1000    1600    300     1300    800     600     800     
	523    1983 2600    1600    2600    1600    1300    2600    1600    500     1600    1300    600     300     1100    2500    1000    900     600     1300    800     
	523    1984 3400    1300    3400    1100    2800    3200    1100    500     1100    1300    2100    700     800     1000    3100    400     700     700     600     
	523    1985 2300    2300    1200    2300    900     1200    1200    400     2200    500     900     500     500     1200    600     900     1100    600     300     
	523    1986 3500    3500    1500    3200    1400    1200    2100    400     2800    1400    1300    500     1200    1200    600     1500    1000    400     400     
	523    1987 1600    1400    1600    1400    1300    1600    900     1300    1300    1300    800     700     700     1300    400     400     500     900     900     
	523    1988 2000    800     2000    600     1200    2000    800     500     600     300     1100    1200    2000    600     900     600     800     700     500     
	523    1989 1800    1000    1800    1000    1800    1800    1200    1000    600     700     500     1800    1800    1300    1100    1200    400     1200    1100    
	523    1990 2700    1200    2700    1100    1900    2700    900     500     700     900     600     1900    900     2200    800     600     900     500     1000    
	523    1991 2400    2100    2200    2100    1500    900     1400    1100    1000    1200    900     1500    300     700     900     1400    1200    800     1600    
	523    1992 1800    1300    1800    1300    1800    1300    1200    1200    700     500     1200    1800    1100    1100    300     700     700     300     1200    
	523    1993 1800    1800    1600    1800    1600    1500    1600    500     1500    1000    800     800     1200    400     600     400     1000    1400    400     
	523    1994 1600    1100    1300    1100    1000    1300    1600    400     1100    800     900     700     800     1300    700     1000    1600    1000    400     
	523    1995 2700    1600    2700    500     1500    2700    2100    200     500     500     900     600     1300    800     2300    400     2100    1100    1600    
	523    1996 2900    2900    2100    2900    2100    1300    900     2100    800     1400    1900    600     1000    1300    700     900     800     400     900     
	523    1997 2000    1800    2000    1800    2000    1900    1600    1800    400     900     2000    1000    700     1000    1900    1600    900     500     600     
	523    1998 1700    1400    1700    1300    1700    1600    700     800     1300    1400    300     1700    200     800     1600    700     200     700     300     
	523    1999 2000    600     2000    600     1300    1200    1400    300     400     500     900     800     900     900     600     1400    1000    900     200     
	523    2000 1500    1200    1500    1200    1500    1000    600     1200    400     500     700     1500    700     1000    600     600     400     300     600     
	523    2001 1900    900     1900    900     1200    1900    800     900     900     500     400     1200    1300    700     700     200     300     800     1200    
	523    2002 2300    1000    1300    1000    2300    900     1000    900     400     1000    1300    700     900     700     800     1000    500     300     1200    
	523    2003 2300    2300    2200    2300    2300    2200    1400    600     2300    2300    2200    700     800     1300    2100    900     1400    800     1000    
	523    2004 1700    1000    1400    1000    1400    1000    900     300     500     600     900     1400    600     600     400     900     800     600     1500    
	523    2005 1300    800     1300    800     600     1100    800     400     600     500     600     400     1100    900     500     800     600     400     700     
	523    2006 2400    1700    2400    1700    1500    1400    2400    1100    1000    1300    700     1500    1200    1100    300     2400    500     400     1000    
	523    2007 4600    1100    3500    900     4600    1300    1200    400     500     1100    3000    500     700     400     1100    500     1200    600     1400    
	523    2008 1800    1800    1400    1800    1400    900     900     300     1800    300     800     1400    900     400     900     900     800     600     1200    
	523    2009 2400    1200    2400    1000    1400    1500    2400    800     600     1200    1400    700     1100    400     900     2400    500     300     600     
	523    2010 2100    900     2100    700     2100    900     800     600     700     900     2100    1700    900     600     400     500     800     800     600     
	523    2011 2000    1800    1600    800     1700    900     2000    700     800     1700    1600    800     400     700     400     1200    600     2000    500     
	523    2012 2000    1300    1100    800     2000    1000    1000    500     800     1300    700     1000    600     700     800     1000    600     600     100     
	523    2013 2200    1400    2200    900     2200    2200    1300    600     900     1400    1200    700     1100    2200    700     1100    500     800     400     
	523    2014 2300    1700    2300    500     1700    1900    2200    500     300     1700    800     800     1900    700     200     2200    700     1000    400     
	523    2015 1600    1600    1100    1400    1600    1100    1400    400     1400    1600    1100    900     1100    300     800     600     1000    400     400     
	523    2016 2200    1100    2200    600     1100    1000    2200    600     400     1100    600     1100    900     1000    500     2200    1100    1000    1000    
	523    2017 2200    1100    1200    800     2200    1200    900     800     700     1100    1100    800     1200    500     1000    900     700     300     300     
	523    2018 3800    1700    3800    1400    1900    3800    1800    900     1400    600     900     1900    1300    2500    900     900     1800    1500    800     
	523    2019 2000    1100    2000    1100    2000    1600    600     600     1000    700     2000    1600    1100    500     1200    600     500     600     500     
	523    2020 3000    1400    2700    400     3000    1700    1700    400     400     1400    2700    1000    800     500     1300    1700    600     700     400     
	523    2021 -999999 -999999 1700    -999999 1700    1300    1200    -999999 1000    900     1700    500     1200    1300    500     1200    400     700     900     
	523    2022 2300    1400    2300    700     2300    1900    600     700     400     1400    1400    1700    900     1900    1500    500     600     500     500     
	523    2023 3900    1400    3900    1400    2000    1900    1000    600     1400    600     700     2000    1900    500     1100    1000    700     200     500     
	523    2024 1100    -999999 1100    -999999 800     1100    1100    800     -999999 500     600     800     800     600     700     700     500     900     800     
	523    2025 4300    3200    2700    1200    4200    1600    1100    1200    900     3100    1100    2100    800     700     1600    1000    1000    700     1100    
	523    2026 -999999 -999999 -999999 600     -999999 -999999 -999999 600     500     -999999 -999999 -999999 -999999 -999999 -999999 -999999 -999999 -999999 -999999 
	