EUROPEAN CLIMATE ASSESSMENT & DATASET (ECA&D), file created on: 17-05-2026
THESE DATA CAN BE USED FOR NON-COMMERCIAL RESEARCH AND EDUCATION PROVIDED THAT THE FOLLOWING SOURCE IS ACKNOWLEDGED: 

Klein Tank, A.M.G. and Coauthors, 2002. Daily dataset of 20th-century surface
air temperature and precipitation series for the European Climate Assessment.
Int. J. of Climatol., 22, 1441-1453.
Data and metadata available at http://www.ecad.eu

FILE FORMAT (MISSING VALUE CODE = -999999):

THIS FILE HOLDS DATA FOR STATION NETHERLANDS                              VENLO                                    (STAID:    583)
LATITUDE: dd:mm:ss +51:21:00
LONGITUDE: ddd:mm:ss +006:10:59
ELEVATION: m   30

DATA IS FOR INDEX Maximum no of consecutive dry days (RR < 1 mm) (CDD) with unit 0.01 No of days

01-06 SOUID: Source identifier
08-11 YEAR : YYYY
13-20 ANNUAL DATA VALUES
21-28 WINTER HALF YEAR DATA VALUES
29-36 SUMMER HALF YEAR DATA VALUES
37-44 WINTER (DJF) DATA VALUES
45-52 SPRING (MAM) DATA VALUES
53-60 SUMMER (JJA) DATA VALUES
61-68 AUTUMN (SON) DATA VALUES
69-76 JANUARY DATA VALUES
etc. 
157-164 DECEMBER DATA VALUES

583    1931 1900    -999999 1300    -999999 800     1300    1900    300     800     500     700     800     1100    700     300     900     1900    700     1600    
	583    1932 1800    1800    1800    1800    1800    1800    1500    1800    1100    1800    700     700     1800    400     1300    700     500     1500    900     
	583    1933 2700    1900    2000    1900    2000    1000    1100    1900    700     1200    2000    1100    800     800     900     1100    900     700     2000    
	583    1934 1900    1400    1900    1400    1600    1500    1300    600     1400    900     700     1600    800     1300    900     800     600     1300    200     
	583    1935 1600    1000    1600    900     1600    1400    800     900     400     1000    400     1400    500     1400    1000    800     500     700     500     
	583    1936 2000    2000    1400    1200    2000    1000    1500    500     1200    2000    800     1000    1000    300     1000    600     1500    1100    600     
	583    1937 1700    700     1700    700     600     1500    1500    700     400     400     400     600     1400    600     1000    800     1200    800     500     
	583    1938 2000    1500    2000    1200    1600    2000    1200    300     1200    1500    1400    1600    2000    1000    600     1200    600     800     1200    
	583    1939 2300    1200    2300    1200    1300    1200    1900    500     800     700     800     1300    1000    1200    800     1600    400     300     900     
	583    1940 2300    1400    1700    1400    1700    1500    2300    1400    800     500     800     1700    1100    300     1300    700     2200    600     700     
	583    1941 1600    1100    1600    800     1600    1500    1500    800     500     1100    900     1600    900     1200    200     1500    700     600     500     
	583    1942 2200    1300    2200    1300    2200    1300    1400    1300    900     1200    2200    800     1300    900     900     1400    600     800     500     
	583    1943 3200    3200    1600    1300    1900    1600    1400    700     1300    1900    900     1200    600     1000    500     800     1400    800     1000    
	583    1944 2400    1100    2400    1100    2400    900     700     700     1100    1000    1100    2400    800     800     900     700     600     200     600     
	583    1945 -999999 -999999 -999999 -999999 -999999 -999999 -999999 -999999 -999999 -999999 -999999 -999999 -999999 -999999 -999999 -999999 -999999 -999999 -999999 
	583    1946 -999999 -999999 -999999 -999999 -999999 -999999 -999999 -999999 -999999 -999999 -999999 -999999 -999999 -999999 -999999 -999999 -999999 -999999 -999999 
	583    1947 4000    -999999 1800    -999999 1100    1800    4000    1100    500     900     1000    600     700     1400    1800    700     3000    1200    700     
	583    1948 3200    3200    2200    1700    2200    1300    1400    500     1700    1500    1000    2200    1000    1200    800     1100    600     1300    1300    
	583    1949 2100    1700    2100    1700    1700    2100    1600    1000    800     1300    1100    900     1600    1200    1300    800     800     400     800     
	583    1950 2000    1500    1200    1100    1200    800     1300    1100    400     1200    900     1200    700     500     700     600     1300    300     2000    
	583    1951 2500    1300    1200    1300    1000    900     2500    900     600     900     1000    500     900     700     600     1200    2000    300     1900    
	583    1952 1700    1700    1600    1700    1700    1600    800     600     1700    1700    1100    1300    1500    900     900     800     500     700     900     
	583    1953 2500    1800    1800    900     1800    1200    1700    800     600     1800    1800    1400    600     400     1200    900     900     1700    800     
	583    1954 2900    1700    2900    1700    2900    600     1100    1000    700     1500    1400    1800    600     500     500     800     1100    600     600     
	583    1955 2300    2300    1600    900     1500    1600    1000    900     800     1500    1200    500     1500    1600    900     800     800     1000    600     
	583    1956 3600    2500    1200    800     3600    700     1200    600     800     2500    1100    800     700     300     500     1200    900     800     500     
	583    1957 2100    700     1700    600     2100    1000    1000    600     300     600     1700    800     900     1000    500     300     1000    800     900     
	583    1958 1500    1300    1500    800     1300    1200    1200    500     300     1300    700     500     1200    700     600     900     800     1200    700     
	583    1959 3000    2100    3000    2100    1300    2500    2700    600     2000    300     900     1300    1500    2500    1000    2000    1800    700     800     
	583    1960 1300    1300    1200    500     1300    500     800     500     500     1300    600     1000    500     500     300     800     400     300     400     
	583    1961 1600    1600    1500    1100    1600    700     1500    600     1100    1600    400     900     700     700     700     1500    800     900     1500    
	583    1962 1500    1500    1500    1200    1200    1000    1300    500     1200    1200    600     500     1000    400     700     700     1300    500     700     
	583    1963 2200    1800    1400    1000    900     1400    1300    1000    1000    800     500     900     400     1400    700     1100    1300    900     1300    
	583    1964 1800    1800    1600    1300    1200    1200    1000    1300    600     1200    600     1100    600     900     1200    700     800     900     600     
	583    1965 2600    2600    1400    1400    1200    1400    1400    400     1400    1200    400     600     800     600     600     1100    1400    700     300     
	583    1966 1600    1100    1600    1100    700     1100    1500    1100    600     700     600     600     1100    400     800     1500    700     400     300     
	583    1967 1500    1500    1200    1500    800     1200    1000    1500    700     800     800     500     700     500     1200    900     900     1000    400     
	583    1968 2200    1100    2100    700     2100    900     1100    400     700     400     2100    500     600     800     400     700     1000    1100    1500    
	583    1969 2500    1100    1000    1100    1100    900     2500    1000    700     1100    1000    500     800     700     900     700     2200    300     1000    
	583    1970 1700    1300    1700    700     700     1500    1200    700     300     700     400     700     800     500     1500    1200    1200    700     1000    
	583    1971 2100    1100    2100    1100    2000    2100    2100    1100    700     500     1500    800     400     2000    600     2100    1200    500     900     
	583    1972 2300    1600    1900    1100    1600    1200    2300    700     800     1600    900     600     400     1200    1100    800     1900    600     1800    
	583    1973 3100    2000    1800    2000    1000    1800    1100    1300    600     1000    500     400     1800    1000    1100    700     800     1000    700     
	583    1974 3300    1100    2200    1000    3300    1000    700     400     1000    1100    2200    700     800     1000    900     500     400     400     400     
	583    1975 1600    1200    1600    1200    1400    1600    1400    900     1200    400     900     1400    900     700     900     900     1400    800     1300    
	583    1976 2400    1600    2400    1600    2400    2200    1200    500     1600    1100    2300    800     1700    1200    2200    700     800     1200    500     
	583    1977 2100    800     2100    600     1000    1600    2100    500     600     600     600     1000    800     1600    400     2100    2000    300     900     
	583    1978 1800    1600    1800    1500    1500    1100    1800    1100    1500    500     900     1500    700     1100    1000    1000    1800    900     800     
	583    1979 2500    700     2200    700     500     1000    2500    700     500     200     500     400     700     1000    600     2200    1400    400     300     
	583    1980 2300    1600    2300    1400    2300    900     700     1200    1400    700     800     2300    900     700     500     600     400     500     400     
	583    1981 2300    1000    1800    1000    2300    800     1100    900     700     600     1800    500     400     500     800     800     300     500     600     
	583    1982 1600    1400    1600    1400    1600    1000    1400    1200    1400    800     1600    800     400     1000    300     1200    800     600     600     
	583    1983 1700    1400    1300    1400    1300    1300    1700    400     1400    1300    400     200     1200    900     1300    600     800     1400    700     
	583    1984 1300    1300    1300    1100    1300    1300    800     200     1100    1300    1300    500     700     800     1300    300     600     700     700     
	583    1985 2200    1900    1100    1900    1100    400     2200    900     1900    300     1100    700     400     400     400     800     2200    200     400     
	583    1986 3200    2600    1500    2300    1400    1400    3200    600     2300    1400    300     500     700     1100    1400    1500    1700    400     500     
	583    1987 1200    1200    700     800     1200    700     1000    800     300     1200    700     700     200     600     700     600     400     800     900     
	583    1988 1400    900     1400    900     800     1400    800     900     500     300     800     600     1400    400     700     800     700     700     400     
	583    1989 2000    1300    2000    1300    1800    1200    1200    1000    800     700     400     1800    1100    1200    800     800     700     1200    1100    
	583    1990 2000    900     1700    900     1600    1700    2000    800     600     900     700     1600    700     1700    1400    600     2000    800     800     
	583    1991 2500    1700    2500    1700    1600    1100    1400    1000    1300    1200    900     1600    300     1100    1100    1400    1200    1000    1500    
	583    1992 1800    1400    1800    1400    1800    1200    1000    1200    1000    500     1000    1800    1000    700     500     1000    500     400     900     
	583    1993 1700    1600    1200    900     1600    900     1600    500     900     1600    1200    600     900     500     800     500     800     1600    200     
	583    1994 1700    1200    1700    1200    1400    1700    1700    400     1200    400     1400    500     1400    1100    400     600     1700    500     600     
	583    1995 2800    1200    2800    600     1400    2800    1100    600     300     500     800     900     1300    1000    1800    700     1100    800     900     
	583    1996 2200    2200    1900    1900    2000    1300    1200    1900    800     2000    1900    700     1000    1300    900     1000    1200    600     1200    
	583    1997 1900    1800    1900    1800    1900    1900    1700    1800    300     900     1900    900     600     700     1900    1700    1100    600     500     
	583    1998 1800    1300    1800    1300    1800    1600    1100    1000    1300    500     300     1800    300     500     1600    1100    300     1000    400     
	583    1999 2000    900     2000    600     1200    1200    1400    400     300     900     800     900     1200    900     600     1400    1000    400     200     
	583    2000 1700    900     1700    900     900     1700    800     900     300     900     600     500     500     700     1500    800     700     300     800     
	583    2001 1300    900     1300    900     1300    1200    1100    900     400     400     400     1300    800     1100    800     300     1100    700     1300    
	583    2002 2500    1100    1400    1100    2500    700     1100    1000    400     1100    1400    700     700     500     700     1100    800     600     1200    
	583    2003 2300    2300    2200    2300    2200    1800    1400    800     2300    1700    2200    700     700     1800    1600    1100    1400    1200    1000    
	583    2004 1500    900     1400    900     1100    1400    900     400     700     900     700     1000    700     500     900     900     700     400     1500    
	583    2005 1700    900     1500    700     900     1500    1700    500     700     900     500     800     1100    1500    600     1100    1700    400     600     
	583    2006 1800    1300    1800    1000    1300    1800    1500    1000    600     1300    900     1100    1200    1800    200     1300    800     700     1000    
	583    2007 3600    1000    3500    1000    3600    900     1300    600     600     800     3000    500     800     500     900     600     1300    900     2200    
	583    2008 2400    1700    1500    1700    1500    800     1000    500     1700    500     700     1400    500     400     800     1000    700     800     1000    
	583    2009 1300    1000    1000    1000    1000    1000    900     800     700     1000    700     1000    1000    400     700     900     700     400     900     
	583    2010 2000    900     2000    900     1600    2000    1300    900     700     900     1600    800     1100    900     300     500     1300    900     600     
	583    2011 2300    1100    2300    800     2300    700     1900    600     800     1100    2300    1500    300     600     400     1300    600     1900    200     
	583    2012 2900    2400    1400    1700    2900    900     1100    500     1200    2400    500     1400    400     700     900     900     1100    700     400     
	583    2013 1900    1100    1900    600     1900    1900    1500    600     500     1100    900     600     1200    1900    500     1300    400     500     500     
	583    2014 1800    1800    1700    500     1700    1600    1700    500     400     1700    1000    600     1600    600     200     1700    300     600     600     
	583    2015 1200    1000    1200    1000    1200    700     1200    700     1000    900     1200    1100    600     300     500     600     900     400     400     
	583    2016 1500    1500    1500    600     1500    1300    1300    500     600     1500    1000    1500    400     1300    800     1300    800     900     700     
	583    2017 2700    1400    1400    1400    2700    1400    1000    1400    700     1300    1400    700     1400    400     1100    600     1000    400     300     
	583    2018 3100    1400    2300    1300    1100    2300    3100    400     1300    400     700     1100    1400    1500    600     800     2500    800     600     
	583    2019 2100    900     2100    900     2100    1500    700     400     900     600     2100    800     1000    600     800     500     500     700     500     
	583    2020 3800    1100    3100    700     3800    1600    1800    700     400     1100    2700    2800    800     500     1100    1800    800     1400    400     
	583    2021 1400    900     1400    600     1400    1400    1100    300     600     900     1200    400     1400    900     500     1100    600     800     1100    
	583    2022 2200    2200    1700    1000    1900    1400    1100    1000    400     1900    1100    1000    600     1300    1400    500     1100    800     900     
	583    2023 3500    1200    3500    1200    1600    1900    900     1000    1200    400     700     1600    1900    300     400     900     700     300     500     
	583    2024 1200    1200    1200    800     900     700     1200    800     300     900     600     800     700     500     400     1200    600     900     500     
	583    2025 2900    2200    2900    1000    2900    2300    1800    1000    1000    2100    1200    2300    900     900     2300    1600    1400    800     2300    
	583    2026 -999999 1100    -999999 1000    -999999 -999999 -999999 1000    400     1000    1100    -999999 -999999 -999999 -999999 -999999 -999999 -999999 -999999 
	