EUROPEAN CLIMATE ASSESSMENT & DATASET (ECA&D), file created on: 17-05-2026
THESE DATA CAN BE USED FOR NON-COMMERCIAL RESEARCH AND EDUCATION PROVIDED THAT THE FOLLOWING SOURCE IS ACKNOWLEDGED: 

Klein Tank, A.M.G. and Coauthors, 2002. Daily dataset of 20th-century surface
air temperature and precipitation series for the European Climate Assessment.
Int. J. of Climatol., 22, 1441-1453.
Data and metadata available at http://www.ecad.eu

FILE FORMAT (MISSING VALUE CODE = -999999):

THIS FILE HOLDS DATA FOR STATION NETHERLANDS                              OLDEBROEK (DORP)                         (STAID:  20574)
LATITUDE: dd:mm:ss +52:26:26
LONGITUDE: ddd:mm:ss +005:54:09
ELEVATION: m -100

DATA IS FOR INDEX Maximum no of consecutive dry days (RR < 1 mm) (CDD) with unit 0.01 No of days

01-06 SOUID: Source identifier
08-11 YEAR : YYYY
13-20 ANNUAL DATA VALUES
21-28 WINTER HALF YEAR DATA VALUES
29-36 SUMMER HALF YEAR DATA VALUES
37-44 WINTER (DJF) DATA VALUES
45-52 SPRING (MAM) DATA VALUES
53-60 SUMMER (JJA) DATA VALUES
61-68 AUTUMN (SON) DATA VALUES
69-76 JANUARY DATA VALUES
etc. 
157-164 DECEMBER DATA VALUES

20574  1924 -999999 -999999 -999999 -999999 -999999 -999999 -999999 -999999 -999999 -999999 -999999 -999999 -999999 -999999 -999999 -999999 -999999 1500    1200    
	20574  1925 1700    -999999 1700    700     1400    1400    1400    700     500     400     700     1400    1400    700     700     500     1000    800     800     
	20574  1926 1600    1600    1100    900     1600    1000    900     700     900     1600    800     500     400     1000    600     800     600     900     800     
	20574  1927 1900    1100    1500    1000    1500    600     1300    400     1000    1100    600     1100    400     500     600     900     1300    600     1300    
	20574  1928 2300    1500    2300    1000    1400    2000    2200    400     1000    1300    700     700     700     2000    400     2200    500     700     800     
	20574  1929 3200    3200    2000    3000    1600    2000    1100    1400    2800    1600    800     800     700     2000    700     1100    600     500     1000    
	20574  1930 2100    2100    1700    1300    1200    1700    1000    1200    1300    1000    600     500     1700    500     800     500     1000    500     700     
	20574  1931 1500    1100    1500    1100    1200    1500    1200    500     800     1100    600     800     1300    300     700     600     1200    1200    1400    
	20574  1932 1900    1800    1300    1500    1800    1300    1000    1500    1200    1800    600     600     1300    500     1100    400     600     1000    1900    
	20574  1933 2000    2000    1900    2000    1900    1500    1100    2000    1100    1200    1900    1400    1000    800     1500    1100    700     700     1500    
	20574  1934 2100    1800    2100    1800    1500    1400    1000    700     1800    600     600     1500    1100    1200    1200    800     600     1000    500     
	20574  1935 1600    1600    1400    500     1600    1200    600     500     300     1600    400     1200    400     900     1100    400     600     500     600     
	20574  1936 1800    1800    1400    1100    1800    1200    1000    300     1100    1800    800     1000    600     500     1200    400     600     1000    900     
	20574  1937 1800    600     1800    500     1200    1800    1300    500     200     400     500     1200    800     600     1200    500     1000    700     500     
	20574  1938 1400    1300    1400    1300    1400    1000    1400    300     1300    1300    1400    700     600     1000    500     1400    600     700     1400    
	20574  1939 2400    1300    2400    1300    1400    1000    800     600     800     400     800     1400    1000    600     900     600     400     300     1500    
	20574  1940 1300    800     1300    800     1000    1100    900     600     800     400     800     1000    1100    300     700     900     600     400     400     
	20574  1941 1700    1200    1700    1200    1400    1700    1500    1200    700     1100    1100    1000    1400    700     500     1500    800     500     500     
	20574  1942 2200    1800    2200    1500    2200    1100    1300    1500    1500    1200    2100    800     1100    600     600     1300    600     800     800     
	20574  1943 3600    3600    1900    1300    2300    1900    1400    700     1300    2300    1200    1100    900     1900    500     1200    1400    600     1000    
	20574  1944 1900    1900    1900    1900    1000    1900    1200    600     1900    1000    800     700     900     600     1800    1200    600     200     800     
	20574  1945 2000    2000    1400    500     2000    1000    1300    400     500     2000    700     1400    800     900     700     900     1200    1300    700     
	20574  1946 2700    1500    1400    1500    1400    900     2700    1500    400     1200    1100    1200    600     900     700     700     2000    600     1200    
	20574  1947 4300    4300    2200    4300    1300    2200    1100    1700    2600    700     1300    1200    600     1300    2200    600     900     400     300     
	20574  1948 3000    3000    2000    1500    1500    1500    1600    1300    1500    1500    900     1200    900     1500    1000    1000    1300    1100    1100    
	20574  1949 -999999 3400    2900    3400    1800    2900    -999999 2700    800     1500    1200    1600    2600    1300    1900    1200    1700    -999999 -999999 
	