EUROPEAN CLIMATE ASSESSMENT & DATASET (ECA&D), file created on: 17-05-2026
THESE DATA CAN BE USED FOR NON-COMMERCIAL RESEARCH AND EDUCATION PROVIDED THAT THE FOLLOWING SOURCE IS ACKNOWLEDGED: 

Klein Tank, A.M.G. and Coauthors, 2002. Daily dataset of 20th-century surface
air temperature and precipitation series for the European Climate Assessment.
Int. J. of Climatol., 22, 1441-1453.
Data and metadata available at http://www.ecad.eu

FILE FORMAT (MISSING VALUE CODE = -999999):

THIS FILE HOLDS DATA FOR STATION NETHERLANDS                              NOORDGOUWE                               (STAID:   2486)
LATITUDE: dd:mm:ss +51:42:00
LONGITUDE: ddd:mm:ss +003:58:00
ELEVATION: m   -1

DATA IS FOR INDEX Maximum no of consecutive dry days (RR < 1 mm) (CDD) with unit 0.01 No of days

01-06 SOUID: Source identifier
08-11 YEAR : YYYY
13-20 ANNUAL DATA VALUES
21-28 WINTER HALF YEAR DATA VALUES
29-36 SUMMER HALF YEAR DATA VALUES
37-44 WINTER (DJF) DATA VALUES
45-52 SPRING (MAM) DATA VALUES
53-60 SUMMER (JJA) DATA VALUES
61-68 AUTUMN (SON) DATA VALUES
69-76 JANUARY DATA VALUES
etc. 
157-164 DECEMBER DATA VALUES

2486   1878 -999999 -999999 1200    -999999 -999999 1200    1100    -999999 -999999 -999999 1100    500     1200    900     700     500     1100    600     900     
	2486   1879 2200    1800    1000    1800    1200    800     1300    1700    900     1200    600     700     400     800     500     700     1100    1300    2000    
	2486   1880 2700    2700    2000    1600    2700    1700    900     1400    700     2700    700     2000    500     600     1700    800     300     600     400     
	2486   1881 1700    1000    1200    900     1700    1200    1000    900     800     1000    1000    1000    800     1200    700     500     500     1000    1000    
	2486   1882 3500    3500    1400    3500    1400    600     700     2300    1200    900     800     1400    500     500     600     700     300     200     600     
	2486   1883 1900    1000    1800    1000    1900    900     1100    1000    700     600     1800    700     800     300     900     1100    700     300     1100    
	2486   1884 1800    1200    1800    1000    1600    1800    1100    800     1000    800     1600    1200    1400    400     1100    1100    1100    900     600     
	2486   1885 2000    1500    2000    1500    1300    2000    900     1500    600     1000    1300    600     900     1900    800     300     400     900     1000    
	2486   1886 2800    2800    1900    2800    1900    1800    1600    800     2800    1700    1900    1000    800     1000    700     1600    800     500     500     
	2486   1887 3400    1800    3400    1500    1600    3400    1100    1200    1500    800     1600    900     2700    1500    1600    800     500     1100    600     
	2486   1888 2200    2100    2200    1500    1500    1500    1300    1500    1400    700     600     1500    700     300     1500    1200    1300    600     1500    
	2486   1889 2100    1300    2100    1100    800     2100    1600    1000    700     800     600     600     2000    400     400     1600    600     1400    900     
	2486   1890 3000    2800    1400    2800    1000    1000    1400    400     2700    800     600     900     700     900     700     1400    700     600     2400    
	2486   1891 3100    3100    1300    2500    1300    1200    1500    1000    2500    700     1300    1000    1200    600     500     1000    600     500     900     
	2486   1892 2000    1400    2000    1400    2000    1200    900     1400    900     700     1400    1700    600     1200    1000    700     700     900     1700    
	2486   1893 2500    1400    1600    600     2500    1600    700     500     400     1400    1400    1400    1600    300     800     600     700     700     500     
	2486   1894 2900    1900    1500    1300    2900    1500    1400    1300    600     1900    1000    800     1000    500     500     1400    600     1000    600     
	2486   1895 2200    2200    2000    2200    1400    1000    2000    700     2200    800     1000    1400    1000    800     800     2000    400     600     700     
	2486   1896 1700    1400    1700    1400    1700    1400    1100    1100    1400    600     1000    1700    600     1400    500     300     500     1100    700     
	2486   1897 3300    800     1500    800     1500    1200    3300    700     800     700     400     1500    600     1200    400     800     2000    1300    1100    
	2486   1898 1800    1100    1800    1100    1100    1000    1600    1100    500     1000    800     800     700     800     1000    1600    1000    800     700     
	2486   1899 3100    3100    2200    1300    1800    1700    1200    800     1300    1800    400     500     1700    900     900     300     1200    1000    1300    
	2486   1900 1300    1300    1300    1300    1300    1000    900     500     1200    600     800     1300    400     1000    800     900     300     700     600     
	2486   1901 2300    1800    2300    1800    2300    1200    1600    1800    1100    700     1400    2300    1200    1000    1000    700     900     1000    300     
	2486   1902 1300    1300    900     1300    700     900     1100    700     1300    700     700     500     900     900     400     600     300     1100    1300    
	2486   1903 1500    1300    1500    1300    1000    1500    800     1100    700     900     700     1000    1100    800     500     800     600     800     2000    
	2486   1904 2800    1400    2800    1000    1400    2800    2000    600     900     1400    1200    1000    900     2300    500     1600    1500    900     900     
	2486   1905 1900    1100    1200    1100    1200    1000    600     600     500     600     800     1200    600     800     700     400     300     600     1900    
	2486   1906 1900    700     1700    700     1900    1100    1000    400     400     500     1700    500     1100    1100    700     1000    600     500     600     
	2486   1907 2500    1200    2500    1100    1500    1100    2500    1000    1100    1200    400     800     400     1100    700     2500    400     1100    800     
	2486   1908 2600    1300    2000    1300    1100    2000    2600    800     600     1000    1100    700     1300    1300    700     1700    900     1000    1800    
	2486   1909 2300    1400    1200    1400    1200    700     1200    1400    1100    700     1000    1200    600     600     700     1200    500     800     800     
	2486   1910 2400    1300    1400    800     2400    1400    1400    800     400     1300    1100    1000    1400    1100    700     800     1400    400     500     
	2486   1911 2600    1600    2600    1600    1700    2600    1200    1000    600     600     1700    1500    900     2600    1000    1200    600     700     300     
	2486   1912 2100    1300    2100    1300    2100    1800    1700    1300    500     600     1900    700     400     1800    400     1700    1000    300     700     
	2486   1913 1900    1900    1900    1900    1900    1100    1200    1300    1900    700     600     1900    600     500     1100    800     600     1000    1200    
	2486   1914 1700    1600    1700    1600    1300    1200    1300    1600    1000    500     1300    1200    700     500     1000    1000    700     1100    600     
	2486   1915 2400    1100    1900    1100    1700    1400    2400    1000    600     800     1300    1200    1400    700     900     1800    2400    400     200     
	2486   1916 2400    1200    2400    700     1200    2400    1200    500     400     1200    800     800     800     1100    1300    1000    700     1000    600     
	2486   1917 3000    3000    1800    3000    1800    1000    1800    1400    1600    600     1100    800     1000    1000    700     1200    300     1800    900     
	2486   1918 2600    2600    2600    1300    2600    1100    600     800     800     1800    700     2200    800     700     900     400     500     600     400     
	2486   1919 3200    2000    3200    2000    2900    1800    1800    600     1500    700     900     2900    700     700     1800    1800    1000    400     700     
	2486   1920 2500    1700    1200    1400    1700    1200    2500    700     1400    1700    300     1000    600     1200    800     1200    1600    1400    1200    
	2486   1921 2900    1400    2100    1400    1600    2100    2200    500     1200    1200    1200    1600    1800    2100    1500    1700    900     2200    700     
	2486   1922 2000    1500    1600    1000    1600    1200    2000    400     1000    1500    500     1600    1100    600     1200    500     2000    700     500     
	2486   1923 2700    1600    2700    500     1700    2700    1400    500     400     1600    1700    500     1300    1400    1300    1400    100     600     400     
	2486   1924 2100    1700    1900    700     1700    1900    2100    700     500     1700    1000    600     900     1600    500     600     1000    2100    1100    
	2486   1925 1500    1000    1500    800     900     1100    1400    800     400     600     900     800     1100    900     900     700     1100    900     700     
	2486   1926 1900    1500    1900    1000    1500    1900    1100    1000    700     1500    900     1000    1700    1000    600     1100    700     400     1100    
	2486   1927 2100    1400    2100    1400    2100    900     1000    400     1400    1000    900     1600    500     900     600     400     1000    600     900     
	2486   1928 1900    1900    1500    1400    1100    1100    1100    300     1400    1000    1100    900     700     1100    1100    1100    600     800     700     
	2486   1929 3400    3400    2400    3000    2300    2000    800     1200    2800    1600    1000    2300    700     2000    900     800     600     500     500     
	2486   1930 2700    2100    2700    1400    1500    2100    1000    1100    1200    1300    1000    800     2100    600     1000    500     1000    300     600     
	2486   1931 2100    2100    1500    1000    2100    1500    1200    400     800     2100    900     1000    1100    400     900     600     1200    1100    800     
	2486   1932 2000    2000    1400    2000    1600    1400    1000    2000    1400    1600    400     700     1400    700     800     1000    300     1000    1700    
	2486   1933 3200    1700    2400    1700    2400    1500    1200    1700    700     1100    2400    700     800     1200    1500    1100    700     600     2600    
	2486   1934 2600    2600    2000    2600    1600    1500    1000    700     2500    1100    600     1500    1300    1200    800     800     700     1000    600     
	2486   1935 2300    2100    2300    800     2100    2300    900     800     600     2100    600     1300    500     1900    1100    900     800     500     600     
	2486   1936 2400    1600    2400    900     2400    1200    1100    600     900     1600    900     2000    700     900     1200    1100    500     1000    900     
	2486   1937 1800    800     1800    800     900     1300    1200    500     200     400     500     900     800     500     1000    800     900     700     700     
	2486   1938 2300    2300    1900    1300    2300    1900    1100    400     1300    2300    1500    1300    1900    1000    800     800     700     1100    1000    
	2486   1939 2500    1400    2500    1400    1500    1000    900     600     800     400     600     1500    1000    800     1000    900     300     500     1500    
	2486   1940 1500    1000    1500    800     1500    1100    700     700     500     800     500     1500    1100    600     900     700     700     400     600     
	2486   1941 3200    1300    3200    1200    1500    3200    1500    1100    800     1300    1100    1500    1500    1700    400     1500    800     500     500     
	2486   1942 3100    1900    3100    1600    3100    1200    900     1300    1600    1200    2200    900     1200    400     1100    900     500     800     700     
	2486   1943 3100    3100    1500    1200    1900    1500    1600    600     1200    1900    1100    1300    1000    1100    900     700     1600    500     900     
	2486   1944 2100    2100    2000    1800    1300    2000    800     600     1800    1100    800     900     1000    900     1800    500     800     200     900     
	2486   1945 1800    900     1200    600     1100    1200    1800    600     500     900     800     1100    900     1200    600     800     1600    1400    700     
	2486   1946 1500    1400    1300    1000    1400    800     1500    800     400     1400    1100    1100    400     800     700     700     1500    600     1200    
	2486   1947 2700    1800    2700    1800    1200    2600    1000    1700    1700    400     1200    700     1000    600     2600    400     900     300     400     
	2486   1948 3100    3100    1500    1600    1500    1400    1200    300     1600    1500    1100    1500    1000    1400    900     700     1200    900     700     
	2486   1949 2900    1300    2900    1300    1100    2900    1300    1100    600     1000    800     600     1700    1200    1100    600     800     400     500     
	2486   1950 1700    1300    1700    1300    1200    1300    1000    1300    400     800     700     1200    1300    800     500     400     1000    300     1400    
	2486   1951 2000    1200    1500    700     1300    1100    2000    400     400     1000    1300    400     1100    1100    700     700     1600    300     1000    
	2486   1952 1500    1000    1500    1000    1500    1100    600     400     1000    700     1500    1000    800     1000    1100    500     600     300     600     
	2486   1953 6000    6000    1400    2900    3100    1400    1700    800     2800    3100    800     1200    1000    1000    1400    800     900     1700    800     
	2486   1954 1700    1700    1700    1700    1700    800     700     1100    600     1100    1600    1700    500     600     500     400     700     600     700     
	2486   1955 2100    1800    2100    1400    1900    1700    900     900     1400    1000    1900    600     800     1300    1700    900     800     500     500     
	2486   1956 2500    1600    2500    800     2500    1000    1500    500     800     1600    1700    1100    1000    700     400     1500    900     1000    500     
	2486   1957 1500    1100    1100    1100    1500    900     1000    1100    400     700     1100    800     700     300     700     300     700     1000    600     
	2486   1958 2100    1300    1000    800     1300    1000    2000    500     300     1300    600     400     1000    800     500     700     800     2000    500     
	2486   1959 2400    2100    2400    2100    2400    1700    2000    500     2000    400     800     2400    1700    1300    1400    2000    900     800     900     
	2486   1960 2100    2100    1500    1000    2100    1500    800     400     1000    2100    800     1100    1500    400     500     800     300     400     400     
	2486   1961 1800    1800    1300    1200    1700    900     1300    600     1200    1700    500     900     900     900     900     1300    800     600     700     
	2486   1962 2300    1900    2300    1200    1700    1900    2100    700     1200    700     1200    600     1900    900     700     900     2100    700     700     
	2486   1963 2400    1900    2000    1100    800     1200    1600    1100    1100    800     700     800     1200    700     200     1600    1000    900     1500    
	2486   1964 1600    1600    1600    1300    1200    1600    1000    1300    500     1200    800     1100    800     1000    1200    900     700     900     700     
	2486   1965 2600    2600    1000    1500    1300    1000    1200    600     1300    1300    600     1000    800     300     900     600     1200    700     400     
	2486   1966 1600    1000    1600    900     1000    1000    1600    900     600     1000    600     600     1000    400     800     1500    500     400     300     
	2486   1967 2300    1000    2300    1000    900     2200    1500    1000    800     900     800     400     2200    800     1200    400     700     1500    400     
	2486   1968 2200    1300    1100    800     900     800     1800    400     800     500     900     600     600     800     800     600     1100    1800    1500    
	2486   1969 2000    1100    2000    900     1100    2000    1600    900     700     1100    900     500     1100    2000    900     1600    1300    300     600     
	2486   1970 4200    800     4200    600     1600    2600    1400    600     300     600     200     1600    2600    500     1000    1400    1200    500     1300    
	2486   1971 2300    1600    2300    1600    2000    2300    2200    1600    900     700     1500    600     1000    2200    700     2200    1100    400     1800    
	2486   1972 2200    1500    1800    1000    1500    1100    2200    800     900     1500    800     600     700     1000    1100    800     1800    500     2100    
	2486   1973 3400    2500    1700    1700    2500    1700    1500    1300    600     2500    400     400     1700    400     1200    1500    900     1000    600     
	2486   1974 2100    1100    1100    600     2100    800     800     500     600     1100    1100    800     800     500     700     800     300     400     700     
	2486   1975 1900    1100    1500    1000    1300    1000    1900    800     1000    300     900     1300    1000    600     900     800     1900    700     1100    
	2486   1976 2600    1600    2600    1600    1800    2600    800     800     1600    1100    1600    800     1700    1200    2600    500     800     500     800     
	2486   1977 1800    900     1800    600     1200    1800    1300    300     600     600     1200    1100    500     1600    400     1300    1100    500     600     
	2486   1978 2000    1000    2000    1000    1700    1500    1500    1000    900     900     900     1700    700     1000    1500    1000    1500    900     700     
	2486   1979 1500    800     1500    800     600     1200    1500    600     800     500     600     500     700     600     500     1500    1100    1100    400     
	2486   1980 3100    1400    3100    1400    3100    800     1100    1400    700     1200    1000    2600    800     800     800     700     400     500     600     
	2486   1981 2500    1700    2500    1700    2200    2500    1100    500     1700    400     2100    700     800     1100    1800    1000    400     500     400     
	2486   1982 1700    1500    1700    1500    1600    1400    1400    1500    1500    900     1600    900     900     1400    500     1200    800     600     900     
	2486   1983 2900    1700    1600    1700    1300    1600    2900    400     1700    1300    600     400     1500    1600    1300    600     1500    1400    600     
	2486   1984 2100    1300    2100    1100    2100    1800    900     200     1100    1300    1900    900     800     1100    1800    300     800     900     600     
	2486   1985 2000    2000    1400    2000    1300    900     1900    400     2000    600     1300    1100    500     900     500     900     1900    600     500     
	2486   1986 3200    3100    1500    3100    1500    1500    3200    400     2700    1000    1200    1500    1500    1400    600     1500    1700    600     400     
	2486   1987 1700    1700    1300    1700    1300    1300    1200    1700    600     1300    800     700     200     1300    700     400     600     900     900     
	2486   1988 2500    800     2500    700     1100    2500    700     400     700     400     1100    900     2500    300     900     600     700     700     500     
	2486   1989 1800    1000    1800    1000    1700    1800    1200    1000    600     700     500     1700    1800    1400    900     900     400     1200    800     
	2486   1990 2900    1600    2900    700     1900    2900    900     500     600     1600    600     1900    900     2400    1100    800     900     600     600     
	2486   1991 2400    1900    2300    1900    1500    1100    1400    1200    1100    1000    600     1500    300     500     1000    1400    900     900     1500    
	2486   1992 1700    1300    1700    1300    1400    1700    700     1200    600     600     900     1400    1000    1100    600     700     500     600     1200    
	2486   1993 1800    1000    900     900     1000    900     1800    700     900     1000    800     600     700     300     800     300     1000    1500    500     
	2486   1994 2500    1100    2500    1100    1000    2500    1700    400     1100    800     800     700     2000    1900    400     600     1700    800     500     
	2486   1995 2700    1300    2700    500     900     2700    1200    300     500     600     800     800     1300    700     2300    400     1200    600     1600    
	2486   1996 2200    2200    1900    2200    1900    1500    1100    2100    600     1600    1900    1200    1000    1500    700     1100    400     300     1400    
	2486   1997 2300    1900    1900    1900    1900    1900    2300    1800    300     800     1900    1100    500     800     1900    1800    900     800     700     
	2486   1998 1700    1400    1700    1400    1700    1600    900     1000    1400    1400    300     1700    500     800     1600    900     200     600     300     
	2486   1999 1800    700     1800    700     1200    1100    1200    300     400     700     600     800     900     900     600     1200    1000    600     300     
	2486   2000 1200    900     1200    700     1200    1100    700     700     400     900     900     900     700     800     1100    700     400     300     900     
	2486   2001 1300    1000    1300    1000    1300    800     800     1000    800     400     300     1300    800     500     800     300     800     600     900     
	2486   2002 2400    1100    1300    900     2400    900     600     900     500     1100    1300    700     900     900     900     600     500     600     900     
	2486   2003 2900    2100    2900    2100    2300    2900    1400    600     2100    2000    2300    600     800     1200    2700    1000    1400    800     1000    
	2486   2004 1400    1300    1400    1300    1400    1100    1000    300     1300    600     900     1400    600     600     500     1000    700     400     1300    
	2486   2005 1700    800     1700    800     1200    1700    900     600     600     500     800     1200    800     1700    600     900     900     700     700     
	2486   2006 1900    1700    1900    1700    1300    1900    1500    1100    600     1300    1300    700     1100    1900    600     1500    1000    600     1000    
	2486   2007 4600    1100    3500    900     4600    1000    1000    400     500     1100    3000    500     600     900     1000    600     1000    400     1400    
	2486   2008 1800    1800    1300    1800    1300    1100    1000    600     1800    800     800     1300    1100    500     800     1000    800     600     1100    
	2486   2009 2000    1000    2000    900     1000    2000    2000    800     800     1000    900     800     1500    600     1500    1600    700     400     1000    
	2486   2010 2100    1100    2100    1100    2100    1200    900     1100    400     900     2100    1200    1100    600     400     600     900     700     600     
	2486   2011 2100    1800    1600    1500    1700    600     2100    600     900     1700    1600    800     400     500     400     700     600     2100    500     
	2486   2012 1700    1400    1100    900     1700    1000    1000    900     800     1400    300     1100    500     800     1000    1000    500     400     300     
	2486   2013 2300    2000    2300    1400    1700    2300    1300    500     1400    800     1000    600     1100    2300    900     1100    500     300     500     
	2486   2014 2300    1500    2300    500     1500    2300    1900    500     500     1500    900     600     2000    700     200     1900    400     600     400     
	2486   2015 2000    2000    1200    1100    2000    1200    1100    300     1100    2000    1200    1000    1100    400     900     600     700     400     500     
	2486   2016 1600    1600    1400    500     1600    1400    1300    200     400     1600    500     600     900     1400    700     1300    1100    700     1000    
	2486   2017 1400    1000    1400    700     1300    1300    700     700     400     1000    1300    1300    1300    300     900     700     700     400     400     
	2486   2018 4900    1500    4900    1400    1800    4900    1400    900     1400    400     1100    1800    2300    2600    700     1400    1400    1300    800     
	2486   2019 2000    1700    2000    1700    2000    1700    1000    600     1700    1500    2000    900     1200    600     1400    1000    500     400     500     
	2486   2020 3300    1800    3300    700     3000    1200    1500    700     500     1800    1700    3000    1200    600     1100    1500    500     600     400     
	2486   2021 -999999 -999999 1600    -999999 1300    1300    1600    -999999 700     800     1300    700     1200    1300    500     1600    500     500     1200    
	2486   2022 2800    2800    1800    700     2800    1800    700     700     400     2800    1700    1000    900     1800    1300    300     700     600     500     
	2486   2023 3900    1100    3900    1100    2000    1900    1800    600     1100    400     700     2000    1900    600     1200    900     1000    400     600     
	2486   2024 2000    -999999 2000    -999999 800     2000    1200    700     -999999 400     600     800     800     600     1400    800     700     1000    700     
	2486   2025 3000    1600    3000    1000    3000    2300    1100    1000    900     1600    1100    2300    1100    700     2300    700     1100    800     1300    
	2486   2026 -999999 -999999 -999999 600     -999999 -999999 -999999 600     400     -999999 -999999 -999999 -999999 -999999 -999999 -999999 -999999 -999999 -999999 
	