EUROPEAN CLIMATE ASSESSMENT & DATASET (ECA&D), file created on: 17-05-2026
THESE DATA CAN BE USED FOR NON-COMMERCIAL RESEARCH AND EDUCATION PROVIDED THAT THE FOLLOWING SOURCE IS ACKNOWLEDGED: 

Klein Tank, A.M.G. and Coauthors, 2002. Daily dataset of 20th-century surface
air temperature and precipitation series for the European Climate Assessment.
Int. J. of Climatol., 22, 1441-1453.
Data and metadata available at http://www.ecad.eu

FILE FORMAT (MISSING VALUE CODE = -999999):

THIS FILE HOLDS DATA FOR STATION NETHERLANDS                              IJSSELMONDE                              (STAID:    543)
LATITUDE: dd:mm:ss +51:52:59
LONGITUDE: ddd:mm:ss +004:33:00
ELEVATION: m   -1

DATA IS FOR INDEX Maximum no of consecutive dry days (RR < 1 mm) (CDD) with unit 0.01 No of days

01-06 SOUID: Source identifier
08-11 YEAR : YYYY
13-20 ANNUAL DATA VALUES
21-28 WINTER HALF YEAR DATA VALUES
29-36 SUMMER HALF YEAR DATA VALUES
37-44 WINTER (DJF) DATA VALUES
45-52 SPRING (MAM) DATA VALUES
53-60 SUMMER (JJA) DATA VALUES
61-68 AUTUMN (SON) DATA VALUES
69-76 JANUARY DATA VALUES
etc. 
157-164 DECEMBER DATA VALUES

543    1908 -999999 -999999 -999999 -999999 700     -999999 -999999 -999999 -999999 500     600     700     -999999 -999999 -999999 -999999 -999999 -999999 -999999 
	543    1909 -999999 -999999 -999999 -999999 -999999 -999999 -999999 -999999 -999999 -999999 -999999 -999999 -999999 -999999 -999999 -999999 -999999 -999999 -999999 
	543    1910 -999999 -999999 -999999 -999999 -999999 -999999 -999999 -999999 -999999 -999999 -999999 -999999 -999999 -999999 -999999 -999999 -999999 -999999 -999999 
	543    1911 -999999 -999999 -999999 -999999 -999999 -999999 -999999 -999999 -999999 -999999 -999999 -999999 -999999 -999999 -999999 -999999 -999999 -999999 -999999 
	543    1912 -999999 -999999 -999999 -999999 -999999 -999999 -999999 -999999 -999999 -999999 -999999 -999999 -999999 -999999 -999999 -999999 -999999 -999999 -999999 
	543    1913 -999999 -999999 -999999 -999999 -999999 -999999 -999999 -999999 -999999 -999999 -999999 -999999 -999999 -999999 -999999 -999999 -999999 -999999 -999999 
	543    1914 -999999 -999999 -999999 -999999 -999999 -999999 -999999 -999999 -999999 -999999 -999999 -999999 -999999 -999999 -999999 -999999 -999999 -999999 -999999 
	543    1915 -999999 -999999 -999999 -999999 -999999 -999999 -999999 -999999 -999999 -999999 -999999 -999999 -999999 -999999 -999999 -999999 -999999 -999999 -999999 
	543    1916 -999999 -999999 -999999 -999999 -999999 -999999 -999999 -999999 -999999 -999999 -999999 -999999 -999999 -999999 -999999 -999999 -999999 -999999 -999999 
	543    1917 -999999 -999999 -999999 -999999 -999999 -999999 -999999 -999999 -999999 -999999 -999999 -999999 -999999 -999999 -999999 -999999 -999999 -999999 -999999 
	543    1918 -999999 -999999 -999999 -999999 -999999 -999999 -999999 -999999 -999999 -999999 -999999 -999999 -999999 -999999 -999999 -999999 -999999 -999999 -999999 
	543    1919 -999999 -999999 -999999 -999999 -999999 -999999 -999999 -999999 -999999 -999999 -999999 -999999 -999999 -999999 -999999 -999999 -999999 -999999 -999999 
	543    1920 -999999 -999999 -999999 -999999 -999999 -999999 -999999 -999999 -999999 -999999 -999999 -999999 -999999 -999999 -999999 -999999 -999999 -999999 -999999 
	543    1921 -999999 -999999 -999999 -999999 -999999 -999999 -999999 -999999 -999999 -999999 -999999 -999999 -999999 -999999 -999999 -999999 -999999 -999999 -999999 
	543    1922 -999999 -999999 -999999 -999999 -999999 -999999 -999999 -999999 -999999 -999999 -999999 -999999 -999999 -999999 -999999 -999999 -999999 -999999 -999999 
	543    1923 -999999 -999999 -999999 -999999 -999999 -999999 -999999 -999999 -999999 -999999 -999999 -999999 -999999 -999999 -999999 -999999 -999999 -999999 -999999 
	543    1924 -999999 -999999 -999999 -999999 -999999 -999999 -999999 -999999 -999999 -999999 -999999 -999999 -999999 -999999 -999999 -999999 -999999 -999999 -999999 
	543    1925 -999999 -999999 -999999 -999999 -999999 -999999 -999999 -999999 -999999 -999999 -999999 -999999 -999999 -999999 -999999 -999999 -999999 -999999 -999999 
	543    1926 -999999 -999999 -999999 -999999 -999999 -999999 -999999 -999999 -999999 -999999 -999999 -999999 -999999 -999999 -999999 -999999 -999999 -999999 -999999 
	543    1927 -999999 -999999 -999999 -999999 -999999 -999999 -999999 -999999 -999999 -999999 -999999 -999999 -999999 -999999 -999999 -999999 -999999 -999999 -999999 
	543    1928 -999999 -999999 -999999 -999999 -999999 -999999 -999999 -999999 -999999 -999999 -999999 -999999 -999999 -999999 -999999 -999999 -999999 -999999 -999999 
	543    1929 -999999 -999999 -999999 -999999 -999999 -999999 -999999 -999999 -999999 -999999 -999999 -999999 -999999 -999999 -999999 -999999 -999999 -999999 -999999 
	543    1930 -999999 -999999 -999999 -999999 -999999 -999999 -999999 -999999 -999999 -999999 -999999 -999999 -999999 -999999 -999999 -999999 -999999 -999999 -999999 
	543    1931 -999999 -999999 -999999 -999999 -999999 -999999 -999999 -999999 -999999 -999999 -999999 -999999 -999999 -999999 -999999 -999999 -999999 -999999 -999999 
	543    1932 2500    -999999 1900    -999999 1600    1900    900     1800    2100    1600    300     600     1900    800     900     700     300     900     1600    
	543    1933 2400    1600    2300    1600    2300    1100    1100    1600    700     1100    2300    900     1000    800     1100    1100    700     700     1700    
	543    1934 2400    2400    2000    2400    1500    1600    1600    800     2400    900     600     1500    1300    1300    800     600     300     1600    500     
	543    1935 1600    1600    1400    700     1600    1200    900     700     300     1600    500     1300    500     1200    1100    900     400     500     600     
	543    1936 2600    2600    1500    900     2600    1200    1100    600     900     2600    900     1100    1200    500     1200    400     900     1100    900     
	543    1937 2000    600     2000    600     1500    1100    1000    600     300     400     500     1200    800     800     1000    600     1000    700     400     
	543    1938 2300    2300    1800    1300    2300    1800    800     500     1300    2300    1400    1600    1800    800     900     800     700     800     1000    
	543    1939 2500    1300    2500    1300    1500    1100    1000    600     700     400     600     1500    1100    500     900     1000    300     300     1700    
	543    1940 2100    1300    2100    1300    2100    1100    1100    1000    1000    900     500     2100    1100    500     700     700     1100    400     600     
	543    1941 3300    1200    3300    1200    1600    3300    1500    1100    300     1200    1000    1600    1600    1700    200     1500    800     500     800     
	543    1942 3000    1900    3000    1600    3000    1200    900     1500    1600    1200    2100    900     1200    400     600     900     600     800     600     
	543    1943 3700    3700    1900    1300    2400    1900    1400    400     1300    2400    1000    1300    900     1900    600     900     1400    500     1000    
	543    1944 2100    2100    1900    1900    1300    1900    700     500     1900    900     1000    700     800     700     1800    500     700     300     1000    
	543    1945 1300    900     1200    600     1100    1200    1300    600     400     900     800     1100    800     1200    500     1000    1300    600     500     
	543    1946 1600    1600    1100    1600    1400    1000    1500    1600    500     1400    1100    700     400     900     700     600     1500    700     1300    
	543    1947 3600    1200    3600    1200    1100    2400    1200    1200    700     400     1100    800     1000    2000    2400    1200    900     400     1200    
	543    1948 3100    3100    1500    1600    1500    1500    1500    300     1600    1500    800     1500    1400    1400    900     800     1300    900     1100    
	543    1949 3100    1100    3100    700     1100    3100    1400    500     600     1100    900     700     1700    1400    2000    600     800     500     700     
	543    1950 1700    1200    1700    800     1200    1300    1000    800     400     800     800     1200    1300    400     500     300     1000    500     1300    
	543    1951 2400    1600    1500    600     1000    1100    2400    400     600     1000    1000    500     1100    1000    800     700     2000    300     1100    
	543    1952 1900    1000    1900    1000    1900    1100    600     600     1000    700     1100    1900    800     800     1100    600     600     500     700     
	543    1953 3400    3400    1400    1700    2700    1400    2500    1700    700     2700    1100    1200    600     600     1400    700     2500    1100    800     
	543    1954 1700    1700    1600    1700    1600    800     600     1100    600     1600    1600    1600    600     700     700     400     300     500     600     
	543    1955 1900    1600    1900    1200    1900    1200    1000    900     1200    600     1900    700     700     1200    1100    800     700     1000    500     
	543    1956 1500    1300    1500    1300    1300    600     1500    500     1300    900     1300    800     600     300     400     1500    900     1000    1000    
	543    1957 1400    1300    1100    1300    1400    1000    1200    1300    400     500     1000    800     700     300     700     200     1200    1100    600     
	543    1958 2400    1300    1200    600     1300    1200    2300    500     200     1300    500     500     1200    800     600     700     900     2300    400     
	543    1959 2500    2100    2500    2100    2500    1700    2500    600     2000    400     800     2500    1700    1500    1500    2000    1600    800     500     
	543    1960 1400    1100    1400    300     1400    1300    900     300     300     1100    1100    1100    1300    400     200     900     400     300     300     
	543    1961 1700    1700    1200    1200    1700    700     1200    500     1200    1700    500     800     700     700     700     1200    800     1200    900     
	543    1962 2100    1200    2000    1100    1700    1700    2100    600     1100    1100    1200    500     1700    500     800     900     2100    700     700     
	543    1963 2100    1900    2000    1300    1000    1200    1600    1300    1100    800     800     800     1200    700     300     1600    900     500     1600    
	543    1964 1700    1700    1200    1300    1200    1200    1000    1300    700     1200    800     1100    800     900     900     800     700     900     800     
	543    1965 1500    1500    1200    1100    1300    1200    1400    600     1100    1300    600     1000    800     300     1200    900     1400    700     300     
	543    1966 1600    1200    1600    1200    1100    1000    1500    1200    600     600     400     1100    1000    400     800     1500    800     300     100     
	543    1967 1400    1000    1400    900     1400    1100    1300    900     800     900     900     500     900     800     1100    600     600     1300    400     
	543    1968 1600    1200    1100    800     700     800     1600    400     800     500     700     600     600     800     700     700     1000    1600    1500    
	543    1969 2200    1600    2200    900     1100    2200    1700    900     700     1100    900     400     1100    2100    900     1500    1700    300     600     
	543    1970 3300    1200    3300    600     1200    2300    1400    600     400     400     200     1200    2300    500     1200    1400    1100    900     1200    
	543    1971 2300    1400    2300    1400    1100    2100    2200    1400    800     800     1000    800     900     2000    500     2200    1100    400     900     
	543    1972 3000    1600    2100    1300    1600    1300    3000    900     900     1600    700     500     700     800     1300    1200    1800    400     2100    
	543    1973 3500    2500    1700    1800    2500    1700    1400    1400    400     2500    400     400     1700    400     1200    1400    900     700     600     
	543    1974 1700    700     1100    700     1700    800     800     500     600     700     1100    900     800     700     700     800     200     400     700     
	543    1975 1900    1100    1600    1100    900     1000    1900    600     1100    300     900     800     1000    600     1000    600     1900    700     1100    
	543    1976 2400    1600    2400    1600    1900    2400    800     500     1600    1100    1700    800     1700    1200    2400    400     800     600     500     
	543    1977 2100    700     2100    600     1100    2100    2100    400     600     400     600     1100    1000    1600    400     2100    1100    600     600     
	543    1978 2000    1600    2000    1500    1700    1500    1600    1000    1500    500     900     1700    700     1000    1500    1000    1100    1600    800     
	543    1979 1400    800     1400    800     600     1200    1400    600     800     500     600     500     700     700     400     1400    1200    600     500     
	543    1980 3200    1400    3200    1400    3200    800     1000    1400    800     1200    900     2700    800     800     600     1000    400     500     400     
	543    1981 2500    1200    1800    1200    2500    1700    700     500     1200    700     1800    700     500     1300    1700    700     300     500     600     
	543    1982 1700    1400    1700    1400    1600    1100    1700    1400    1400    900     1600    1200    900     1100    400     1700    800     700     500     
	543    1983 2000    1800    2000    1800    1300    2000    2000    400     1800    1300    500     300     2000    1700    1500    600     700     1400    800     
	543    1984 2300    1200    2300    1100    2300    1500    700     400     1100    1200    1900    500     700     1400    1500    200     700     700     500     
	543    1985 2000    2000    1300    2000    1000    1300    1000    400     2000    500     1000    1000    400     1300    400     800     900     600     300     
	543    1986 3500    3500    1500    3200    1100    1500    2100    400     2800    1100    600     600     800     1500    1300    1500    1000    500     500     
	543    1987 1300    1300    1300    1300    1200    1300    1200    1300    700     1200    800     700     300     1300    400     500     500     900     900     
	543    1988 2500    900     2500    900     1200    2500    1000    900     600     200     800     1200    2500    300     900     600     1000    700     500     
	543    1989 1900    1300    1900    1300    1900    1300    1200    1000    600     700     500     1900    1300    1300    600     800     400     1200    1100    
	543    1990 1800    700     1800    700     1600    1800    900     500     600     600     400     1600    900     1800    900     600     900     500     600     
	543    1991 2300    1800    2300    1800    1500    1600    1400    1100    700     1100    800     1500    300     600     1000    1400    1200    800     1500    
	543    1992 2100    1300    2100    1300    2000    900     1200    1200    600     400     1000    2000    800     700     300     800     400     400     1100    
	543    1993 1800    1800    1500    1800    1500    700     1500    500     1500    1000    800     700     700     300     600     300     1000    1400    200     
	543    1994 2000    1100    2000    1100    900     2000    1600    500     1100    400     900     500     900     2000    1200    600     1600    800     400     
	543    1995 2700    1500    2700    300     1300    2700    1500    200     300     500     800     800     1300    1000    2300    1000    1500    1100    1600    
	543    1996 2300    2300    2000    2300    2000    1300    1000    2100    500     1600    1900    1200    1000    1300    1000    1000    600     400     1400    
	543    1997 2000    1800    1900    1800    1900    1900    1700    1800    300     800     1900    1000    600     800     1900    1700    900     400     700     
	543    1998 1700    1300    1700    1300    1700    1600    700     800     1300    1300    300     1700    200     600     1600    700     200     700     300     
	543    1999 2000    600     2000    600     1000    1200    1400    300     400     500     600     700     800     900     600     1400    1100    400     200     
	543    2000 1400    800     1400    800     1400    900     700     800     400     500     900     800     700     500     900     700     400     300     800     
	543    2001 1400    1400    1200    1400    1200    1200    800     1400    800     500     300     1200    1200    500     600     300     800     700     900     
	543    2002 2300    1000    1300    900     2300    800     1000    900     500     1000    1300    700     500     700     800     1000    500     300     1200    
	543    2003 2900    2300    2900    2300    2200    2900    1600    600     2300    2000    2200    700     2100    1300    2700    900     1600    800     1000    
	543    2004 1700    1000    1400    1000    1400    900     1100    300     700     500     900     1400    800     600     300     1100    800     400     1500    
	543    2005 1600    800     1400    800     1100    900     1600    600     800     500     500     1100    800     900     600     800     1600    500     500     
	543    2006 1900    1700    1900    1700    1500    1900    1400    1100    900     1300    800     1500    1100    1900    400     1400    1100    600     1000    
	543    2007 4500    1000    3500    1000    4500    1000    1000    300     500     1000    3000    500     700     300     1000    500     1000    500     1700    
	543    2008 1500    1300    1500    1300    1500    700     1000    400     1300    300     800     1400    600     500     700     1000    700     500     1100    
	543    2009 2000    900     2000    900     1000    2000    1400    800     400     800     900     800     1500    700     800     1400    700     400     600     
	543    2010 2100    1200    2100    1200    2100    1300    1200    1100    1200    900     2100    1700    1100    1000    500     500     1200    700     600     
	543    2011 2800    1800    1700    800     1700    800     2800    700     700     1700    1700    800     400     700     400     700     500     2800    500     
	543    2012 2600    2400    1600    800     2600    1600    1000    500     800     2400    400     900     400     700     1600    1000    900     600     400     
	543    2013 2200    1200    2200    800     2000    2200    1300    500     800     1200    800     700     1100    2200    700     1100    600     800     600     
	543    2014 2300    1500    2300    600     1500    800     2300    500     600     1500    600     600     800     500     200     2300    700     600     400     
	543    2015 1900    1900    1200    1400    1900    1200    1100    400     1400    1900    1200    900     1100    400     900     600     700     400     500     
	543    2016 1900    1300    1400    500     1300    1400    1300    300     400     1300    700     1100    900     1400    700     1300    1200    1000    1000    
	543    2017 2400    1100    1300    800     2400    1200    900     800     500     1100    1300    1000    1200    500     900     800     900     400     300     
	543    2018 2800    1500    2800    1400    2100    2800    1400    500     1400    500     900     2100    1500    1500    600     1300    1400    1400    700     
	543    2019 2000    1700    2000    1700    2000    1600    1000    400     1700    1400    2000    1600    1100    500     1400    1000    500     700     500     
	543    2020 3500    1800    2000    700     3500    900     1700    700     400     1800    1700    2000    700     900     900     1700    800     700     400     
	543    2021 2200    1700    2200    1000    1500    1600    1200    300     1000    900     1500    600     1600    800     600     1200    400     500     1000    
	543    2022 3300    2800    3300    700     3300    1800    800     700     300     2800    2300    1000    1400    1800    1300    400     700     800     900     
	543    2023 3900    1100    3900    1100    2000    1900    1000    600     1100    500     400     2000    1900    400     1200    1000    700     300     500     
	543    2024 1800    700     1800    700     800     1800    1100    700     200     400     600     800     800     600     1200    1100    600     800     700     
	543    2025 2900    1800    2700    1100    2900    1600    1300    1100    900     1800    1100    2100    1100    600     1600    1000    1300    800     1300    
	543    2026 -999999 1000    -999999 1000    -999999 -999999 -999999 1000    400     900     2800    -999999 -999999 -999999 -999999 -999999 -999999 -999999 -999999 
	