EUROPEAN CLIMATE ASSESSMENT & DATASET (ECA&D), file created on: 17-05-2026
THESE DATA CAN BE USED FOR NON-COMMERCIAL RESEARCH AND EDUCATION PROVIDED THAT THE FOLLOWING SOURCE IS ACKNOWLEDGED: 

Klein Tank, A.M.G. and Coauthors, 2002. Daily dataset of 20th-century surface
air temperature and precipitation series for the European Climate Assessment.
Int. J. of Climatol., 22, 1441-1453.
Data and metadata available at http://www.ecad.eu

FILE FORMAT (MISSING VALUE CODE = -999999):

THIS FILE HOLDS DATA FOR STATION NETHERLANDS                              BOSKOOP                                  (STAID:   2375)
LATITUDE: dd:mm:ss +52:04:59
LONGITUDE: ddd:mm:ss +004:40:59
ELEVATION: m   -2

DATA IS FOR INDEX Maximum no of consecutive dry days (RR < 1 mm) (CDD) with unit 0.01 No of days

01-06 SOUID: Source identifier
08-11 YEAR : YYYY
13-20 ANNUAL DATA VALUES
21-28 WINTER HALF YEAR DATA VALUES
29-36 SUMMER HALF YEAR DATA VALUES
37-44 WINTER (DJF) DATA VALUES
45-52 SPRING (MAM) DATA VALUES
53-60 SUMMER (JJA) DATA VALUES
61-68 AUTUMN (SON) DATA VALUES
69-76 JANUARY DATA VALUES
etc. 
157-164 DECEMBER DATA VALUES

2375   1931 -999999 -999999 -999999 -999999 -999999 -999999 -999999 -999999 -999999 -999999 -999999 -999999 -999999 -999999 -999999 -999999 -999999 -999999 -999999 
	2375   1932 2100    -999999 2100    -999999 1900    2000    900     1300    1200    1900    500     700     2000    500     1100    600     300     900     1100    
	2375   1933 2000    1600    1700    1600    1700    1100    1200    1600    800     1200    1700    900     1100    800     1000    1200    700     1000    2000    
	2375   1934 2600    2600    2000    2600    1500    1600    800     700     2500    900     700     1500    1400    1300    800     600     400     800     400     
	2375   1935 1800    1600    1800    600     1800    1100    700     600     600     1600    600     1200    500     1100    800     700     400     400     500     
	2375   1936 2600    2600    1400    1000    2600    1200    1100    300     1000    2600    900     900     800     500     1200    400     900     1100    700     
	2375   1937 1500    800     1500    600     1000    1500    1200    600     200     400     400     1000    800     800     900     400     1000    700     500     
	2375   1938 1800    1300    1800    1300    1300    1800    900     300     1300    1300    800     1200    1800    1000    1000    500     600     900     1000    
	2375   1939 2500    1200    2500    1200    1500    1000    800     500     700     300     600     1500    1000    500     900     600     400     200     1700    
	2375   1940 2100    1400    2100    1000    2100    1100    1100    600     1000    800     700     2100    1100    400     700     900     1100    400     500     
	2375   1941 2800    1200    2800    1200    2800    1600    1500    1100    400     1200    1100    1700    1600    1000    200     1500    800     700     800     
	2375   1942 3000    1200    3000    1200    3000    1700    1300    1200    1200    1200    2100    900     1300    400     700     1300    600     800     700     
	2375   1943 3700    3700    1900    1300    2400    1900    1400    400     1300    2400    1500    1300    500     1900    600     500     900     500     1000    
	2375   1944 2100    2100    1900    1900    1000    1900    700     500     1900    1000    700     700     800     700     1800    600     700     200     800     
	2375   1945 1700    1200    1300    600     1200    1300    1700    600     500     1200    800     1100    800     1300    600     800     1700    600     400     
	2375   1946 2100    1500    2100    1500    1300    2100    1200    1500    500     1200    1100    700     700     1400    400     600     1200    600     1300    
	2375   1947 3300    1600    3300    1600    1400    2600    1000    1200    1600    200     1400    800     900     2100    2600    700     900     400     1200    
	2375   1948 3100    3100    1500    1600    1500    1500    900     400     1600    1500    1200    1300    1200    1400    900     800     800     900     700     
	2375   1949 2100    1000    2100    800     1100    2100    1600    600     800     1000    900     700     1700    1300    1400    800     800     600     500     
	2375   1950 1700    1300    1700    1300    900     1300    1000    1300    400     800     400     900     1300    400     500     200     1000    600     1300    
	2375   1951 3300    1100    1500    1100    1100    1100    3300    900     400     1000    1100    1100    1100    900     600     700     2900    300     1300    
	2375   1952 1900    1000    1900    1000    1900    1000    900     700     1000    1000    1100    1900    800     900     1000    900     800     200     800     
	2375   1953 3800    3800    1500    1400    2700    1400    1600    1400    1100    2700    1200    1300    600     500     1400    700     1600    1100    800     
	2375   1954 1800    1800    1700    1800    1700    800     600     1100    700     1600    1600    1400    700     600     700     300     200     600     600     
	2375   1955 1900    1600    1900    1200    1900    1100    800     900     1200    700     1900    600     800     900     1100    800     700     600     500     
	2375   1956 1400    1300    1400    1300    1200    1000    1400    500     1300    900     1000    1200    1000    400     300     1400    1000    900     1000    
	2375   1957 1400    1100    1100    1100    900     900     1300    1100    400     500     900     800     700     200     700     300     1300    1100    600     
	2375   1958 2300    1300    1400    600     1300    1400    1900    500     200     1300    500     500     1400    800     300     600     800     1900    400     
	2375   1959 2500    2100    2200    2100    1500    1700    2500    600     2000    400     800     1500    1700    1500    800     2000    1600    800     500     
	2375   1960 1400    900     1400    400     1400    1300    700     300     400     900     1100    1200    1300    500     800     700     300     400     400     
	2375   1961 1700    1700    1200    1200    1700    700     1200    500     1200    1700    500     900     700     700     700     1200    800     1200    700     
	2375   1962 2200    1300    2100    1200    1500    1700    2200    600     1200    700     1000    500     1700    500     400     900     2200    700     700     
	2375   1963 2400    2400    1800    1600    800     800     1800    1100    1600    800     600     800     700     600     300     1800    900     500     1700    
	2375   1964 1700    1700    1600    1300    1200    1400    1000    1300    700     1200    800     500     800     900     1200    700     700     900     600     
	2375   1965 2700    2700    1000    1400    1300    1000    1400    700     1400    1300    400     700     800     400     600     700     1400    1300    300     
	2375   1966 1600    1600    1500    1600    1200    800     1500    1600    500     600     300     1200    500     200     800     1500    800     300     200     
	2375   1967 1500    1500    1200    1500    800     1200    1000    1000    1500    700     800     700     900     900     1100    500     400     1000    400     
	2375   1968 1700    1200    1700    800     1700    900     1100    400     800     500     1700    600     600     800     700     500     1000    1100    1400    
	2375   1969 2200    1100    2200    1100    1100    2200    1700    1100    400     1100    1000    400     1500    2100    600     1600    1700    300     700     
	2375   1970 3200    1400    3200    600     1200    2200    1400    500     400     1000    300     1200    2200    400     1200    1400    1300    800     1200    
	2375   1971 2300    1500    2300    1500    2000    2100    2200    1500    800     500     1500    800     900     2000    500     2200    1200    600     900     
	2375   1972 3000    1600    1800    1400    1600    1100    3000    1000    800     1600    700     400     700     1100    1100    1200    1800    400     2100    
	2375   1973 4000    2300    2100    2300    2100    2100    1500    1900    500     2100    400     500     1700    400     2100    1500    900     700     600     
	2375   1974 3100    700     2400    700     3100    800     800     500     600     700     2400    900     800     500     800     800     400     400     700     
	2375   1975 1800    1100    1700    1000    1500    1700    1800    600     1000    200     900     1500    1000    700     1000    900     1800    700     1100    
	2375   1976 2400    1600    2400    1600    1900    2400    800     500     1600    1100    1700    900     1500    1200    2400    500     800     600     500     
	2375   1977 3300    700     3300    600     1100    2100    2900    400     600     400     600     1100    500     1600    600     2900    1100    500     600     
	2375   1978 2500    700     2500    700     1600    2500    1100    700     700     500     900     1600    700     2300    1600    1000    1100    900     800     
	2375   1979 1200    700     1200    700     500     1200    1200    600     700     500     400     500     600     700     400     1000    1200    600     400     
	2375   1980 3200    1400    3200    1400    3200    1300    700     1400    800     1200    900     2700    1300    800     600     600     700     500     500     
	2375   1981 2300    1200    1800    1200    2300    1800    700     500     1200    500     1800    700     900     600     1800    700     300     500     600     
	2375   1982 1700    1400    1700    1400    1600    1100    1700    1400    1300    600     1600    1100    500     1100    500     1700    800     600     800     
	2375   1983 2300    1600    2300    1600    1300    2300    1700    400     1600    1300    500     300     2300    1900    1500    900     600     1400    700     
	2375   1984 2100    1200    2100    1100    2100    1500    900     200     1100    1200    1900    600     700     1400    1500    200     700     900     600     
	2375   1985 2000    2000    1400    2000    1200    1400    1900    400     2000    800     1200    700     400     1300    500     800     1900    700     300     
	2375   1986 3500    3500    1500    3200    1000    1400    2100    400     2800    1000    700     600     1100    1400    1300    1500    1000    400     400     
	2375   1987 1600    1400    1600    1400    1200    1600    1000    1200    1000    1200    900     800     700     1300    400     600     500     1000    900     
	2375   1988 2500    900     2500    900     1300    2500    700     900     700     200     900     1300    2500    600     900     600     700     700     500     
	2375   1989 1800    1000    1800    1000    1800    1200    1200    1000    600     700     500     1800    1200    1200    800     900     400     1200    1100    
	2375   1990 1800    900     1800    700     1600    1800    900     500     600     900     500     1600    1300    1800    900     600     900     500     700     
	2375   1991 2500    2100    2300    2100    1500    1700    1400    1100    1000    1100    700     1500    200     700     1000    1400    1200    900     1600    
	2375   1992 1400    1300    1400    1300    1400    1400    800     1200    700     600     1200    1400    1200    500     600     800     500     400     1200    
	2375   1993 1800    1800    1600    1800    1600    700     1600    500     1500    1000    800     800     700     400     600     300     1000    1400    200     
	2375   1994 1700    1300    1700    1300    900     1700    1600    400     1300    800     900     700     1400    1000    1000    400     1600    800     400     
	2375   1995 2700    1300    2700    300     2400    2700    1200    200     300     600     900     1500    1300    500     2300    500     1200    1100    1600    
	2375   1996 2300    2300    2100    2300    2300    1300    900     2100    500     2300    2000    1200    1000    1300    700     900     600     400     1400    
	2375   1997 2000    1800    1900    1800    1900    1900    1600    1800    300     800     1900    1000    600     800     1900    1600    900     1000    500     
	2375   1998 1700    1400    1700    1300    1700    1600    900     1000    1300    1400    300     1700    200     600     1600    900     200     700     300     
	2375   1999 2000    600     2000    600     1200    1200    1400    300     300     500     800     800     800     900     600     1400    1100    700     200     
	2375   2000 1600    1200    1600    1200    1600    900     700     1200    400     500     900     1500    600     800     900     700     400     300     600     
	2375   2001 1400    1100    1400    1100    1400    1200    800     1100    400     500     400     1400    1200    400     600     200     800     800     1200    
	2375   2002 2300    1100    1200    1000    2300    800     1200    1000    500     1100    1200    700     400     700     800     1200    600     600     1300    
	2375   2003 2300    2300    2300    2300    2000    2300    1400    600     2300    2000    1800    600     1000    1300    2100    900     1400    1100    1000    
	2375   2004 1800    1200    1400    1000    1400    900     1200    300     700     1200    1200    1400    700     600     300     1200    700     600     1500    
	2375   2005 1700    900     1400    800     1100    900     1700    600     800     900     600     1100    800     900     600     800     1700    400     500     
	2375   2006 1700    1700    1500    1700    1500    1400    1500    1100    1000    1300    700     1500    1200    1100    400     1500    1100    600     900     
	2375   2007 4500    1000    3500    900     4500    900     1000    400     600     1000    3000    500     700     300     900     500     1000    500     1700    
	2375   2008 1800    1800    1500    1800    1500    1100    1000    400     1800    300     800     1400    1100    300     900     1000    900     600     1100    
	2375   2009 1900    1000    1900    1000    1000    1900    1400    800     700     800     900     800     1500    500     800     1400    700     300     500     
	2375   2010 2100    1200    2100    1200    2100    1300    1200    500     1200    900     2100    1700    1100    800     400     500     1200    800     600     
	2375   2011 2500    1800    1500    800     1700    1000    2500    700     700     1700    1500    700     400     700     400     700     400     2500    500     
	2375   2012 2600    2400    1500    800     2600    1500    1100    500     800     2400    500     1100    400     700     1500    1100    900     600     200     
	2375   2013 2200    1200    2200    800     2100    2200    1300    600     800     1200    900     700     1100    2200    700     1100    600     800     500     
	2375   2014 2200    1700    2200    500     1700    1700    2200    400     500     1700    600     600     1700    1000    200     2200    700     600     400     
	2375   2015 2000    2000    1300    1600    2000    1200    1300    400     1600    2000    1300    1000    1100    400     800     700     1000    300     400     
	2375   2016 1800    1300    1300    400     1300    1300    1300    300     400     1300    600     1100    900     1300    700     1300    1200    900     1000    
	2375   2017 2200    1400    1300    1400    2200    1300    900     1400    800     1100    1100    800     1300    500     900     900     900     300     300     
	2375   2018 3300    1700    3300    1400    1200    3300    1700    900     1400    500     1000    1200    1300    2500    600     600     1700    1500    800     
	2375   2019 2100    1400    2100    1100    2100    1600    600     600     1000    1400    2100    1600    1100    600     1100    600     500     600     500     
	2375   2020 2000    1600    2000    700     2000    1100    1700    700     300     1600    1700    2000    700     600     1100    1700    800     900     400     
	2375   2021 -999999 -999999 -999999 -999999 900     -999999 1500    -999999 1000    700     800     500     1600    -999999 500     1500    400     700     1000    
	2375   2022 1900    1800    1900    700     1800    1900    700     700     400     1800    1400    1000    1400    1900    1500    500     700     500     900     
	2375   2023 3800    1100    3800    1100    1900    1900    900     600     1100    300     700     1900    1900    300     1300    900     700     200     400     
	2375   2024 1100    -999999 1100    -999999 800     900     1100    800     -999999 800     500     800     900     600     900     1100    600     800     700     
	2375   2025 2700    1200    2700    1200    2700    1600    700     1100    900     1000    1100    2100    800     700     1600    500     600     700     1300    
	2375   2026 -999999 -999999 -999999 600     -999999 -999999 -999999 600     300     -999999 -999999 -999999 -999999 -999999 -999999 -999999 -999999 -999999 -999999 
	