EUROPEAN CLIMATE ASSESSMENT & DATASET (ECA&D), file created on: 17-05-2026
THESE DATA CAN BE USED FOR NON-COMMERCIAL RESEARCH AND EDUCATION PROVIDED THAT THE FOLLOWING SOURCE IS ACKNOWLEDGED: 

Klein Tank, A.M.G. and Coauthors, 2002. Daily dataset of 20th-century surface
air temperature and precipitation series for the European Climate Assessment.
Int. J. of Climatol., 22, 1441-1453.
Data and metadata available at http://www.ecad.eu

FILE FORMAT (MISSING VALUE CODE = -999999):

THIS FILE HOLDS DATA FOR STATION NETHERLANDS                              OUDESCHOOT                               (STAID:  20585)
LATITUDE: dd:mm:ss +52:55:59
LONGITUDE: ddd:mm:ss +005:58:30
ELEVATION: m    1

DATA IS FOR INDEX Maximum no of consecutive dry days (RR < 1 mm) (CDD) with unit 0.01 No of days

01-06 SOUID: Source identifier
08-11 YEAR : YYYY
13-20 ANNUAL DATA VALUES
21-28 WINTER HALF YEAR DATA VALUES
29-36 SUMMER HALF YEAR DATA VALUES
37-44 WINTER (DJF) DATA VALUES
45-52 SPRING (MAM) DATA VALUES
53-60 SUMMER (JJA) DATA VALUES
61-68 AUTUMN (SON) DATA VALUES
69-76 JANUARY DATA VALUES
etc. 
157-164 DECEMBER DATA VALUES

20585  1885 -999999 -999999 1500    -999999 -999999 1500    900     -999999 -999999 -999999 1300    400     900     1100    900     300     300     900     1300    
	20585  1886 4300    4300    1500    2400    1900    1500    1200    800     2400    1800    600     1000    900     700     700     1200    1100    400     600     
	20585  1887 2800    2800    2500    1800    2100    2500    1800    1100    1800    2100    1900    400     2200    1400    900     900     600     1800    1300    
	20585  1888 -999999 1200    -999999 1200    3300    -999999 -999999 1200    900     900     600     3000    -999999 -999999 -999999 -999999 -999999 -999999 -999999 
	20585  1889 -999999 -999999 -999999 -999999 -999999 -999999 -999999 -999999 -999999 -999999 -999999 -999999 -999999 -999999 -999999 -999999 -999999 -999999 -999999 
	20585  1890 -999999 -999999 -999999 -999999 -999999 -999999 -999999 -999999 -999999 -999999 -999999 -999999 -999999 -999999 -999999 -999999 -999999 -999999 -999999 
	20585  1891 -999999 -999999 -999999 -999999 1100    900     -999999 -999999 -999999 900     1100    500     900     400     400     -999999 -999999 -999999 -999999 
	20585  1892 2000    -999999 1400    -999999 1800    1300    1000    2000    800     1100    1500    1100    400     1100    1300    900     400     1000    1100    
	20585  1893 2800    1500    2700    1500    2800    2200    600     1500    600     1300    1500    1200    2200    1100    1300    600     600     600     600     
	20585  1894 3300    1900    1600    900     3300    1100    1600    900     900     1900    1400    1300    1000    500     800     1600    400     1000    1200    
	20585  1895 2000    1200    2000    1200    1400    1000    1700    600     1100    800     1400    1100    1000    800     800     1600    400     700     1200    
	20585  1896 1800    1200    1500    1200    1300    1000    1600    1100    1200    800     1000    1300    600     1000    600     400     200     1600    500     
	20585  1897 2500    800     1300    800     1000    1300    2500    800     600     700     1000    900     800     1300    400     900     1200    1300    1500    
	20585  1898 1400    1000    1400    1000    1200    1400    1300    1000    400     1000    1200    900     1100    1300    1400    1100    1000    1000    600     
	20585  1899 3000    2700    3000    900     1800    2500    1300    800     900     1800    1000    500     2500    900     1400    600     1300    900     700     
	20585  1900 2100    1300    2100    1300    2100    1200    1000    400     1000    1200    1500    1200    500     1200    700     800     600     1000    600     
	20585  1901 1800    1800    1800    1800    1800    1400    1700    1800    900     1200    900     1800    1300    1100    1400    1300    1000    700     500     
	20585  1902 1800    1400    1300    1400    1100    1300    1800    500     1400    700     1100    400     1300    1000    500     1300    500     1100    1100    
	20585  1903 1500    1300    1500    1300    900     1500    1100    1300    800     900     500     900     1100    400     300     1100    400     700     2200    
	20585  1904 2800    1100    1700    1100    1000    1700    1700    1100    700     700     1000    1000    700     1700    600     1700    600     900     600     
	20585  1905 1800    1200    1800    1200    1800    1100    1500    1200    800     600     700     1800    800     1100    600     1500    300     1000    500     
	20585  1906 1800    800     1700    600     1800    1500    1300    400     600     800     1700    600     1200    1000    700     1200    700     500     900     
	20585  1907 2300    1200    2300    1200    1600    1800    2300    1000    1100    1100    1100    600     400     1800    500     2300    500     1100    800     
	20585  1908 1800    1800    1800    1300    1800    1800    1300    900     600     1800    1100    800     1200    1200    600     900     1300    700     1300    
	20585  1909 2300    2300    1200    1300    1100    1200    500     1300    1200    1100    1000    1000    800     600     1200    500     400     500     800     
	20585  1910 1900    1300    1100    1000    1600    1100    1900    1000    400     1300    300     1000    1100    1100    900     800     1800    400     700     
	20585  1911 3000    1200    2500    1200    3000    1500    600     1200    800     700     2500    1000    1100    1400    1500    600     600     500     300     
	20585  1912 2000    1100    2000    1100    2000    1600    1300    1100    600     700     1900    500     400     1600    500     1300    1000    300     400     
	20585  1913 3500    1600    3500    1600    1200    2200    2500    1500    1600    400     1100    700     700     800     2200    1300    2400    600     1000    
	20585  1914 3700    1800    3700    1800    1400    2800    1300    1800    800     800     1300    1400    800     1500    2800    900     1100    600     500     
	20585  1915 2600    1100    2600    700     2600    1100    2200    700     600     700     1400    1200    1100    600     700     2200    1500    600     400     
	20585  1916 3000    1200    3000    1200    1400    3000    1300    1100    300     900     1000    600     800     1700    1300    1100    700     900     400     
	20585  1917 2000    2000    1500    1700    1500    1100    1000    1400    1000    1000    1000    1200    900     1100    500     800     200     1000    700     
	20585  1918 1900    1700    1900    1300    1700    1900    1000    800     700     1700    500     1100    800     700     1900    200     900     900     300     
	20585  1919 2200    1100    2200    1100    2200    1900    1800    800     1100    500     900     2200    700     900     1500    1800    800     1000    700     
	20585  1920 2900    1400    1400    1400    900     1400    2900    600     1400    900     300     800     1400    400     800     1200    1600    1400    1300    
	20585  1921 3600    1600    2100    1600    1800    2100    3600    400     1300    900     1200    1800    1000    2100    800     1700    1900    2200    900     
	20585  1922 2100    2000    2100    1200    2000    1000    1600    700     1200    2000    900     1300    1000    600     400     800     1400    1600    700     
	20585  1923 3700    1600    3700    1300    1600    3700    1000    600     1300    1600    1100    700     1500    2200    1300    1000    200     700     600     
	20585  1924 2000    2000    2000    1900    2000    2000    1500    700     1700    2000    1100    700     1800    1000    700     500     1000    1500    1200    
	20585  1925 2100    1000    2100    1000    1200    2000    1100    1000    500     500     1000    1200    2000    1000    900     600     700     700     600     
	20585  1926 1700    900     1700    700     1000    1700    1000    700     700     900     600     800     1300    1200    600     800     800     400     800     
	20585  1927 1900    1400    1700    1400    1700    800     1100    1000    1400    1300    800     1200    500     800     600     700     1100    600     1300    
	20585  1928 2100    1600    2100    1000    1900    2100    1100    300     1000    1300    1100    1000    1000    2100    800     1100    700     600     500     
	20585  1929 5000    5000    2200    2900    2100    1400    800     1300    2800    2100    1000    2100    600     1400    800     800     600     300     700     
	20585  1930 2100    2100    1400    1500    1400    1000    800     400     1400    900     900     600     1000    500     800     500     800     700     700     
	20585  1931 1400    1200    1000    500     1200    1000    1400    500     500     1200    400     900     600     500     800     700     1300    1400    700     
	20585  1932 2200    2200    2000    2200    1800    2000    900     1500    1200    1800    1200    800     2000    500     1500    500     200     900     1200    
	20585  1933 3300    1200    1400    1200    1400    1300    1200    800     1000    1200    700     1400    1000    1300    700     1200    500     700     2600    
	20585  1934 2100    2100    1900    2100    1500    1500    1600    700     2100    900     700     1500    1300    1200    700     800     400     1600    600     
	20585  1935 1800    1500    1800    700     1800    1000    700     700     400     1500    600     1200    500     1000    900     700     400     500     600     
	20585  1936 2700    2700    1500    1100    2700    1300    1000    400     1100    2700    900     900     800     500     1300    600     600     1000    1200    
	20585  1937 1600    600     1600    600     1300    1000    1200    600     200     500     800     1300    700     600     1000    600     1000    700     400     
	20585  1938 2300    2300    2200    1300    2300    1200    1400    300     1300    2300    900     1400    1200    800     900     700     600     1400    1000    
	20585  1939 2600    1300    2600    1300    1600    1200    1200    500     800     400     800     1600    1000    700     1200    800     500     700     1500    
	20585  1940 2100    1500    2100    1500    2100    1100    900     900     1500    800     700     2100    1100    600     700     900     700     400     600     
	20585  1941 2500    1200    2500    1200    2500    1700    1100    1100    700     1100    1100    1400    1300    1200    300     1100    800     700     500     
	20585  1942 3100    2100    3100    2100    3100    1100    800     2100    1600    1000    2100    1000    1100    400     700     800     300     600     500     
	20585  1943 3100    3100    1900    1300    1800    1900    1800    700     1300    1800    1200    1100    1000    1900    500     1200    1600    600     1700    
	20585  1944 2900    1400    2900    1400    900     2900    800     600     1400    800     900     800     900     1200    2800    600     800     300     1400    
	20585  1945 1600    1400    1400    1400    1400    1200    1300    1400    300     1100    800     1400    400     1200    700     1300    600     1200    600     
	20585  1946 3000    2500    2200    1500    3000    800     1400    1500    400     2100    2200    1500    700     800     400     700     1400    300     1200    
	20585  1947 3100    2900    3100    2900    2500    2500    1000    1700    1200    500     1100    2500    900     1300    2500    700     800     400     700     
	20585  1948 -999999 2100    -999999 1500    1900    -999999 -999999 400     1500    900     1900    1100    -999999 -999999 -999999 -999999 -999999 -999999 -999999 
	20585  1949 -999999 -999999 -999999 -999999 -999999 -999999 -999999 -999999 -999999 -999999 -999999 -999999 -999999 -999999 -999999 -999999 -999999 -999999 -999999 
	20585  1950 -999999 -999999 -999999 -999999 -999999 -999999 -999999 -999999 -999999 -999999 -999999 -999999 -999999 -999999 -999999 -999999 -999999 -999999 -999999 
	20585  1951 1800    -999999 1600    -999999 1100    1000    1800    1300    400     900     1100    500     1000    700     500     700     1500    400     700     
	20585  1952 1400    1000    1400    400     1400    1000    800     400     400     1000    1000    1400    700     1000    500     700     800     500     800     
	20585  1953 2400    1600    1400    1600    1600    1000    1600    1400    700     1600    1200    1300    600     600     1000    600     1600    1600    900     
	20585  1954 1800    1800    1300    1800    1600    700     600     1100    700     1600    1200    1300    500     400     700     300     500     600     700     
	20585  1955 1500    1500    1400    1100    1200    1400    800     1100    1100    800     1200    500     800     1300    1400    800     700     800     300     
	20585  1956 1600    1600    1300    1600    1400    500     1300    500     1100    1100    900     800     500     400     300     1300    800     800     600     
	20585  1957 1400    1100    1100    1100    1400    1100    1000    1100    300     600     1000    800     1100    400     800     400     1000    600     1100    
	20585  1958 1800    1200    1100    600     1200    1000    1700    500     200     1200    600     500     1000    900     600     500     800     1700    500     
	20585  1959 3500    3300    3500    2900    2800    1500    2600    500     2800    800     900     2800    1500    1400    700     2000    1700    700     800     
	20585  1960 1900    1400    1900    500     1900    900     1100    300     500     1400    700     1200    900     300     800     900     300     300     500     
	20585  1961 1800    1000    1000    1000    1000    700     1800    700     1000    900     500     1000    700     600     700     700     700     1800    1500    
	20585  1962 2000    1600    1000    1100    1000    900     1900    500     1100    500     1000    200     900     700     300     300     1900    1300    700     
	20585  1963 2400    2400    1400    2200    900     700     900     2200    1600    800     600     900     500     700     500     900     900     500     1700    
	20585  1964 2400    2400    1100    1600    1800    1000    1000    1600    600     1800    900     1100    800     900     500     800     700     900     300     
	20585  1965 1200    800     1200    800     900     1200    1200    600     700     600     500     600     700     600     1200    900     1200    700     300     
	20585  1966 1600    1100    1600    1100    900     1000    1500    1100    500     600     300     900     1000    300     600     1500    1100    700     300     
	20585  1967 1800    1000    1800    1000    900     1800    1100    1000    800     700     900     300     1800    700     1100    700     300     1100    500     
	20585  1968 1700    1300    1700    1300    1700    800     1400    500     1300    700     1700    600     800     800     800     900     1000    1400    1600    
	20585  1969 2000    1600    1800    900     1300    1300    2000    900     700     1300    900     700     900     1300    600     1500    2000    500     600     
	20585  1970 2200    1200    2200    800     1300    2200    1300    800     400     800     300     1300    2200    300     900     1300    1100    800     600     
	20585  1971 1700    600     1600    600     1100    1600    1700    600     400     500     1100    800     900     1500    400     1200    1100    600     800     
	20585  1972 2100    1700    1300    1300    1700    1200    2100    1000    800     1700    800     700     400     1200    1100    800     1800    300     1000    
	20585  1973 2400    2000    2400    1400    2000    2400    1400    1400    600     2000    1000    1500    2400    500     2100    1400    900     500     400     
	20585  1974 3900    1100    2800    700     3900    1400    800     400     700     1100    2800    700     800     400     1400    800     300     500     500     
	20585  1975 2000    1200    2000    1100    1200    2000    1400    600     1100    600     900     1200    1000    700     1400    800     1400    500     700     
	20585  1976 2300    1300    2300    1300    1800    2300    1200    500     1000    1100    1600    800     1700    1200    2300    1200    700     500     300     
	20585  1977 1900    700     1900    600     1800    1500    1300    500     500     500     500     1800    1400    1500    500     900     1300    500     1100    
	20585  1978 1500    1100    1500    1100    1300    1100    1500    1100    500     300     1300    1000    1000    1100    900     600     1500    900     800     
	20585  1979 1000    900     1000    900     500     1000    1000    900     800     300     500     500     500     700     1000    800     1000    400     400     
	20585  1980 2900    1500    2900    1400    2900    1400    800     1400    1400    800     800     2800    500     1100    700     800     500     500     400     
	20585  1981 3200    1400    2700    1400    3200    900     900     1300    1200    500     2700    600     800     600     900     800     200     800     700     
	20585  1982 2300    1600    2300    1600    1000    2300    1700    1200    1600    1000    1000    1000    600     1600    700     1700    800     500     400     
	20585  1983 2300    1600    2300    1600    1300    2300    1700    400     1600    1300    400     200     1100    2200    1700    900     600     1300    900     
	20585  1984 2600    1200    2600    1100    2100    2400    900     300     1100    1200    1900    600     800     1100    2400    200     800     900     500     
	20585  1985 2200    2200    1000    2200    1000    500     1700    900     2200    400     800     1000    500     500     400     900     1700    1400    500     
	20585  1986 2500    2500    1500    2500    1400    900     2100    400     2100    1400    700     500     600     900     900     1500    600     600     500     
	20585  1987 1900    1400    1700    1400    1200    1700    800     1100    1400    1200    900     700     500     1400    500     500     600     800     1500    
	20585  1988 1900    700     1800    500     1800    1300    1900    500     400     300     1500    1800    1100    400     900     600     1900    600     500     
	20585  1989 1800    1000    1700    1000    1600    1700    1100    1000    600     700     500     1600    1700    1300    800     900     400     1100    1100    
	20585  1990 2100    1300    2000    1300    1600    2000    1800    1300    700     800     500     1600    900     2000    900     500     1800    500     600     
	20585  1991 2400    2100    2300    2100    1100    900     1400    1100    1000    1100    800     1100    200     600     900     1400    700     800     1600    
	20585  1992 1700    1000    1700    1000    1700    1300    1100    900     700     400     900     1700    1200    700     800     1100    400     300     1200    
	20585  1993 1900    1000    1600    900     1600    1300    1900    500     900     1000    800     800     1300    600     500     500     1100    1600    200     
	20585  1994 2200    2200    1100    2200    1000    1100    1600    500     2200    400     900     600     500     1100    800     600     1600    900     500     
	20585  1995 2700    1500    2700    500     1700    2700    1500    500     300     500     900     800     1300    900     2300    700     1500    1000    1100    
	20585  1996 3000    3000    2000    3000    2000    1300    1200    2100    900     1700    2000    600     800     1300    600     700     1200    600     800     
	20585  1997 2100    1800    2000    1800    1200    2000    1600    1800    300     900     1200    1000    600     600     2000    1600    700     700     500     
	20585  1998 1600    1300    1600    1300    1600    1600    900     1200    800     600     300     1600    200     900     1600    900     400     800     300     
	20585  1999 2000    600     2000    600     1400    1400    1400    300     300     500     1000    600     800     1400    600     1400    1000    400     200     
	20585  2000 1700    1100    1100    1100    1700    1000    600     1100    300     600     1100    800     600     1000    600     600     400     200     700     
	20585  2001 1000    900     1000    900     1000    1000    500     900     300     400     500     1000    700     600     1000    200     500     400     1000    
	20585  2002 2300    1000    1300    1000    2300    900     1000    1000    500     1000    1300    800     400     600     900     1000    600     500     1300    
	20585  2003 2300    2300    1800    2300    2000    1800    1100    500     2300    2000    1400    700     1000    1200    1700    1100    1000    800     1000    
	20585  2004 1800    1500    1800    900     1800    1500    1200    400     700     1100    1800    1400    700     600     900     1200    700     400     1400    
	20585  2005 1600    900     1200    900     700     1100    1600    500     600     500     600     700     1100    900     500     800     1600    300     800     
	20585  2006 1900    1600    1900    1600    1400    1200    1900    1000    800     1400    1200    1100    1200    1100    300     1900    1500    600     1200    
	20585  2007 2900    1100    2900    800     2900    1300    1300    400     600     800     2400    500     1300    300     800     300     1300    1000    1500    
	20585  2008 1500    1500    1500    1500    1500    600     1500    300     1500    300     1500    1400    600     300     600     1500    600     600     1200    
	20585  2009 1400    1000    1400    1000    1300    1100    1400    800     200     900     1300    800     900     400     900     1400    500     200     500     
	20585  2010 2100    700     2100    700     2100    1300    800     500     700     700     2100    1600    1100    600     400     400     700     800     400     
	20585  2011 2800    1600    2700    800     2700    800     2800    600     700     1600    1900    800     400     800     400     800     600     2800    500     
	20585  2012 2500    2200    1000    900     2500    800     1000    500     900     2200    400     700     600     700     800     1000    800     600     200     
	20585  2013 2100    1400    2000    1400    2100    2000    1300    1400    400     1300    900     600     1100    2000    1200    1100    400     500     400     
	20585  2014 2000    1800    2000    500     1700    900     2000    500     400     1700    500     700     800     900     500     2000    400     600     600     
	20585  2015 1400    1000    1100    900     1100    800     1400    400     900     1000    1100    600     700     300     800     600     1000    400     300     
	20585  2016 1700    1200    1100    400     1200    800     1100    300     400     1200    500     1100    800     500     800     1000    1100    1000    900     
	20585  2017 1400    1400    1300    1400    1100    1300    900     1300    1400    1100    1000    700     1300    900     800     900     800     300     500     
	20585  2018 3600    1700    3600    1400    1500    3600    1600    900     1400    800     900     1500    900     2700    600     500     1600    700     600     
	20585  2019 1900    800     1900    700     1600    1900    700     400     700     700     1000    1600    1000    1000    1100    600     500     700     700     
	20585  2020 2500    1100    2500    700     2500    1600    1300    700     600     1100    2500    2100    900     500     1200    1300    800     700     400     
	20585  2021 -999999 -999999 1500    -999999 1400    1200    1500    -999999 1000    700     1400    500     1200    800     500     1500    400     400     800     
	20585  2022 2300    1800    2300    900     2300    1500    700     900     300     1500    1500    1800    900     1300    1500    500     700     500     1000    
	20585  2023 3900    1100    3900    1100    2000    1900    1000    600     1100    600     700     2000    1900    400     1000    1000    700     300     500     
	20585  2024 1400    -999999 1400    -999999 1100    1400    1100    500     -999999 800     400     1100    1400    600     700     1100    500     900     600     
	20585  2025 2700    1200    2700    1200    2700    2300    1100    600     900     1000    1100    2100    1200    600     2300    900     600     500     1200    
	20585  2026 -999999 -999999 -999999 1100    -999999 -999999 -999999 1100    400     -999999 -999999 -999999 -999999 -999999 -999999 -999999 -999999 -999999 -999999 
	