EUROPEAN CLIMATE ASSESSMENT & DATASET (ECA&D), file created on: 17-05-2026
THESE DATA CAN BE USED FOR NON-COMMERCIAL RESEARCH AND EDUCATION PROVIDED THAT THE FOLLOWING SOURCE IS ACKNOWLEDGED: 

Klein Tank, A.M.G. and Coauthors, 2002. Daily dataset of 20th-century surface
air temperature and precipitation series for the European Climate Assessment.
Int. J. of Climatol., 22, 1441-1453.
Data and metadata available at http://www.ecad.eu

FILE FORMAT (MISSING VALUE CODE = -999999):

THIS FILE HOLDS DATA FOR STATION NETHERLANDS                              NIJBEETS                                 (STAID:    507)
LATITUDE: dd:mm:ss +53:04:00
LONGITUDE: ddd:mm:ss +006:00:00
ELEVATION: m   -2

DATA IS FOR INDEX Maximum no of consecutive dry days (RR < 1 mm) (CDD) with unit 0.01 No of days

01-06 SOUID: Source identifier
08-11 YEAR : YYYY
13-20 ANNUAL DATA VALUES
21-28 WINTER HALF YEAR DATA VALUES
29-36 SUMMER HALF YEAR DATA VALUES
37-44 WINTER (DJF) DATA VALUES
45-52 SPRING (MAM) DATA VALUES
53-60 SUMMER (JJA) DATA VALUES
61-68 AUTUMN (SON) DATA VALUES
69-76 JANUARY DATA VALUES
etc. 
157-164 DECEMBER DATA VALUES

507    1950 -999999 -999999 -999999 -999999 -999999 -999999 -999999 -999999 -999999 -999999 -999999 -999999 -999999 -999999 -999999 -999999 -999999 -999999 -999999 
	507    1951 2400    -999999 1600    -999999 1100    1000    2400    1000    500     900     1100    500     1000    700     600     700     1900    400     700     
	507    1952 2000    600     2000    600     1400    1900    800     600     400     600     1200    1400    1900    800     500     500     800     700     700     
	507    1953 2400    1400    1400    1100    1400    1000    1900    800     1100    1400    1200    1300    1000    600     1000    800     1900    1600    800     
	507    1954 1800    1800    1300    1800    1600    800     600     1100    700     1600    1200    1300    500     400     800     300     500     600     500     
	507    1955 1500    1500    1400    1200    1200    1400    800     1200    1100    700     1200    800     800     1300    700     800     700     600     400     
	507    1956 1600    1600    1000    1600    1500    700     1000    500     1100    1200    900     800     700     500     400     1000    800     800     600     
	507    1957 1500    1000    1500    1000    1200    1500    1000    1000    300     600     900     800     1500    300     800     500     1000    600     600     
	507    1958 1900    1400    1100    600     1400    1000    1900    500     300     1400    600     500     1000    900     600     500     900     1900    700     
	507    1959 3500    2100    3500    2100    2800    1600    2600    500     2000    800     900     2800    1500    1600    1600    2000    1700    700     1000    
	507    1960 1800    1200    1800    500     1800    600     900     400     500     1200    600     1200    600     300     300     900     200     400     400     
	507    1961 1500    1000    1000    1000    1000    700     1400    600     1000    900     700     1000    700     600     700     600     800     1400    1500    
	507    1962 2100    1400    1000    1200    900     900     2100    500     1200    800     900     400     900     500     400     300     2100    400     700     
	507    1963 2200    1900    1200    1500    800     1000    1100    1500    1100    800     600     800     800     700     300     1100    900     500     1700    
	507    1964 2400    2400    1100    1100    1800    900     1000    1100    600     1800    1000    1100    500     900     500     800     600     900     500     
	507    1965 1900    800     1900    600     800     1900    1200    500     600     600     400     700     700     600     1900    700     1200    900     200     
	507    1966 1600    1100    1600    1100    1100    1000    1500    1100    1000    600     300     1100    1000    200     600     1500    800     300     200     
	507    1967 1800    1000    1800    1000    800     1800    800     1000    600     700     800     500     1800    700     1100    700     300     700     500     
	507    1968 1700    1100    1600    800     1600    800     1100    500     800     900     1600    600     800     700     800     1100    1000    800     1600    
	507    1969 2000    1800    1700    1000    1300    1300    2000    1000    700     1300    900     700     1100    1300    1000    1500    2000    200     600     
	507    1970 3700    3300    2000    3300    1300    2000    1300    3100    400     600     200     1300    2000    300     900     1200    1300    800     900     
	507    1971 1900    900     1900    900     1100    1600    1900    600     900     500     1100    900     700     1500    400     1900    1100    400     900     
	507    1972 3000    1600    2000    1300    1600    1200    3000    1000    800     1600    800     700     300     1000    1200    1200    1800    300     1800    
	507    1973 2400    2000    2400    1400    2000    2400    1200    1400    700     2000    1000    700     2400    500     2100    1200    800     500     500     
	507    1974 3500    1100    2400    1100    3500    1400    800     500     1100    1100    2400    700     800     500     1400    800     500     400     600     
	507    1975 2100    1200    2100    1100    900     2100    1700    800     1100    600     900     700     1100    700     1400    800     1700    800     1000    
	507    1976 2300    1300    2300    1300    1900    2300    1200    500     1000    1100    1900    500     1600    1200    2300    1200    1200    400     300     
	507    1977 1800    1100    1800    600     1700    1500    1300    500     600     600     500     1700    1500    700     600     900     1300    500     1100    
	507    1978 1700    1100    1700    1100    1200    1100    1400    1100    900     600     900     1200    1100    500     600     500     1400    900     800     
	507    1979 1000    800     1000    800     600     1000    1000    800     600     300     600     500     900     700     1000    1000    1000    400     400     
	507    1980 2900    1500    2900    1500    2900    1400    700     1500    1400    800     1600    2800    500     1100    800     400     600     500     300     
	507    1981 3200    900     2700    900     3200    1700    1200    800     800     500     2700    900     600     700     1700    1100    300     800     600     
	507    1982 2300    1400    2300    1400    1000    2300    1400    1200    1400    1000    1000    1000    500     1600    700     1300    800     600     500     
	507    1983 2300    1600    2300    1600    1300    2300    1900    400     1600    1300    300     200     1000    2200    1500    900     600     1300    900     
	507    1984 2800    1300    2800    1100    2100    2600    1100    200     1100    1300    1900    600     800     700     2600    200     600     1100    500     
	507    1985 2300    2300    1000    2300    1000    500     2200    900     2200    400     800     1000    500     500     500     900     2200    1400    500     
	507    1986 2900    2900    1500    2600    1400    1000    2100    400     2600    1400    700     800     600     1000    400     1500    1000    600     500     
	507    1987 1300    1300    1200    1100    1300    1200    800     1100    1100    1300    900     800     300     900     400     400     600     800     600     
	507    1988 1600    1000    1600    1000    1600    1300    1400    1000    500     300     1400    1600    1100    400     900     600     1400    600     500     
	507    1989 1800    1000    1800    1000    1800    1800    1200    1000    600     700     500     1800    1800    1200    700     900     400     1200    800     
	507    1990 1800    900     1700    700     1600    1700    1800    400     700     900     600     1600    1000    1700    900     500     1800    500     600     
	507    1991 2400    2100    1900    2100    1500    900     1500    1100    1000    1100    800     1500    400     600     900     1500    1000    800     1600    
	507    1992 2200    1300    2200    1300    1700    2200    700     1200    700     400     1200    1700    2200    600     500     700     400     300     1300    
	507    1993 2000    1800    2000    1800    2000    1300    1900    500     1500    1000    800     1200    1300    500     400     400     1000    1600    200     
	507    1994 1700    1600    1400    1600    1000    1400    1700    500     1600    200     900     600     1000    1400    900     600     1700    600     400     
	507    1995 2600    1500    2600    500     1600    2600    1400    500     500     500     900     700     1300    700     2200    200     1400    1200    1100    
	507    1996 3100    3100    1400    3100    1500    1000    900     2200    900     1500    1200    500     900     1000    900     900     800     400     800     
	507    1997 2000    1800    2000    1800    1200    2000    1500    1800    300     900     1200    1000    600     1000    2000    1500    1000    700     400     
	507    1998 1600    1400    1600    1000    1600    1600    900     1000    800     1400    400     1600    200     800     1600    900     200     800     300     
	507    1999 1400    600     1400    600     1200    1400    1400    300     300     500     800     600     900     1400    1000    1400    1000    400     200     
	507    2000 1200    1200    800     1200    800     600     600     1200    300     500     800     800     600     600     600     600     400     300     600     
	507    2001 1300    1300    1200    1300    1200    1000    700     1300    700     500     400     1200    700     600     1000    300     500     700     1000    
	507    2002 2300    1100    1300    1100    2300    900     1000    1000    300     1000    1300    700     500     700     900     1000    600     900     1400    
	507    2003 2200    2200    2200    2200    2200    1800    1100    400     2200    2000    2200    700     1000    1100    1700    1100    1000    800     1000    
	507    2004 1500    1500    1500    900     1400    1500    1000    400     600     1100    900     1400    1400    600     900     1000    1000    400     1400    
	507    2005 1800    1000    1300    800     700     900     1800    500     800     500     600     700     800     900     500     800     1800    400     700     
	507    2006 1600    1600    1300    1600    1400    1200    1200    1000    800     1400    900     1300    1200    1100    300     1200    800     400     1200    
	507    2007 3700    800     3500    800     3700    1300    1200    400     600     700     3000    500     1300    300     900     300     1200    1000    1300    
	507    2008 1700    1500    1700    1500    1700    600     900     300     1500    300     900     1600    600     300     600     900     700     300     1200    
	507    2009 2300    1000    2300    1000    1300    1100    2300    800     600     700     1300    800     900     300     900     2300    500     200     500     
	507    2010 2500    1200    2500    1200    2500    1000    800     600     1200    700     2500    1600    1000    600     400     400     800     600     800     
	507    2011 2400    1900    2100    700     2100    600     2400    600     700     1900    1900    500     400     600     400     900     600     2400    500     
	507    2012 2500    2200    1100    800     2500    700     1000    500     800     2200    800     600     500     700     600     1000    500     500     200     
	507    2013 2200    1400    2000    800     2200    2000    1200    800     500     1400    1300    700     1100    2000    1200    1000    300     400     400     
	507    2014 1900    1800    1900    400     1700    1100    1900    300     400     1700    500     800     900     1000    700     1900    400     600     600     
	507    2015 1400    1000    1200    900     1200    1100    1400    400     900     1000    1200    900     1100    300     1000    600     1000    400     300     
	507    2016 1300    1300    1100    600     1300    800     1100    300     600     1300    700     1100    800     800     700     1000    1100    1000    800     
	507    2017 1300    1300    1300    1300    1300    1000    800     1300    1100    1100    1000    1300    1000    400     900     800     800     300     800     
	507    2018 2000    1700    1800    1400    1500    1800    2000    900     1400    700     900     1500    1200    1800    600     600     2000    1400    500     
	507    2019 2100    1400    2100    700     2100    1500    700     400     700     1400    2100    1600    1000    700     1100    600     300     700     700     
	507    2020 2800    1600    2700    700     2800    1000    1300    700     500     1600    2700    1000    800     1000    900     1300    400     800     400     
	507    2021 -999999 -999999 1400    -999999 1400    -999999 1200    -999999 1000    900     1400    500     1200    -999999 500     1200    500     700     1000    
	507    2022 3100    1800    3100    700     3100    1600    700     700     400     1400    2100    1000    900     1300    1600    500     700     500     1000    
	507    2023 3900    1100    3900    1100    2000    1900    1100    600     1100    400     700     2000    1900    300     1100    1100    500     300     500     
	507    2024 1400    -999999 1300    -999999 1400    1300    1200    600     -999999 1400    400     1100    1300    600     700     1100    500     900     700     
	507    2025 2700    1600    2700    1200    2700    2200    1200    1100    900     1600    1100    2100    700     700     2200    1000    600     500     1200    
	507    2026 -999999 -999999 -999999 1100    -999999 -999999 -999999 1100    300     -999999 -999999 -999999 -999999 -999999 -999999 -999999 -999999 -999999 -999999 
	