EUROPEAN CLIMATE ASSESSMENT & DATASET (ECA&D), file created on: 17-05-2026
THESE DATA CAN BE USED FOR NON-COMMERCIAL RESEARCH AND EDUCATION PROVIDED THAT THE FOLLOWING SOURCE IS ACKNOWLEDGED: 

Klein Tank, A.M.G. and Coauthors, 2002. Daily dataset of 20th-century surface
air temperature and precipitation series for the European Climate Assessment.
Int. J. of Climatol., 22, 1441-1453.
Data and metadata available at http://www.ecad.eu

FILE FORMAT (MISSING VALUE CODE = -999999):

THIS FILE HOLDS DATA FOR STATION NETHERLANDS                              DUINDAG BIJ DEN HAAG                     (STAID:  20512)
LATITUDE: dd:mm:ss +52:07:05
LONGITUDE: ddd:mm:ss +004:18:29
ELEVATION: m -100

DATA IS FOR INDEX Maximum no of consecutive dry days (RR < 1 mm) (CDD) with unit 0.01 No of days

01-06 SOUID: Source identifier
08-11 YEAR : YYYY
13-20 ANNUAL DATA VALUES
21-28 WINTER HALF YEAR DATA VALUES
29-36 SUMMER HALF YEAR DATA VALUES
37-44 WINTER (DJF) DATA VALUES
45-52 SPRING (MAM) DATA VALUES
53-60 SUMMER (JJA) DATA VALUES
61-68 AUTUMN (SON) DATA VALUES
69-76 JANUARY DATA VALUES
etc. 
157-164 DECEMBER DATA VALUES

20512  1906 -999999 -999999 -999999 -999999 -999999 -999999 -999999 -999999 -999999 -999999 -999999 -999999 -999999 -999999 -999999 -999999 700     700     700     
	20512  1907 2400    1400    2400    1400    1700    1200    2400    1400    1000    1200    1000    1200    200     1200    600     2400    600     700     800     
	20512  1908 2400    1300    1900    1300    1600    1900    2400    900     1200    1100    1600    700     1200    1300    500     900     1300    1100    1300    
	20512  1909 3100    3100    1300    1400    1700    1300    1300    1400    1400    1700    1100    1000    600     600     1300    1300    400     900     600     
	20512  1910 1600    1000    1600    900     1300    1600    1400    800     400     1000    1100    800     1600    500     600     800     1400    500     900     
	20512  1911 2100    1100    2100    1100    1900    1900    1200    700     1000    500     1600    1900    800     1500    1900    1200    600     500     500     
	20512  1912 1900    1900    1400    1900    1300    1400    1100    1900    900     400     900     800     500     1400    400     1100    1000    300     700     
	20512  1913 1400    1400    1300    1400    1300    1300    900     1400    700     700     1300    1000    800     900     1100    800     600     400     400     
	20512  1914 2100    1600    2100    1600    1900    2100    1000    1600    1000    400     1900    1000    1000    1000    2100    1000    1000    500     400     
	20512  1915 2200    1000    1600    700     1600    1300    2200    700     600     800     700     1100    1300    500     700     1000    2200    500     300     
	20512  1916 2300    1400    2300    1400    1000    2300    1000    1100    300     1000    800     600     800     1000    1300    1000    600     900     400     
	20512  1917 3300    3300    1800    3300    1500    1000    1300    1400    1900    1000    1000    1200    1000    1000    600     1100    200     900     600     
	20512  1918 1800    1800    1700    1300    1800    1200    1000    1000    1100    1800    700     1200    800     700     1200    200     900     700     500     
	20512  1919 2400    1900    2400    1900    2100    1300    1800    500     1500    900     900     2100    700     600     1300    1800    900     700     400     
	20512  1920 2500    1300    1400    1300    1100    1400    2500    700     1300    1100    600     1000    1400    600     800     1100    1600    1400    1700    
	20512  1921 3700    3700    2000    3500    1800    2000    2300    700     2800    700     1200    1800    1600    2000    600     1700    900     2300    1200    
	20512  1922 2500    1600    2100    1100    1600    1200    2500    700     1100    1600    900     1300    1200    500     800     600     2500    700     300     
	20512  1923 2400    1400    2400    800     1500    2400    1100    800     500     1400    1200    700     1100    1300    1400    1100    200     700     500     
	20512  1924 1800    1800    1200    700     1800    1200    1300    700     700     1800    1000    500     1000    1100    600     500     1000    1300    700     
	20512  1925 1500    800     1500    800     1000    1200    1400    800     500     500     1000    600     1100    1200    1000    400     1100    700     500     
	20512  1926 1600    1600    1200    600     1600    1200    900     600     500     1600    800     700     500     1200    1100    800     700     600     600     
	20512  1927 1400    1400    1300    1400    1300    600     1000    300     1400    1100    700     1100    400     500     600     400     1000    600     800     
	20512  1928 1900    1900    1100    1400    700     900     1100    200     1400    600     500     700     500     900     700     1100    700     400     500     
	20512  1929 2100    1700    2100    1400    1800    2100    1100    1200    1400    1700    900     1800    1400    2100    900     1100    700     400     500     
	20512  1930 2000    2000    1300    1200    1400    1000    1200    700     1200    1200    800     600     1000    500     800     500     1200    300     600     
	20512  1931 1500    1100    1500    500     1200    1500    1200    400     400     1100    400     800     1100    500     900     500     1200    1100    1100    
	20512  1932 2500    2500    2000    2200    1600    2000    800     1500    2100    1600    500     700     2000    800     1500    800     300     700     1100    
	20512  1933 3200    1600    1700    1600    1100    1700    1000    1600    800     1100    1100    800     1000    700     1600    1000    700     700     2500    
	20512  1934 2100    2100    2000    2100    1500    1600    800     700     2100    900     700     1500    1400    1300    900     600     300     800     400     
	20512  1935 1800    1000    1800    500     1800    1200    700     500     500     1000    600     1200    500     1100    800     700     400     300     600     
	20512  1936 1900    1900    1500    900     1900    1300    1100    600     900     1900    1300    900     700     500     1300    600     900     1100    900     
	20512  1937 2000    700     2000    600     1300    1100    1100    500     400     400     500     1300    800     800     900     500     1100    700     500     
	20512  1938 2300    2300    2200    1300    2300    1800    900     400     1300    2300    1500    1400    1800    900     900     500     600     900     1000    
	20512  1939 2400    1100    2400    1100    1400    1000    800     500     600     300     600     1400    1000    500     1000    600     400     300     1600    
	20512  1940 2100    1000    2100    1000    2100    1100    1300    600     1000    800     700     2100    1100    400     700     900     1300    400     600     
	20512  1941 2400    1200    2400    1200    1200    2400    1500    1100    400     1200    800     1100    2200    800     400     1500    800     400     800     
	20512  1942 3000    1800    3000    1500    3000    1200    1000    1400    1500    1200    2100    900     1200    400     700     1000    500     800     600     
	20512  1943 3200    3200    1900    1300    1900    1900    1400    600     1300    1900    1000    1100    1200    1900    600     700     1400    500     1000    
	20512  1944 1700    1700    1400    1700    1300    1400    700     500     1700    1100    1000    700     1000    700     1400    400     700     200     800     
	20512  1945 -999999 -999999 1200    -999999 1100    1200    900     -999999 -999999 1100    800     1100    800     1200    500     700     900     800     500     
	20512  1946 1500    1400    1500    1400    1500    1000    900     1400    600     1400    1100    1300    300     1000    500     700     800     500     1300    
	20512  1947 3300    1200    3300    1200    1400    2600    1300    1200    1100    300     1100    1400    1000    1400    2600    900     1300    400     300     
	20512  1948 2900    2900    1400    1400    1500    1400    1800    300     1400    1500    1200    1400    600     1300    900     700     1600    900     1100    
	20512  1949 2000    1300    2000    1300    1100    2000    1400    700     600     1000    800     700     1700    1400    1900    600     800     600     500     
	20512  1950 1700    1300    1700    1300    1000    1300    900     1300    400     800     600     1000    1300    400     600     200     900     300     1300    
	20512  1951 2500    1300    1500    700     1100    1100    2500    400     400     1000    1100    500     1100    900     400     700     2100    300     1300    
	20512  1952 1700    1300    1700    1000    1700    1100    800     500     1000    700     1100    1700    800     900     1100    800     600     200     600     
	20512  1953 3800    3800    1600    1400    2700    1400    1700    1400    1100    2700    1400    1300    600     600     1400    700     1600    1700    800     
	20512  1954 1700    1700    1700    1700    1700    700     700     1100    600     1600    1600    1200    500     500     700     300     200     500     600     
	20512  1955 1500    1500    1400    1200    1200    1400    800     900     1100    800     1200    600     700     1300    1100    800     700     500     500     
	