EUROPEAN CLIMATE ASSESSMENT & DATASET (ECA&D), file created on: 17-05-2026
THESE DATA CAN BE USED FOR NON-COMMERCIAL RESEARCH AND EDUCATION PROVIDED THAT THE FOLLOWING SOURCE IS ACKNOWLEDGED: 

Klein Tank, A.M.G. and Coauthors, 2002. Daily dataset of 20th-century surface
air temperature and precipitation series for the European Climate Assessment.
Int. J. of Climatol., 22, 1441-1453.
Data and metadata available at http://www.ecad.eu

FILE FORMAT (MISSING VALUE CODE = -999999):

THIS FILE HOLDS DATA FOR STATION NETHERLANDS                              COEVORDEN                                (STAID:  20499)
LATITUDE: dd:mm:ss +52:39:29
LONGITUDE: ddd:mm:ss +006:46:14
ELEVATION: m -100

DATA IS FOR INDEX Maximum no of consecutive dry days (RR < 1 mm) (CDD) with unit 0.01 No of days

01-06 SOUID: Source identifier
08-11 YEAR : YYYY
13-20 ANNUAL DATA VALUES
21-28 WINTER HALF YEAR DATA VALUES
29-36 SUMMER HALF YEAR DATA VALUES
37-44 WINTER (DJF) DATA VALUES
45-52 SPRING (MAM) DATA VALUES
53-60 SUMMER (JJA) DATA VALUES
61-68 AUTUMN (SON) DATA VALUES
69-76 JANUARY DATA VALUES
etc. 
157-164 DECEMBER DATA VALUES

20499  1910 -999999 -999999 -999999 -999999 -999999 1000    1400    -999999 -999999 -999999 -999999 -999999 1000    500     600     700     1400    600     500     
	20499  1911 1600    1200    1600    1200    1600    1500    900     1200    800     700     1600    700     700     900     1500    500     600     900     600     
	20499  1912 2000    1000    2000    1000    2000    1500    1800    800     1000    500     1900    800     600     1500    400     1800    1000    300     600     
	20499  1913 1800    1600    1800    1600    1200    1800    1200    1000    1600    400     900     600     700     900     1800    800     800     500     600     
	20499  1914 2000    1600    2000    1600    2000    1400    1400    1600    1000    500     1700    900     1100    900     1400    800     1400    800     500     
	20499  1915 2100    900     2100    900     1300    1200    1900    600     900     600     700     1300    1200    700     700     1100    1900    700     400     
	20499  1916 2800    900     2800    900     1300    2800    1100    900     400     900     1000    900     600     1500    1300    1000    800     900     400     
	20499  1917 2400    2400    1600    2400    1500    1600    900     1400    1000    1500    700     1200    1600    900     500     800     500     800     800     
	20499  1918 1400    1400    1300    1200    1400    1300    900     700     700     1400    1300    1000    600     700     700     300     900     600     300     
	20499  1919 -999999 1000    1300    1000    1400    1200    1200    800     1000    900     1100    1200    800     800     1200    1200    900     400     -999999 
	20499  1920 -999999 -999999 1000    -999999 -999999 1000    3700    -999999 -999999 -999999 400     400     1000    500     600     1000    2800    1400    600     
	20499  1921 2800    1700    2400    900     1600    2400    2300    300     900     1100    1200    1600    800     1600    1800    1100    1600    2300    500     
	20499  1922 -999999 2200    -999999 1200    3300    -999999 -999999 1200    1200    2200    1100    2000    1200    -999999 -999999 -999999 1400    900     700     
	20499  1923 1400    1200    1400    600     1200    1400    800     400     500     1200    1100    500     400     1300    1300    700     600     800     500     
	20499  1924 1600    1600    1300    1600    1400    1000    1600    1500    600     1100    800     600     900     900     400     400     900     1600    1300    
	20499  1925 1700    1300    1700    1300    1200    1600    1300    1300    500     700     500     1200    1600    700     1200    800     1000    700     1000    
	20499  1926 1000    900     1000    900     800     900     800     700     900     800     700     500     400     900     500     800     600     400     700     
	20499  1927 2700    1000    1500    1000    1300    900     1100    700     1000    1000    500     1100    900     600     600     900     1100    600     2100    
	20499  1928 2200    2200    2000    1000    1900    1700    1900    500     1000    1200    900     1000    600     1700    400     1900    500     500     900     
	20499  1929 2100    2100    1700    2100    1100    1300    1000    1300    1400    1100    1000    800     400     1300    1300    1000    700     600     600     
	20499  1930 2100    2100    1900    1200    1600    1900    1100    1200    1200    1200    600     500     1900    500     1000    500     1100    400     700     
	20499  1931 2100    1100    2100    1100    1200    2100    1200    600     900     1100    500     900     1600    500     500     600     1200    1100    900     
	20499  1932 2200    1900    2200    1900    1900    2200    1000    1800    700     1900    800     600     1300    500     2000    400     300     1000    1800    
	20499  1933 2300    2300    1900    2300    1900    1000    1300    2300    800     1100    1900    1100    900     900     900     900     700     600     1700    
	20499  1934 2400    2100    2400    2100    1600    2400    1300    700     2100    1000    600     700     700     1200    2400    800     400     1300    500     
	20499  1935 1900    1600    1900    700     1900    1300    1200    700     400     1600    600     1300    400     1000    1300    500     500     1200    700     
	20499  1936 1600    1600    1300    1300    1400    1200    1400    600     1300    1400    800     900     800     400     1200    500     1000    1000    1100    
	20499  1937 1400    700     1400    600     1000    1400    1400    600     300     400     600     700     700     600     900     500     1000    800     500     
	20499  1938 1400    1300    1400    900     1400    1100    1300    500     900     1300    900     1400    1100    1000    700     1000    1300    800     1200    
	20499  1939 -999999 -999999 -999999 -999999 -999999 -999999 -999999 600     -999999 -999999 -999999 -999999 -999999 -999999 -999999 -999999 -999999 -999999 -999999 
	