EUROPEAN CLIMATE ASSESSMENT & DATASET (ECA&D), file created on: 17-05-2026
THESE DATA CAN BE USED FOR NON-COMMERCIAL RESEARCH AND EDUCATION PROVIDED THAT THE FOLLOWING SOURCE IS ACKNOWLEDGED: 

Klein Tank, A.M.G. and Coauthors, 2002. Daily dataset of 20th-century surface
air temperature and precipitation series for the European Climate Assessment.
Int. J. of Climatol., 22, 1441-1453.
Data and metadata available at http://www.ecad.eu

FILE FORMAT (MISSING VALUE CODE = -999999):

THIS FILE HOLDS DATA FOR STATION NETHERLANDS                              WERKENDAM                                (STAID:  20637)
LATITUDE: dd:mm:ss +51:48:29
LONGITUDE: ddd:mm:ss +004:53:39
ELEVATION: m -100

DATA IS FOR INDEX Maximum no of consecutive dry days (RR < 1 mm) (CDD) with unit 0.01 No of days

01-06 SOUID: Source identifier
08-11 YEAR : YYYY
13-20 ANNUAL DATA VALUES
21-28 WINTER HALF YEAR DATA VALUES
29-36 SUMMER HALF YEAR DATA VALUES
37-44 WINTER (DJF) DATA VALUES
45-52 SPRING (MAM) DATA VALUES
53-60 SUMMER (JJA) DATA VALUES
61-68 AUTUMN (SON) DATA VALUES
69-76 JANUARY DATA VALUES
etc. 
157-164 DECEMBER DATA VALUES

20637  1889 -999999 -999999 -999999 -999999 -999999 -999999 1400    -999999 -999999 -999999 -999999 -999999 -999999 800     500     1000    700     1400    700     
	20637  1890 2700    2700    1400    2700    1200    800     1400    400     2500    800     800     1000    400     700     800     1400    700     700     2000    
	20637  1891 -999999 2600    -999999 2500    -999999 -999999 -999999 700     2500    700     -999999 -999999 -999999 -999999 -999999 -999999 -999999 -999999 -999999 
	20637  1892 1700    -999999 1500    -999999 1700    1000    600     700     1000    1000    1300    1200    600     1000    1000    500     500     600     1700    
	20637  1893 4500    1300    3200    1000    4500    2300    800     1000    600     1300    3000    1300    2300    700     1200    600     800     800     600     
	20637  1894 2600    1800    1600    1300    2600    1300    1600    1300    600     1800    800     800     1200    400     500     1600    700     1600    700     
	20637  1895 -999999 1400    -999999 1400    1300    -999999 1800    600     1100    900     1000    1300    1000    -999999 -999999 1700    300     600     800     
	20637  1896 3000    1700    3000    1700    3000    1300    1500    1000    1700    700     1100    1900    700     1200    700     300     300     1500    600     
	20637  1897 3200    1200    1200    1100    1000    1200    3200    1100    800     500     700     1000    800     1200    500     1000    1900    1300    1400    
	20637  1898 2500    1000    2500    1000    1300    2500    2100    1000    400     500     1300    1000    800     2500    1300    1700    1000    900     800     
	20637  1899 5400    3600    5400    1600    2000    5400    1800    1100    1600    2000    700     700     1900    2800    2600    300     1300    1800    1600    
	20637  1900 2300    2300    2100    1300    2100    1000    2100    1300    900     1900    1500    1500    700     1000    800     2100    500     900     600     
	20637  1901 2300    2300    1400    2300    1400    1000    1500    2300    1000    700     1000    1400    900     1000    1000    700     700     800     500     
	20637  1902 1300    1300    900     1300    800     900     1100    1300    1300    700     500     800     900     700     300     500     500     1100    1200    
	20637  1903 2300    1200    2300    1200    1400    1500    700     1200    1100    1000    300     1400    1100    800     300     700     400     500     1300    
	20637  1904 1900    1100    1900    1100    1600    1900    1800    1100    800     1100    1600    1000    900     1900    900     900     1400    1100    1200    
	20637  1905 1300    1200    1200    1200    1000    800     1200    1000    700     700     600     1000    800     700     800     1200    600     900     1300    
	20637  1906 2900    1200    1700    1000    2900    1300    1200    600     600     1200    1700    500     1300    1100    500     1200    900     700     1100    
	20637  1907 1600    1200    1500    1000    1600    1100    1500    1000    800     1200    700     800     300     1100    600     1500    600     1100    800     
	20637  1908 2500    1300    1900    1300    1100    1900    2500    800     1200    700     1100    700     1200    1200    700     1000    1400    1100    1700    
	20637  1909 2300    1300    1700    1300    1200    1700    1100    1300    1300    400     1000    1200    1700    700     600     1000    500     800     800     
	20637  1910 1900    1300    1500    900     1900    1400    1500    900     400     1300    600     900     900     900     1400    1500    800     600     900     
	20637  1911 2800    2700    2800    2700    1700    1800    1200    1900    800     900     1500    1700    1100    1400    1800    1200    1000    600     600     
	20637  1912 -999999 1000    3100    1000    3100    2200    -999999 1000    500     600     2000    1100    500     2200    300     1800    -999999 -999999 -999999 
	