EUROPEAN CLIMATE ASSESSMENT & DATASET (ECA&D), file created on: 17-05-2026
THESE DATA CAN BE USED FOR NON-COMMERCIAL RESEARCH AND EDUCATION PROVIDED THAT THE FOLLOWING SOURCE IS ACKNOWLEDGED: 

Klein Tank, A.M.G. and Coauthors, 2002. Daily dataset of 20th-century surface
air temperature and precipitation series for the European Climate Assessment.
Int. J. of Climatol., 22, 1441-1453.
Data and metadata available at http://www.ecad.eu

FILE FORMAT (MISSING VALUE CODE = -999999):

THIS FILE HOLDS DATA FOR STATION NETHERLANDS                              BOXTEL                                   (STAID:   2376)
LATITUDE: dd:mm:ss +51:34:59
LONGITUDE: ddd:mm:ss +005:19:59
ELEVATION: m    9

DATA IS FOR INDEX Maximum no of consecutive dry days (RR < 1 mm) (CDD) with unit 0.01 No of days

01-06 SOUID: Source identifier
08-11 YEAR : YYYY
13-20 ANNUAL DATA VALUES
21-28 WINTER HALF YEAR DATA VALUES
29-36 SUMMER HALF YEAR DATA VALUES
37-44 WINTER (DJF) DATA VALUES
45-52 SPRING (MAM) DATA VALUES
53-60 SUMMER (JJA) DATA VALUES
61-68 AUTUMN (SON) DATA VALUES
69-76 JANUARY DATA VALUES
etc. 
157-164 DECEMBER DATA VALUES

2376   1950 -999999 -999999 -999999 -999999 -999999 -999999 -999999 -999999 -999999 -999999 -999999 -999999 -999999 -999999 -999999 -999999 -999999 -999999 -999999 
	2376   1951 2200    -999999 1200    -999999 1100    800     2200    400     800     900     1000    1100    800     800     700     700     1900    300     1300    
	2376   1952 2500    1700    2500    1700    2500    1100    1000    500     1700    1000    2300    1900    800     900     1100    800     800     1000    1000    
	2376   1953 3400    2100    1600    1300    1600    1000    2600    1300    1100    1600    1300    1300    600     1000    900     700     1000    2600    800     
	2376   1954 1700    1700    1200    1700    1500    600     700     1000    700     1500    1100    800     500     600     500     300     700     600     600     
	2376   1955 1900    900     1900    900     1900    1200    900     900     400     800     1900    600     900     900     1200    800     700     900     500     
	2376   1956 2000    1700    1300    1300    2000    800     1300    500     1300    1700    1100    800     800     300     400     1300    700     1000    500     
	2376   1957 2100    1200    1700    1200    2100    1500    1500    1200    300     600     1700    800     1100    900     700     300     1500    1100    600     
	2376   1958 1700    1300    1200    800     1300    900     1700    500     300     1300    600     400     800     900     700     1000    800     1700    500     
	2376   1959 3800    2800    3800    2800    2500    1800    2000    800     2000    400     600     2500    1500    1700    1800    2000    900     800     800     
	2376   1960 1400    900     1400    600     1400    1300    900     400     500     900     600     1100    1300    500     300     900     300     400     600     
	2376   1961 1600    1600    1300    1100    1600    900     1300    600     1100    1600    700     1000    700     700     900     1300    900     900     1500    
	2376   1962 2200    1900    2000    1200    1400    1700    2200    400     1200    1100    1000    400     1700    500     700     1200    2200    600     700     
	2376   1963 3300    2100    2100    1800    900     1700    1800    1600    1300    800     600     900     1200    1700    500     1800    1300    900     2400    
	2376   1964 1800    1800    1500    1300    1200    1200    1000    1300    600     1200    500     600     500     900     1200    800     700     900     500     
	2376   1965 2700    2700    1200    1300    1400    1200    1200    400     1300    1400    600     700     800     400     700     700     1200    700     300     
	2376   1966 1600    1100    1600    1100    900     1000    1500    1100    600     500     400     900     1000    400     700     1500    800     400     200     
	2376   1967 1600    1600    1300    1600    900     1300    1200    1100    1600    800     800     600     1300    600     1200    900     500     1200    400     
	2376   1968 2200    1200    1900    800     1900    1000    1600    400     800     700     1900    500     600     800     500     800     1000    1600    1500    
	2376   1969 2000    1200    1800    800     1200    800     2000    800     700     1200    900     500     800     700     600     1600    2000    300     700     
	2376   1970 2400    1300    2400    600     700     2200    1200    600     400     400     500     700     2200    500     1200    1200    1200    900     1100    
	2376   1971 2300    1000    2300    1000    1900    2100    2200    700     1000    500     1500    800     400     2000    700     2200    1100    600     900     
	2376   1972 3000    1500    1900    1400    1500    1200    3000    900     800     1500    900     800     400     1200    1100    1200    1800    500     1800    
	2376   1973 3700    2300    1900    2300    1800    1700    1700    1900    600     1800    500     400     1700    500     1200    1700    900     800     600     
	2376   1974 3300    1100    2200    1000    3300    1000    600     600     1000    1100    2200    900     800     600     1000    300     400     400     600     
	2376   1975 1800    1100    1800    1100    1800    1000    1800    500     1100    300     900     1800    600     600     1000    300     1800    700     1100    
	2376   1976 2100    1500    2100    1500    1800    2100    900     500     1500    1100    1700    800     1700    1100    1400    400     800     800     600     
	2376   1977 3300    1300    3300    600     1000    1700    2900    400     500     1000    600     1000    1400    1600    600     2900    1400    500     800     
	2376   1978 2200    2200    1400    2200    1000    1400    1500    1000    2200    300     900     700     700     1000    1400    1000    1500    800     700     
	2376   1979 1400    1000    1400    700     500     1000    1400    700     500     500     500     400     500     600     500     1400    1000    700     400     
	2376   1980 1400    1400    1300    1400    1200    1300    700     1400    800     700     800     1200    1300    500     1100    700     400     500     400     
	2376   1981 3000    1600    2500    1600    3000    1000    900     600     1600    500     2500    500     1000    600     1000    800     200     500     600     
	2376   1982 1600    1500    1600    1500    1600    1100    1400    1100    1500    900     1600    900     200     1100    700     1400    800     600     400     
	2376   1983 2200    1600    2200    1600    1200    2200    1800    500     1600    1200    300     200     1000    2200    1800    600     700     1400    600     
	2376   1984 2100    1300    2100    1100    2100    1300    700     400     1100    1300    1900    800     700     800     1300    200     700     700     700     
	2376   1985 2000    2000    1000    2000    1000    1000    1800    500     2000    800     1000    500     300     800     400     800     1800    500     500     
	2376   1986 3500    3500    1500    3200    1100    1400    3200    400     2800    1100    600     500     1100    1300    1400    1500    1700    600     700     
	2376   1987 1900    1500    1900    1500    1900    1300    1000    1500    700     1200    1800    700     300     1300    700     900     600     800     1400    
	2376   1988 2000    1000    2000    1000    1100    2000    1100    1000    600     300     1100    800     2000    400     700     600     1100    900     700     
	2376   1989 3100    1300    2100    1300    1900    1300    2000    1000    800     700     400     1900    1300    1200    800     900     700     2000    1100    
	2376   1990 1800    1400    1800    600     1600    1800    1000    600     600     1400    600     1600    1200    1800    1400    400     1000    600     500     
	2376   1991 2500    1800    2300    1800    1600    1600    1400    1100    800     1300    1000    1600    300     600     1000    1400    800     1000    1500    
	2376   1992 2200    1300    1700    1300    1200    1300    2200    1200    600     500     900     1200    1000    700     600     1700    700     400     1100    
	2376   1993 2600    2600    900     900     2600    900     1700    500     900     2600    800     600     900     400     600     500     1100    1600    600     
	2376   1994 2600    1100    2600    1100    1400    2600    1700    400     1100    400     1400    500     1400    1200    500     300     1700    800     600     
	2376   1995 3200    1200    3200    500     2400    3200    1100    300     500     500     900     1500    1300    1100    2200    500     1100    1100    1600    
	2376   1996 3200    3200    1300    3200    1600    1300    1000    2200    1000    1600    1300    1200    1000    1300    700     1000    500     600     1200    
	2376   1997 2300    1800    2000    1800    1900    2000    2300    1800    500     1200    1900    900     700     700     2000    1800    1700    700     800     
	2376   1998 1900    1300    1900    1300    1700    1900    1000    800     1300    800     300     1700    400     600     1900    1000    400     700     300     
	2376   1999 2400    800     2400    600     800     1200    1400    400     400     800     400     700     1200    900     1000    1400    1100    700     400     
	2376   2000 1400    1200    1400    1200    1300    1400    700     1200    400     400     1000    700     700     600     1400    700     400     400     800     
	2376   2001 1300    900     1300    900     1300    1000    1000    900     400     500     400     1300    800     600     800     200     1000    800     1300    
	2376   2002 2400    1000    1400    1000    2400    900     1100    1000    500     1000    1400    700     700     600     900     1100    500     300     1200    
	2376   2003 3200    2300    3200    2300    2100    3200    1200    900     2300    2000    2100    700     700     1600    2700    1100    900     1200    1000    
	2376   2004 1700    1000    1200    1000    1200    1100    1300    300     700     900     1200    1200    600     600     500     900     1300    400     1500    
	2376   2005 1800    1300    1500    800     900     1500    1800    600     600     900     500     700     1500    1100    600     800     1800    700     700     
	2376   2006 1600    1300    1600    1200    1300    1400    1600    1000    600     1300    900     1000    1300    1400    400     1600    700     600     900     
	2376   2007 3800    1000    3500    1000    3800    800     1000    300     700     700     3000    500     700     600     800     600     1000    400     1500    
	2376   2008 1700    1700    1100    1700    1100    800     900     500     1700    500     600     1100    600     400     800     900     700     700     1100    
	2376   2009 1800    900     1800    900     1000    1800    1200    800     600     800     800     700     1400    400     700     900     1200    400     700     
	2376   2010 2300    1300    2300    1300    2100    2300    1400    1300    700     900     2100    800     2100    800     400     500     1200    1400    600     
	2376   2011 2500    1300    1500    1000    1500    700     2500    600     1000    1200    1500    800     300     500     300     1200    600     2500    300     
	2376   2012 2600    2100    1700    900     2600    1700    1100    500     900     2100    500     700     600     700     1700    1000    1100    400     400     
	2376   2013 2200    1100    2200    800     1900    2200    1300    600     800     1100    800     700     1200    2200    700     1100    500     800     500     
	2376   2014 1700    1700    1700    600     1700    1600    1700    500     600     1700    800     500     1600    500     200     1700    400     600     400     
	2376   2015 1400    1400    1400    1400    1200    1400    1100    400     1400    1000    1200    900     800     300     1200    600     700     400     500     
	2376   2016 1700    1700    1500    600     1700    1000    1300    600     500     1700    900     1500    1000    700     900     1300    1100    900     800     
	2376   2017 1700    1400    1700    1400    1200    1700    1100    1400    800     1100    1200    700     1700    500     900     800     1100    400     400     
	2376   2018 4100    1500    4100    1400    1000    4100    2200    400     1400    500     1000    800     1600    2500    600     700     2200    1200    800     
	2376   2019 1600    1600    1500    1600    1500    1500    900     400     1600    1400    1500    800     1000    500     900     900     500     700     500     
	2376   2020 2800    1100    1800    700     2800    1800    1800    700     300     1100    1700    1100    800     800     1200    1800    900     1400    400     
	2376   2021 -999999 -999999 1600    -999999 1600    1200    1000    -999999 600     700     1600    600     1200    800     500     1000    600     700     1000    
	2376   2022 2200    1600    2200    700     2200    1900    1100    700     700     1500    1700    1700    1400    1900    1200    400     1100    700     900     
	2376   2023 3800    1300    3800    1300    1900    1900    900     500     1300    500     700     1900    1900    600     1200    900     700     300     200     
	2376   2024 1200    -999999 1000    -999999 900     800     1200    700     -999999 900     500     700     800     600     600     1000    500     1000    700     
	2376   2025 2900    2500    2900    1200    2900    2400    1600    1200    900     2400    1100    2300    1600    700     2400    1400    1400    800     1300    
	2376   2026 -999999 -999999 -999999 1300    -999999 -999999 -999999 1300    400     -999999 -999999 -999999 -999999 -999999 -999999 -999999 -999999 -999999 -999999 
	