EUROPEAN CLIMATE ASSESSMENT & DATASET (ECA&D), file created on: 17-05-2026
THESE DATA CAN BE USED FOR NON-COMMERCIAL RESEARCH AND EDUCATION PROVIDED THAT THE FOLLOWING SOURCE IS ACKNOWLEDGED: 

Klein Tank, A.M.G. and Coauthors, 2002. Daily dataset of 20th-century surface
air temperature and precipitation series for the European Climate Assessment.
Int. J. of Climatol., 22, 1441-1453.
Data and metadata available at http://www.ecad.eu

FILE FORMAT (MISSING VALUE CODE = -999999):

THIS FILE HOLDS DATA FOR STATION NETHERLANDS                              OUD-HEUSDEN                              (STAID:  20584)
LATITUDE: dd:mm:ss +51:43:31
LONGITUDE: ddd:mm:ss +005:07:41
ELEVATION: m -100

DATA IS FOR INDEX Maximum no of consecutive dry days (RR < 1 mm) (CDD) with unit 0.01 No of days

01-06 SOUID: Source identifier
08-11 YEAR : YYYY
13-20 ANNUAL DATA VALUES
21-28 WINTER HALF YEAR DATA VALUES
29-36 SUMMER HALF YEAR DATA VALUES
37-44 WINTER (DJF) DATA VALUES
45-52 SPRING (MAM) DATA VALUES
53-60 SUMMER (JJA) DATA VALUES
61-68 AUTUMN (SON) DATA VALUES
69-76 JANUARY DATA VALUES
etc. 
157-164 DECEMBER DATA VALUES

20584  1867 -999999 -999999 1000    -999999 1000    1000    800     -999999 1200    800     300     1000    700     1000    900     600     800     600     1000    
	20584  1868 2200    1100    2200    1100    1500    2200    1500    1100    600     400     700     900     1600    2200    800     1500    600     500     300     
	20584  1869 2500    1300    2500    1200    1300    2500    600     1200    800     1300    600     400     1000    1700    1500    600     500     600     600     
	20584  1870 2200    1900    2200    1900    1700    800     1900    1500    1900    600     1000    1700    500     800     600     1300    600     800     1200    
	20584  1871 1800    1800    1300    1800    1300    1300    1700    500     1800    1300    800     1100    500     700     1300    1100    1200    1100    900     
	20584  1872 1200    1200    1200    1200    1000    1200    900     800     600     1000    800     700     1100    900     1200    500     900     500     700     
	20584  1873 2000    2000    1300    1800    2000    1200    1500    800     1000    2000    1000    800     1200    800     700     1300    800     1200    1500    
	20584  1874 -999999 800     -999999 800     1100    -999999 1800    800     700     700     1100    700     1100    -999999 -999999 900     1300    900     700     
	20584  1875 2800    1300    2800    700     2800    1000    1700    500     700     1000    2700    800     800     1000    800     1700    900     700     600     
	20584  1876 1700    1700    1500    1700    1000    1500    1700    1500    500     700     800     800     1500    1400    1500    400     1700    600     500     
	20584  1877 1100    600     1100    400     1000    1100    700     400     200     400     700     800     900     500     500     700     500     500     600     
	20584  1878 -999999 800     -999999 800     1200    900     -999999 500     800     600     1200    500     900     800     600     -999999 -999999 -999999 -999999 
	20584  1879 -999999 -999999 -999999 -999999 -999999 -999999 -999999 -999999 -999999 -999999 -999999 -999999 -999999 -999999 -999999 -999999 -999999 -999999 -999999 
	20584  1880 -999999 -999999 -999999 -999999 -999999 1700    900     -999999 -999999 -999999 -999999 -999999 -999999 600     1700    800     500     500     300     
	20584  1881 -999999 -999999 1100    -999999 1300    1000    1100    -999999 -999999 900     900     1100    1000    900     700     500     600     1100    900     
	20584  1882 1800    1800    1300    1800    1300    700     800     1800    1300    900     900     1300    500     400     700     400     700     300     500     
	20584  1883 3400    1500    2900    1000    3400    700     1200    900     1000    900     2900    1600    500     500     700     1200    1000    400     700     
	20584  1884 2200    1100    2200    1100    1700    2200    1300    700     700     1000    1700    1200    1400    800     1100    1300    1000    900     1100    
	20584  1885 1600    1600    1300    1600    1300    1000    900     1600    600     1100    1300    400     900     1000    1000    400     400     900     1400    
	20584  1886 3100    2200    3100    2200    3100    1700    1900    300     2200    1700    2100    1000    700     1000    1400    1900    900     700     500     
	20584  1887 2500    2100    2500    1500    1100    2500    1800    1100    1500    1100    900     400     2500    1100    1500    800     600     1800    400     
	20584  1888 2500    1400    2500    1200    2500    700     1500    900     1200    300     600     2500    700     400     600     1200    1500    900     1900    
	20584  1889 1300    900     1300    900     1100    1300    1300    900     400     500     1100    400     1300    600     500     500     400     1300    900     
	20584  1890 4900    4900    1500    3100    1800    1200    1400    400     2800    1800    800     1500    700     1200    800     1400    700     700     3100    
	20584  1891 4000    3400    2000    2800    2000    900     1300    900     2800    1400    2000    800     600     900     500     1100    1000    800     1100    
	20584  1892 1700    1100    1400    1100    1700    1100    1500    800     1000    1000    1400    1000    600     1100    500     500     700     1500    1600    
	20584  1893 4400    1900    3100    1900    4400    1700    900     1200    400     1300    3000    1400    1700    700     1300    600     900     900     700     
	20584  1894 2700    1900    1600    1600    2700    1600    1100    1400    600     1900    800     700     1000    600     400     1100    500     1000    1300    
	20584  1895 1600    1300    1600    1300    1200    900     1600    300     1100    800     1000    1200    900     800     900     1600    600     500     1400    
	20584  1896 2200    1700    2200    1700    2200    1300    1000    1200    1700    700     1000    1900    1200    1300    800     500     300     1000    500     
	20584  1897 3300    1900    1200    1900    1200    1200    3300    1100    1900    1200    500     1000    800     1200    400     800     1900    1400    1300    
	20584  1898 2100    2000    2100    1200    2000    1600    1800    1200    400     2000    1100    400     1300    1600    1200    1800    1100    900     600     
	20584  1899 2100    1700    2100    1300    1300    1900    1900    900     1300    1300    700     700     1700    800     1400    300     1200    1900    1900    
	