EUROPEAN CLIMATE ASSESSMENT & DATASET (ECA&D), file created on: 17-05-2026
THESE DATA CAN BE USED FOR NON-COMMERCIAL RESEARCH AND EDUCATION PROVIDED THAT THE FOLLOWING SOURCE IS ACKNOWLEDGED: 

Klein Tank, A.M.G. and Coauthors, 2002. Daily dataset of 20th-century surface
air temperature and precipitation series for the European Climate Assessment.
Int. J. of Climatol., 22, 1441-1453.
Data and metadata available at http://www.ecad.eu

FILE FORMAT (MISSING VALUE CODE = -999999):

THIS FILE HOLDS DATA FOR STATION NETHERLANDS                              HOOGEVEEN-1                              (STAID:    527)
LATITUDE: dd:mm:ss +52:43:00
LONGITUDE: ddd:mm:ss +006:28:00
ELEVATION: m   11

DATA IS FOR INDEX Maximum no of consecutive dry days (RR < 1 mm) (CDD) with unit 0.01 No of days

01-06 SOUID: Source identifier
08-11 YEAR : YYYY
13-20 ANNUAL DATA VALUES
21-28 WINTER HALF YEAR DATA VALUES
29-36 SUMMER HALF YEAR DATA VALUES
37-44 WINTER (DJF) DATA VALUES
45-52 SPRING (MAM) DATA VALUES
53-60 SUMMER (JJA) DATA VALUES
61-68 AUTUMN (SON) DATA VALUES
69-76 JANUARY DATA VALUES
etc. 
157-164 DECEMBER DATA VALUES

527    1911 -999999 -999999 -999999 -999999 -999999 -999999 -999999 -999999 -999999 -999999 -999999 -999999 -999999 -999999 -999999 -999999 500     900     600     
	527    1912 1500    800     1500    800     1500    900     1200    800     600     500     1500    900     600     900     300     1200    900     300     600     
	527    1913 1800    1600    1800    1600    1000    1800    1600    1400    1600    400     1000    700     700     900     1800    800     1600    500     600     
	527    1914 2200    1700    2200    1700    2200    1700    1700    1700    1000    400     1900    900     1100    1000    1700    900     1700    700     400     
	527    1915 1900    1100    1300    700     1000    1300    1900    700     700     800     700     1000    1300    600     700     1100    1900    700     300     
	527    1916 2900    1400    2900    1200    1400    2900    1700    900     500     1400    1000    900     800     1500    1400    1000    800     1700    900     
	527    1917 2000    2000    1500    2000    1500    1200    1400    1400    1100    600     900     1200    900     1200    500     1200    800     1000    1200    
	527    1918 1400    1400    1300    1200    1400    1300    900     700     600     1400    800     900     600     700     800     300     600     600     600     
	527    1919 2200    1100    2200    1100    2200    1000    1200    800     1100    900     1100    2200    700     500     1000    1200    900     800     800     
	527    1920 4000    1200    1500    1200    900     1500    4000    700     1200    900     300     400     1500    300     700     1000    2800    1400    500     
	527    1921 3000    1600    1500    1300    1400    1500    2300    200     1300    1100    1200    700     800     1500    600     1200    1500    2300    700     
	527    1922 2000    1800    2000    1300    1800    800     1500    1100    1300    1800    900     1200    800     300     500     900     1400    1500    500     
	527    1923 2000    1500    2000    900     1500    2000    1000    700     900     1500    1100    800     600     1400    1300    800     400     1000    800     
	527    1924 1800    1400    1000    900     1400    1000    1800    900     600     1400    700     500     900     800     400     500     900     1800    1200    
	527    1925 1700    700     1700    700     1200    1600    800     700     500     600     600     1200    1600    700     900     700     700     800     700     
	527    1926 1500    1500    1200    1400    1500    900     800     1400    900     1500    600     400     500     900     700     800     600     400     700     
	527    1927 2700    1600    1500    1600    1500    800     1200    500     1600    1100    400     1100    800     800     600     900     1200    600     2100    
	527    1928 2200    2200    2100    1000    1600    1100    2000    400     1000    1200    900     700     600     1100    400     2000    600     500     500     
	527    1929 2000    1600    2000    1400    1600    2000    800     1200    1300    1600    1000    800     500     2000    700     800     500     300     600     
	527    1930 2200    2200    2000    1600    1400    2000    700     1600    1300    1000    500     500     2000    500     800     500     700     300     800     
	527    1931 1200    1000    1100    1000    1200    1100    1200    500     800     1000    400     900     600     500     900     600     1200    1200    600     
	527    1932 2000    2000    2000    1700    1900    2000    1000    1500    1500    1900    700     300     2000    500     800     500     500     1000    800     
	527    1933 2100    2100    1600    2100    1100    1000    1500    2100    500     1000    700     1100    1000    800     1000    1200    700     600     1500    
	527    1934 2100    2100    1400    2100    1000    1400    1800    700     2100    700     600     1000    1200    1200    1400    800     400     1800    700     
	527    1935 1800    1600    1800    800     1800    1400    500     800     400     1600    600     1200    400     1100    1400    500     500     500     600     
	527    1936 2400    2400    1300    600     2400    1200    1000    600     300     2400    800     900     900     300     1200    500     1000    1000    900     
	527    1937 1300    600     1100    500     1000    1100    1300    500     300     400     600     700     800     700     900     300     1000    700     400     
	527    1938 1700    1700    1400    1400    1700    1100    1400    300     1400    1700    900     700     600     700     800     1400    1200    800     1200    
	527    1939 2300    1000    2300    1000    1300    1600    800     400     600     500     600     1300    1000    500     1600    500     400     600     1500    
	527    1940 1300    1300    1300    1300    900     1100    800     1300    800     400     700     900     1100    300     700     700     800     500     600     
	527    1941 1700    1100    1700    700     1200    1700    1500    700     500     1100    1000    1200    1500    800     200     1500    800     1300    800     
	527    1942 2000    1800    2000    1500    2000    1200    700     1400    1500    1300    2000    900     1200    600     700     600     300     700     800     
	527    1943 1900    1700    1900    1300    1300    1900    1400    500     1300    1300    1200    1100    1200    1800    500     1000    1400    700     1000    
	527    1944 2800    700     2800    700     900     2800    1300    500     700     700     900     600     900     1000    2700    1300    600     300     1100    
	527    1945 2400    2400    1300    1800    2400    1200    2000    1700    300     2400    900     1100    400     1200    600     1300    1900    1000    800     
	527    1946 1800    1600    1800    1600    1800    900     1400    1600    300     1000    1700    1200    700     600     400     700     1400    700     1200    
	527    1947 3700    3700    2600    3700    1500    2400    2200    1700    2000    600     1000    1400    900     1700    2400    700     1400    800     300     
	527    1948 2100    2100    1300    1500    1300    1000    1300    200     1500    1100    1300    1100    900     700     1000    500     1300    1200    1100    
	527    1949 2100    1400    2000    1400    1500    2000    2100    800     1100    1400    800     600     1600    1000    1000    1100    1000    400     500     
	527    1950 1600    800     1600    500     900     1300    1400    500     400     500     900     900     1300    400     600     200     1400    400     1600    
	527    1951 2200    1500    1200    1200    1000    1200    2200    1000    500     1000    1000    900     800     1200    600     700     2000    400     600     
	527    1952 1400    1400    1400    800     1400    1000    1000    800     800     1400    1200    1400    600     1000    500     1000    800     300     700     
	527    1953 2400    1600    1400    1100    1600    1000    2300    800     700     1600    1100    1300    700     600     1000    700     1600    1600    800     
	527    1954 1800    1800    1300    1800    1700    600     600     1100    700     1700    1200    1300    500     400     600     300     300     600     500     
	527    1955 1600    1600    1400    1300    1200    900     1000    1300    1200    800     1200    800     900     800     700     800     800     1000    300     
	527    1956 1600    1600    1300    1600    1500    700     1300    500     1100    1200    1000    800     700     400     400     1300    800     800     600     
	527    1957 1400    1200    1400    1200    1400    1400    1000    1200    400     600     1100    800     1400    300     800     400     1000    600     900     
	527    1958 1400    1400    1100    600     1400    1000    1300    500     200     1400    600     600     1000    800     600     600     800     1300    500     
	527    1959 3300    3300    2400    2900    2400    1600    2700    600     2800    700     1000    2400    1200    1600    800     2000    1800    700     800     
	527    1960 1400    1400    1400    500     1400    900     800     500     500     1400    900     1200    900     500     600     800     400     400     400     
	527    1961 1500    1000    1000    1000    900     700     1500    700     1000    900     900     600     700     400     700     700     800     1500    800     
	527    1962 2200    1400    1000    1000    1400    800     2100    400     1000    1400    1000    400     800     600     400     400     2100    1500    700     
	527    1963 2400    2400    1400    1600    800     700     900     1100    1600    800     500     800     600     700     300     800     900     400     1600    
	527    1964 2400    2400    1100    1600    1800    900     1000    1600    600     1800    700     1100    500     900     500     600     700     900     700     
	527    1965 1400    1100    1200    1100    900     1200    1400    600     1100    700     500     600     700     300     1200    900     1400    700     300     
	527    1966 1700    1100    1700    1000    900     1100    1600    1000    700     900     300     700     1100    300     800     1500    800     800     400     
	527    1967 1100    800     1100    800     800     1100    900     800     700     600     800     500     900     700     1100    700     300     900     400     
	527    1968 2300    1300    1700    1300    1700    800     1000    400     1300    700     1700    800     800     700     700     900     1000    800     1600    
	527    1969 2100    1200    2100    800     1200    2100    1700    800     400     1200    900     700     1100    2000    900     1500    1700    300     800     
	527    1970 2000    1200    2000    800     800     2000    1300    800     400     800     500     700     2000    300     900     1300    1100    700     900     
	527    1971 2100    800     1500    800     2100    1200    1700    600     800     600     1500    900     600     1100    600     1200    1100    600     700     
	527    1972 2200    1500    1300    1400    1500    1000    2200    1000    800     1500    900     600     400     1000    800     800     1800    300     1800    
	527    1973 2500    1800    2500    1100    1800    2500    1200    1100    500     1800    800     900     2500    500     2100    1200    800     500     500     
	527    1974 3300    1100    2200    1100    3300    1300    800     400     1100    1100    2200    600     800     400     1300    800     300     400     500     
	527    1975 2100    1200    2100    1100    1400    2100    1400    700     1100    600     900     1400    1000    700     1400    900     1400    800     1100    
	527    1976 2200    1300    2200    1300    1800    2200    1200    500     1000    1100    1600    800     1700    1200    1400    1200    1000    700     300     
	527    1977 2000    1000    1700    600     1600    1500    2000    500     600     400     500     1600    1100    1500    700     1700    2000    400     600     
	527    1978 1300    1100    1200    1100    1300    1000    1000    1100    900     400     900     700     1000    800     900     400     1000    900     800     
	527    1979 1000    900     1000    900     1000    800     1000    900     800     300     1000    800     800     700     500     1000    900     400     400     
	527    1980 1900    1500    1900    1400    1900    800     700     1400    1400    700     800     1900    500     800     700     400     600     500     500     
	527    1981 1800    1300    1800    1300    1100    1800    1100    1200    600     500     1100    700     800     700     1800    1100    300     300     600     
	527    1982 2200    1600    2200    1600    1700    2200    1300    1500    1600    900     1700    900     1000    2200    500     1300    800     400     400     
	527    1983 1900    1500    1600    1500    1300    1600    1900    400     1500    1300    300     200     800     1600    1400    800     600     1500    600     
	527    1984 2300    1800    2300    1100    1400    2300    1900    400     1100    1300    1400    1000    700     1300    2300    200     600     1600    500     
	527    1985 2200    2200    1200    2200    900     500     2100    700     2200    500     800     900     300     500     400     800     2100    800     500     
	527    1986 2700    2700    1700    2700    1400    1700    2100    600     2100    1400    700     800     1300    1300    900     1500    1000    600     500     
	527    1987 1900    1400    1700    1400    1200    1700    900     1200    1400    1200    900     700     300     1400    400     500     600     800     1500    
	527    1988 1600    1100    1500    1100    1600    1100    1400    1100    400     200     1500    1500    1000    200     900     600     1400    700     500     
	527    1989 2000    800     2000    800     1600    2000    1100    600     700     700     400     1600    1300    2000    900     900     400     1100    800     
	527    1990 1700    800     1700    600     1600    1700    1100    400     600     800     600     1600    1000    1700    1000    500     1100    600     600     
	527    1991 2800    1700    2800    1700    1600    1400    1400    1000    700     1100    800     1600    400     900     1400    1400    1200    800     1600    
	527    1992 3300    1300    3300    1300    1700    3300    2000    1200    700     500     800     1700    2400    900     500     1600    400     400     1200    
	527    1993 1700    1000    1300    900     1000    1300    1700    500     900     1000    800     800     1300    400     600     500     1100    1600    200     
	527    1994 1600    1400    1100    1400    900     1100    1600    600     1400    500     900     600     500     1100    1000    500     1600    600     400     
	527    1995 2800    1500    2700    500     1200    2700    1400    500     500     500     800     800     1300    1100    2300    600     1400    1100    1700    
	527    1996 2500    2500    1300    2500    1600    1300    1300    2400    1000    1600    1200    600     800     1300    800     900     1300    600     900     
	527    1997 2000    2000    1900    2000    1900    1500    1800    1800    300     1200    1900    1000    600     1200    1500    1600    1700    1200    600     
	527    1998 1700    1100    1700    800     1700    900     1200    700     800     600     400     1700    200     600     900     800     100     1200    300     
	527    1999 1900    800     1900    600     1700    1200    1400    300     300     800     800     1700    800     900     500     1400    1000    300     200     
	527    2000 1300    1300    1000    1300    1000    1000    600     1300    300     600     1000    800     600     800     1000    600     400     500     700     
	527    2001 1000    1000    1000    1000    1000    1000    700     1000    300     600     400     1000    700     700     1000    200     700     300     1000    
	527    2002 2300    1100    1600    1100    2300    900     1000    1000    500     1000    1300    1600    400     700     900     1000    700     400     1300    
	527    2003 2000    2000    1900    2000    2000    1900    1400    400     2000    2000    1900    700     800     700     1800    1100    1400    1000    1000    
	527    2004 1500    1500    1500    900     1400    1500    1000    400     700     1100    800     1400    600     600     900     900     1000    500     1400    
	527    2005 1800    1000    1300    600     1000    800     1800    600     600     1000    600     700     700     800     500     800     1800    400     700     
	527    2006 2100    1500    2100    1500    1400    2000    1100    1000    900     1400    700     1100    2000    1000    500     1100    700     600     900     
	527    2007 4300    800     3500    800     4300    800     1300    400     700     800     3000    500     800     400     700     600     1300    1000    1500    
	527    2008 1600    1400    1600    1400    1600    800     1600    300     1400    200     900     1500    300     400     800     1600    600     500     1200    
	527    2009 2400    1200    2400    1200    1700    1100    2400    800     400     600     1700    600     900     200     900     2400    500     200     600     
	527    2010 1700    800     1700    800     1700    1100    1200    800     400     700     1700    1000    1100    600     300     400     1200    800     300     
	527    2011 2200    1600    2200    700     2200    600     2000    700     700     1600    1900    400     300     600     200     1200    600     2000    400     
	527    2012 2700    2200    1000    1600    2700    900     1000    500     1100    2200    500     700     600     700     800     1000    500     700     200     
	527    2013 2200    1200    2200    800     1200    2200    1300    800     400     1200    1000    700     1100    2200    1400    1100    500     700     400     
	527    2014 2000    1300    2000    600     1300    1100    2000    400     600     1300    500     900     900     1000    700     2000    400     700     600     
	527    2015 1400    1000    1300    900     1300    800     1400    400     900     1000    1300    600     700     300     800     600     1000    400     400     
	527    2016 1700    1500    1300    500     1500    1100    1300    500     400     1500    700     1200    1100    500     700     1300    1000    1000    700     
	527    2017 1300    1300    1200    1300    1000    1200    800     1300    1200    1000    1000    700     1200    900     800     800     800     400     500     
	527    2018 2900    1200    2900    1200    900     2900    2000    400     1200    500     900     800     1200    2000    600     800     2000    700     600     
	527    2019 1600    900     1600    900     1000    1600    700     400     900     700     1000    900     1100    1000    1000    600     500     700     700     
	527    2020 2500    1600    2500    1000    2500    900     1300    1000    500     1600    2500    2000    700     900     900     1300    800     700     400     
	527    2021 1800    1700    1800    1000    1800    1300    1500    300     1000    700     1800    400     1300    800     500     1500    500     400     1000    
	527    2022 3100    1800    3100    700     3100    1400    1100    700     400     1500    2100    1000    1000    1300    1400    500     1100    500     1000    
	527    2023 2900    1000    2900    1000    1000    1900    900     600     1000    500     700     1000    1900    300     1100    900     700     200     500     
	527    2024 1300    1300    1200    600     1300    800     1200    600     400     1300    500     1000    800     600     700     1200    700     900     900     
	527    2025 2200    2200    2200    1000    2100    2200    1200    700     1000    2100    1200    1900    1200    600     2200    1000    800     800     1200    
	527    2026 -999999 1300    -999999 1300    -999999 -999999 -999999 1300    500     900     1000    -999999 -999999 -999999 -999999 -999999 -999999 -999999 -999999 
	