EUROPEAN CLIMATE ASSESSMENT & DATASET (ECA&D), file created on: 17-05-2026
THESE DATA CAN BE USED FOR NON-COMMERCIAL RESEARCH AND EDUCATION PROVIDED THAT THE FOLLOWING SOURCE IS ACKNOWLEDGED: 

Klein Tank, A.M.G. and Coauthors, 2002. Daily dataset of 20th-century surface
air temperature and precipitation series for the European Climate Assessment.
Int. J. of Climatol., 22, 1441-1453.
Data and metadata available at http://www.ecad.eu

FILE FORMAT (MISSING VALUE CODE = -999999):

THIS FILE HOLDS DATA FOR STATION NETHERLANDS                              NIJBROEK                                 (STAID:  20569)
LATITUDE: dd:mm:ss +52:16:59
LONGITUDE: ddd:mm:ss +006:04:59
ELEVATION: m -100

DATA IS FOR INDEX Maximum no of consecutive dry days (RR < 1 mm) (CDD) with unit 0.01 No of days

01-06 SOUID: Source identifier
08-11 YEAR : YYYY
13-20 ANNUAL DATA VALUES
21-28 WINTER HALF YEAR DATA VALUES
29-36 SUMMER HALF YEAR DATA VALUES
37-44 WINTER (DJF) DATA VALUES
45-52 SPRING (MAM) DATA VALUES
53-60 SUMMER (JJA) DATA VALUES
61-68 AUTUMN (SON) DATA VALUES
69-76 JANUARY DATA VALUES
etc. 
157-164 DECEMBER DATA VALUES

20569  1932 -999999 -999999 1200    -999999 -999999 900     1000    -999999 -999999 -999999 700     700     900     500     800     500     500     1000    1900    
	20569  1933 2100    1700    2100    1700    2100    1000    1100    1700    700     1200    2100    900     1000    800     1000    1100    800     600     1300    
	20569  1934 2400    2400    1800    2400    1500    1400    1000    800     2400    900     600     1400    1200    1200    900     800     300     1000    600     
	20569  1935 1600    1600    1400    500     1600    1200    600     500     300     1600    300     1200    400     900     1100    400     500     600     600     
	20569  1936 1900    1900    1400    1100    1900    1200    1700    600     1100    1900    800     800     1000    500     1200    400     1400    1000    900     
	20569  1937 1500    700     1500    500     1000    1500    1300    500     200     400     600     600     600     600     900     500     1000    700     600     
	20569  1938 1400    1300    1400    1300    1300    1100    1400    300     1300    1300    800     1200    1100    700     600     1400    1200    1300    1200    
	20569  1939 2300    1200    2300    1200    1300    1200    800     600     800     300     600     1300    1000    600     1200    600     400     300     1500    
	20569  1940 1400    800     1400    800     900     1100    1300    600     800     400     600     900     1100    300     700     700     1300    500     600     
	20569  1941 1500    1100    1500    1100    1300    1000    1500    1100    600     1100    1000    1300    1000    800     300     1500    800     500     800     
	20569  1942 3100    1900    3100    1700    3100    1200    800     1700    1600    1200    2100    1000    1200    500     700     600     500     800     800     
	20569  1943 2300    2300    1300    1400    1300    1300    1400    600     1400    1300    1000    1100    400     1300    900     1000    1400    700     1000    
	20569  1944 -999999 1900    -999999 1900    1000    1800    -999999 600     1900    1000    1000    700     900     700     1800    -999999 -999999 -999999 -999999 
	20569  1945 1800    -999999 1400    -999999 1800    1200    1400    1200    400     1800    1400    1100    800     1200    400     1000    900     1400    500     
	20569  1946 -999999 1000    1400    800     1400    900     -999999 800     700     1000    1100    1200    400     900     700     600     -999999 -999999 -999999 
	20569  1947 2300    -999999 2300    -999999 1100    2300    1000    1800    800     600     1100    1100    700     1200    2300    700     800     500     300     
	20569  1948 2900    2900    1400    1500    1400    1000    1200    300     1500    1400    900     1400    900     1000    900     700     1000    1100    700     
	20569  1949 1900    1700    1900    1700    1500    1900    1600    1000    1100    1400    800     800     1300    1200    1900    800     1100    500     600     
	20569  1950 1700    1200    1700    600     800     1300    1000    500     400     800     500     700     1300    400     600     300     1000    400     1500    
	20569  1951 2200    1700    1200    1100    1100    900     2200    900     700     1000    1100    500     900     700     600     700     2000    300     800     
	20569  1952 2000    1000    2000    800     2000    1100    1000    500     800     1000    1900    2000    400     800     1100    1000    700     500     500     
	