EUROPEAN CLIMATE ASSESSMENT & DATASET (ECA&D), file created on: 17-05-2026
THESE DATA CAN BE USED FOR NON-COMMERCIAL RESEARCH AND EDUCATION PROVIDED THAT THE FOLLOWING SOURCE IS ACKNOWLEDGED: 

Klein Tank, A.M.G. and Coauthors, 2002. Daily dataset of 20th-century surface
air temperature and precipitation series for the European Climate Assessment.
Int. J. of Climatol., 22, 1441-1453.
Data and metadata available at http://www.ecad.eu

FILE FORMAT (MISSING VALUE CODE = -999999):

THIS FILE HOLDS DATA FOR STATION NETHERLANDS                              ZEEWOLDE (SCHILLINKWEG)                  (STAID:   2558)
LATITUDE: dd:mm:ss +52:18:00
LONGITUDE: ddd:mm:ss +005:25:00
ELEVATION: m   -3

DATA IS FOR INDEX Maximum no of consecutive dry days (RR < 1 mm) (CDD) with unit 0.01 No of days

01-06 SOUID: Source identifier
08-11 YEAR : YYYY
13-20 ANNUAL DATA VALUES
21-28 WINTER HALF YEAR DATA VALUES
29-36 SUMMER HALF YEAR DATA VALUES
37-44 WINTER (DJF) DATA VALUES
45-52 SPRING (MAM) DATA VALUES
53-60 SUMMER (JJA) DATA VALUES
61-68 AUTUMN (SON) DATA VALUES
69-76 JANUARY DATA VALUES
etc. 
157-164 DECEMBER DATA VALUES

2558   1950 -999999 -999999 -999999 -999999 -999999 -999999 -999999 -999999 -999999 -999999 -999999 -999999 -999999 -999999 -999999 -999999 -999999 -999999 -999999 
	2558   1951 2200    -999999 1500    -999999 1000    1000    2200    1000    400     900     1000    400     1000    700     400     800     1900    300     500     
	2558   1952 1600    1100    1600    1100    1600    1000    1000    700     1100    1000    1100    1600    800     1000    500     1000    800     600     500     
	2558   1953 2700    2700    1400    1900    1600    1100    3800    1400    1700    1600    1200    1300    700     600     1100    900     800     3000    3100    
	2558   1954 7000    1800    1600    1800    1700    700     600     1100    700     1700    1500    1400    500     600     700     300     300     600     600     
	2558   1955 6200    6000    3300    2900    3300    1400    2900    900     2800    3100    1200    1000    900     1300    1200    2900    700     1300    500     
	2558   1956 1400    1300    1300    1300    1400    900     1300    500     1300    1200    1300    1200    900     400     400     1300    800     1000    600     
	2558   1957 1500    1200    1100    1200    1400    1100    1500    1200    400     800     1000    800     600     300     800     200     1500    800     600     
	2558   1958 1600    1300    1100    600     1300    1000    1600    600     200     1300    600     500     1000    800     600     700     1000    1600    700     
	2558   1959 2700    2100    2200    2100    1500    1700    2700    600     2000    700     800     1500    1700    1500    1600    2000    1800    800     800     
	2558   1960 1500    1000    1500    500     1500    800     1000    500     400     1000    1100    1100    800     400     500     1000    400     400     600     
	2558   1961 1700    1700    1000    1100    1700    700     1200    500     1100    1700    500     1000    700     700     700     700     1200    1200    1600    
	2558   1962 2200    1400    2000    1300    1400    1700    2200    400     1300    1100    900     500     1700    400     400     700     2200    700     700     
	2558   1963 2400    2400    1800    1600    900     900     1800    1100    1600    800     800     900     400     700     400     1800    900     500     1700    
	2558   1964 1400    1400    1400    1300    1200    1400    1000    1300    600     1200    800     500     800     900     700     700     600     900     700     
	2558   1965 1800    1500    1800    1100    1300    1100    1800    700     1100    1300    500     600     800     300     700     1800    1200    1400    400     
	2558   1966 1600    1600    1500    1600    1100    900     1500    1600    600     500     400     1100    900     400     600     1500    900     300     300     
	2558   1967 1400    1000    1100    1000    900     1100    1400    1000    600     600     800     500     800     900     1100    900     500     1400    400     
	2558   1968 2200    1200    1700    800     1700    900     1500    400     800     700     1700    600     600     800     700     500     1000    1500    1500    
	2558   1969 2000    1600    2000    1000    1300    2000    2000    1000    700     1300    1000    700     1100    2000    900     1600    2000    300     600     
	2558   1970 1800    1200    1800    600     1300    1800    1300    600     300     800     400     1300    1800    400     900     1300    1100    800     1300    
	2558   1971 2200    1700    2200    1700    2100    2200    1500    1500    800     600     1500    800     800     2000    400     1300    1100    400     800     
	2558   1972 3000    1400    2000    1200    1400    1200    3000    1000    800     1400    700     500     500     1100    1200    1200    1800    300     2100    
	2558   1973 4000    2700    2100    2700    1100    2100    1500    1900    500     1100    800     400     1700    400     2100    1500    900     700     800     
	2558   1974 3300    1100    2200    1000    3300    800     800     500     1000    1100    2200    900     800     600     700     800     300     400     500     
	2558   1975 2100    1100    2100    1100    1300    2100    1700    600     1100    300     900     1300    1000    700     1400    900     1700    700     1100    
	2558   1976 2500    1500    2500    1500    2500    2300    1000    500     1500    1100    2300    800     1700    1300    1500    400     800     500     500     
	2558   1977 2300    800     1700    600     1500    1700    2300    400     300     400     800     1500    900     1600    400     1300    2300    600     500     
	2558   1978 2000    1100    2000    1100    2000    1100    1500    1100    700     500     900     2000    700     1000    1100    500     1500    900     800     
	2558   1979 1400    1000    1400    700     600     1000    1400    700     500     300     500     600     500     800     400     1400    1100    700     400     
	2558   1980 2300    1600    2300    1400    2300    800     1900    1400    1400    1100    900     2200    600     800     600     1400    600     500     400     
	2558   1981 2300    1200    1800    1200    2300    1100    700     500     1200    500     1800    300     500     600     1100    700     300     500     600     
	2558   1982 1700    1400    1700    1400    1600    1300    1700    1400    1400    900     1600    1200    400     1300    300     1700    800     600     1000    
	2558   1983 2500    1800    2500    1800    1300    2500    1700    500     1800    1300    400     200     800     2500    1000    900     700     1400    700     
	2558   1984 2800    1200    2800    1100    1400    2600    700     400     1100    1200    1400    900     700     1000    2600    200     700     700     500     
	2558   1985 2800    2800    900     2800    900     700     1100    900     2800    500     800     900     400     700     400     800     1100    1000    500     
	2558   1986 3400    3400    1600    3100    1100    1600    2100    400     2800    1100    700     600     1100    1600    1400    1500    700     400     500     
	2558   1987 1700    1400    1700    1400    1200    1700    1000    1200    700     1200    900     700     300     1400    500     600     600     900     900     
	2558   1988 1700    900     1700    900     1100    1700    900     900     500     200     1100    1000    1700    300     900     600     900     900     500     
	2558   1989 1900    800     1900    800     1900    1800    1200    600     600     700     500     1900    1800    1300    800     900     400     1200    800     
	2558   1990 3900    3100    1700    3100    1600    1700    900     3100    600     800     600     1600    1000    1700    900     600     900     500     600     
	2558   1991 2700    2200    2300    2200    1500    1600    1400    1200    1000    1200    900     1500    300     700     1600    1400    1300    1100    1600    
	2558   1992 1800    1300    1800    1300    1800    1300    1000    1200    700     500     1000    1800    1200    700     600     1000    400     400     1100    
	2558   1993 1700    1000    1600    900     1600    1000    1700    400     900     1000    800     800     1000    500     700     500     1100    800     200     
	2558   1994 1700    1200    1700    1200    900     1700    1600    400     1200    500     900     500     900     1700    800     600     1600    800     400     
	2558   1995 2800    1500    2700    500     1700    2700    1500    300     500     500     900     800     1300    800     2300    500     1500    1100    1700    
	2558   1996 2500    2500    1900    2500    1900    1300    800     2200    500     1500    1900    600     1300    1300    800     800     800     400     1400    
	2558   1997 2000    1800    2000    1800    1900    2000    1600    1800    300     900     1900    1000    600     1200    2000    1600    800     600     800     
	2558   1998 1600    1300    1600    1300    1400    1600    1100    800     1300    700     400     1400    400     1000    1600    1100    200     700     300     
	2558   1999 1300    600     1200    600     1200    1200    1300    400     400     600     800     700     800     900     600     800     1300    400     200     
	2558   2000 1500    1100    1500    1100    1500    800     400     1100    400     500     800     700     600     800     500     400     400     300     600     
	2558   2001 1300    900     1200    900     1200    1000    700     900     800     500     400     1200    800     900     700     300     700     700     1300    
	2558   2002 2300    1100    1300    1100    2300    1000    1000    1000    600     1000    1300    700     500     800     1000    1000    600     600     1300    
	2558   2003 2300    2000    2300    1900    2200    2300    1400    600     1900    2000    2200    700     1200    1200    2100    900     1400    1200    1000    
	2558   2004 1500    1000    1500    900     1300    1500    1000    300     700     1000    800     1300    600     600     900     1000    1000    300     1400    
	2558   2005 1700    1000    1400    800     900     1100    1700    600     800     900     600     600     1100    900     600     1000    1700    600     700     
	2558   2006 1500    1500    1500    1500    1500    1300    1200    1100    900     1400    500     1500    1300    1100    400     1200    1100    600     1100    
	2558   2007 2900    1100    2900    900     2900    1000    1300    500     600     900     2400    500     700     300     1000    500     1300    500     1500    
	2558   2008 1600    1600    1500    1600    1500    900     1000    300     1600    300     1500    1300    900     400     900     1000    700     600     1200    
	2558   2009 1500    1000    1400    1000    1400    1100    1300    800     900     1000    1400    600     600     400     1100    1300    500     400     600     
	2558   2010 2100    700     2100    700     2100    1400    1400    600     700     700     2100    1700    1200    700     400     500     1200    1400    1100    
	2558   2011 2000    1100    1600    1000    1600    900     2000    700     1000    1100    1600    900     300     700     400     700     600     2000    500     
	2558   2012 1500    1300    1000    800     1500    900     1000    500     800     1300    600     1000    500     700     900     1000    900     600     100     
	2558   2013 2300    1400    2300    900     2300    2300    1300    700     900     1400    900     700     1100    2300    700     1100    500     800     700     
	2558   2014 1900    1700    1900    500     1700    1000    1900    500     400     1700    500     800     900     1000    300     1900    700     600     600     
	2558   2015 1700    1700    1200    1700    1500    1100    1400    400     1700    1500    1200    600     1100    400     800     500     1000    400     400     
	2558   2016 1500    1500    1100    500     1500    800     1100    500     500     1500    500     1100    700     700     800     1000    1100    900     1000    
	2558   2017 1500    1100    1500    800     1100    1200    900     800     400     1100    600     1100    1200    500     900     400     900     400     300     
	2558   2018 2700    1700    2700    1400    900     2700    2200    400     1400    400     900     800     1800    1700    600     800     2200    1500    600     
	2558   2019 2000    1700    2000    1700    2000    1800    800     600     1700    600     2000    1600    1100    1000    1400    600     500     800     700     
	2558   2020 3000    1800    2000    500     3000    700     1700    300     300     1800    1400    2000    400     400     700     1700    800     900     400     
	2558   2021 -999999 -999999 1500    -999999 1500    1200    1100    -999999 1000    900     1500    500     1200    900     500     1100    500     700     400     
	2558   2022 3300    3300    3100    700     3100    1400    1000    700     400     2900    2100    1000    1400    1300    1300    500     1000    500     700     
	2558   2023 2900    1100    2900    1100    1000    1900    900     800     1100    500     600     1000    1900    300     900     900     700     300     400     
	2558   2024 1300    -999999 1300    -999999 1000    1300    1100    600     -999999 400     500     1000    800     600     700     1100    1000    900     600     
	2558   2025 2200    2200    1900    1200    2100    1600    1100    1200    900     2100    1100    1900    1400    700     1600    1000    500     700     1200    
	2558   2026 -999999 -999999 -999999 1100    -999999 -999999 -999999 1100    600     -999999 -999999 -999999 -999999 -999999 -999999 -999999 -999999 -999999 -999999 
	