EUROPEAN CLIMATE ASSESSMENT & DATASET (ECA&D), file created on: 17-05-2026
THESE DATA CAN BE USED FOR NON-COMMERCIAL RESEARCH AND EDUCATION PROVIDED THAT THE FOLLOWING SOURCE IS ACKNOWLEDGED: 

Klein Tank, A.M.G. and Coauthors, 2002. Daily dataset of 20th-century surface
air temperature and precipitation series for the European Climate Assessment.
Int. J. of Climatol., 22, 1441-1453.
Data and metadata available at http://www.ecad.eu

FILE FORMAT (MISSING VALUE CODE = -999999):

THIS FILE HOLDS DATA FOR STATION NETHERLANDS                              BEMMELENHOEVE VAN PROF.                  (STAID:  20483)
LATITUDE: dd:mm:ss +52:46:59
LONGITUDE: ddd:mm:ss +005:03:00
ELEVATION: m -100

DATA IS FOR INDEX Maximum no of consecutive dry days (RR < 1 mm) (CDD) with unit 0.01 No of days

01-06 SOUID: Source identifier
08-11 YEAR : YYYY
13-20 ANNUAL DATA VALUES
21-28 WINTER HALF YEAR DATA VALUES
29-36 SUMMER HALF YEAR DATA VALUES
37-44 WINTER (DJF) DATA VALUES
45-52 SPRING (MAM) DATA VALUES
53-60 SUMMER (JJA) DATA VALUES
61-68 AUTUMN (SON) DATA VALUES
69-76 JANUARY DATA VALUES
etc. 
157-164 DECEMBER DATA VALUES

20483  1931 -999999 -999999 -999999 -999999 -999999 -999999 1400    -999999 -999999 -999999 -999999 -999999 -999999 -999999 1000    600     800     1400    1200    
	20483  1932 2100    2100    2000    2100    1800    2000    1000    1400    1700    1800    700     600     1900    500     1400    600     300     1000    2100    
	20483  1933 2000    2000    1400    2000    1400    1100    1200    900     900     1200    1100    1400    800     900     1000    1200    600     700     2000    
	20483  1934 3200    1700    3200    1700    1500    1800    1800    700     1700    900     600     1400    1800    1200    800     700     300     1800    700     
	20483  1935 1800    1600    1800    600     1800    1300    700     600     400     1600    600     1200    400     1100    1100    700     300     500     600     
	20483  1936 1900    1900    1500    1000    1900    1200    1000    300     1000    1900    900     900     800     600     1200    600     800     1000    900     
	20483  1937 1800    500     1800    500     1300    1800    1200    500     200     400     800     1300    700     800     1200    800     1200    700     500     
	20483  1938 2000    1400    2000    1400    2000    1200    1400    300     1400    1300    900     1400    1200    800     1000    500     1200    1400    1000    
	20483  1939 2500    1300    2500    1300    1500    2000    900     500     800     400     700     1500    1000    1300    2000    500     400     200     1500    
	20483  1940 1200    1000    1200    900     1200    1100    900     700     900     800     700     1200    1100    500     700     900     900     500     600     
	20483  1941 2400    1200    2400    1200    2400    1300    1500    1100    500     1100    1100    1300    1300    700     400     1500    800     700     500     
	20483  1942 3100    2300    3100    1900    3100    1100    1000    1900    1800    1300    2100    1000    1100    400     600     1000    300     600     500     
	20483  1943 3700    3700    2000    1400    2300    2000    1600    600     1400    2300    1400    1100    1000    1900    600     1600    1000    500     1500    
	20483  1944 2100    2000    2100    2000    1300    2100    900     600     2000    900     1000    800     900     1800    2000    600     900     200     1400    
	20483  1945 1600    900     1200    500     900     1200    1400    500     300     900     800     800     500     1200    500     1100    1100    1400    600     
	20483  1946 1500    1200    1500    900     1500    1500    1400    900     500     1200    1300    1300    400     1300    700     700     1400    300     1300    
	20483  1947 3100    1100    3100    1000    1300    2500    1700    1000    600     400     1000    1300    700     1300    2500    1200    1600    400     1000    
	20483  1948 2100    2100    1500    1500    1300    1500    1000    200     1500    1000    1300    1100    600     1400    600     800     700     1000    1200    
	20483  1949 2000    1400    1900    800     1500    1900    2000    800     800     1400    900     800     1600    1300    1200    1200    800     500     600     
	20483  1950 1600    1400    1600    1400    900     1200    900     1400    400     800     500     900     1200    400     600     300     900     100     1600    
	20483  1951 2400    1600    1600    800     1000    1100    2400    500     600     1000    1000    500     1100    900     400     900     2000    400     1200    
	20483  1952 1800    1000    1800    900     1800    1100    1000    400     900     1000    1100    1800    800     700     1100    1000    700     300     800     
	20483  1953 2000    2000    1500    1100    1500    1000    1900    800     1100    1500    1100    1400    500     600     1000    600     1900    1700    500     
	