EUROPEAN CLIMATE ASSESSMENT & DATASET (ECA&D), file created on: 17-05-2026
THESE DATA CAN BE USED FOR NON-COMMERCIAL RESEARCH AND EDUCATION PROVIDED THAT THE FOLLOWING SOURCE IS ACKNOWLEDGED: 

Klein Tank, A.M.G. and Coauthors, 2002. Daily dataset of 20th-century surface
air temperature and precipitation series for the European Climate Assessment.
Int. J. of Climatol., 22, 1441-1453.
Data and metadata available at http://www.ecad.eu

FILE FORMAT (MISSING VALUE CODE = -999999):

THIS FILE HOLDS DATA FOR STATION NETHERLANDS                              DINTHER                                  (STAID:    586)
LATITUDE: dd:mm:ss +51:39:00
LONGITUDE: ddd:mm:ss +005:28:59
ELEVATION: m   10

DATA IS FOR INDEX Maximum no of consecutive dry days (RR < 1 mm) (CDD) with unit 0.01 No of days

01-06 SOUID: Source identifier
08-11 YEAR : YYYY
13-20 ANNUAL DATA VALUES
21-28 WINTER HALF YEAR DATA VALUES
29-36 SUMMER HALF YEAR DATA VALUES
37-44 WINTER (DJF) DATA VALUES
45-52 SPRING (MAM) DATA VALUES
53-60 SUMMER (JJA) DATA VALUES
61-68 AUTUMN (SON) DATA VALUES
69-76 JANUARY DATA VALUES
etc. 
157-164 DECEMBER DATA VALUES

586    1950 -999999 -999999 -999999 -999999 -999999 -999999 -999999 -999999 -999999 -999999 -999999 -999999 -999999 -999999 -999999 -999999 -999999 -999999 -999999 
	586    1951 2200    -999999 1300    -999999 1000    900     2200    900     500     900     1000    500     900     700     700     700     1900    300     1300    
	586    1952 2400    900     2400    900     2400    1100    800     500     900     800     2200    1200    800     700     1100    800     600     800     400     
	586    1953 2500    1700    1400    1400    1600    900     2400    1400    700     1600    900     1300    700     900     800     800     1600    1700    800     
	586    1954 1800    1800    1200    1800    1500    700     700     1100    700     1500    1100    800     600     700     500     400     700     600     600     
	586    1955 1500    1000    1300    1000    1200    1300    900     900     400     900     1200    700     900     700     1300    800     700     900     500     
	586    1956 2000    1300    2000    1300    2000    600     1300    500     1300    1200    1200    800     600     300     500     1300    1100    900     600     
	586    1957 1400    1100    1400    600     1400    1400    1200    500     300     600     1100    800     700     900     700     300     1200    1100    600     
	586    1958 2900    1400    1200    800     1300    900     2200    600     300     1300    800     400     800     900     700     1000    1000    2200    700     
	586    1959 3700    2800    3700    2800    2500    2500    2700    800     2000    400     900     2500    2500    1700    1700    2000    1800    800     800     
	586    1960 1400    900     1400    900     1400    1300    900     700     900     900     700     1100    1300    400     700     900     400     400     1100    
	586    1961 1500    1500    1300    1100    1500    700     1300    800     1100    1500    1200    1000    700     700     600     1300    800     900     700     
	586    1962 2200    2000    2000    1200    1900    1700    2200    500     1200    1100    1400    500     1700    500     700     700     2200    1300    700     
	586    1963 2200    2200    2100    2200    1000    1200    1800    1600    1300    800     800     900     1200    1100    500     1800    900     500     1300    
	586    1964 2400    2400    1500    1300    1200    1500    1000    1300    1200    1200    500     900     800     900     1200    800     800     900     500     
	586    1965 1600    1600    1200    1000    1400    1200    1400    300     1000    1400    600     700     800     400     700     1100    1200    1400    400     
	586    1966 1600    1100    1600    900     1400    1000    1600    900     600     900     400     1400    1000    400     800     1600    600     400     200     
	586    1967 1200    1100    1200    1100    900     1200    1100    1100    900     700     900     600     900     900     1200    700     500     1100    400     
	586    1968 2200    1200    2000    800     2000    1000    1200    400     800     700     2000    500     600     800     800     700     1000    1200    1500    
	586    1969 2300    1300    1900    1300    1200    900     2300    1300    400     1200    1000    600     700     700     900     1600    2100    300     700     
	586    1970 2400    1300    2400    600     1200    2300    1400    600     400     800     500     1200    2300    500     1500    1400    1200    900     1100    
	586    1971 2100    1100    2100    1100    1900    2100    1700    1100    1000    500     1500    800     800     2000    700     1300    1200    600     900     
	586    1972 2300    1800    1900    1800    1500    1100    2300    900     800     1500    900     700     600     900     1100    800     1900    500     1800    
	586    1973 3700    2300    2400    2300    1800    2400    1700    1900    500     1800    400     400     2400    900     1300    1700    900     700     600     
	586    1974 3400    1100    2300    1000    3400    900     500     500     1000    1100    2300    800     900     700     900     300     300     500     500     
	586    1975 1500    1100    1500    1100    1400    1400    1400    600     1100    300     900     1400    600     600     1400    900     1400    700     1100    
	586    1976 2600    1600    2600    1600    2500    2600    800     500     1600    1100    2300    800     1700    1100    2600    600     800     500     400     
	586    1977 2000    1300    1600    600     1000    1600    2000    400     400     1000    600     1000    900     1600    600     1500    2000    500     900     
	586    1978 1800    1100    1800    1100    1000    1800    1300    1000    1100    300     900     600     700     1000    1800    700     1300    1000    700     
	586    1979 3100    900     2200    700     700     1000    3100    700     500     500     700     400     800     600     500     2200    1500    700     200     
	586    1980 2400    1900    2400    1400    2400    1300    700     1400    1400    1200    1400    1900    1300    500     800     700     400     500     400     
	586    1981 1900    1900    1900    1900    1100    1900    900     600     1900    600     800     400     1900    600     1100    800     200     500     600     
	586    1982 2000    1600    2000    1600    2000    1000    1400    1600    1500    900     2000    900     300     1000    300     1400    800     600     600     
	586    1983 2700    1700    2200    1700    1200    2200    2700    400     1700    1200    800     200     1300    2200    1400    600     700     2300    600     
	586    1984 2200    1400    2200    1100    1500    2000    700     400     1100    1400    1500    800     700     1000    2000    500     700     700     700     
	586    1985 2000    2000    1300    2000    1000    1000    1800    600     2000    800     1000    1000    300     800     400     1300    1800    600     500     
	586    1986 3200    2600    1500    2300    1400    1400    3200    400     2300    1400    600     400     700     1400    1400    1500    1700    900     700     
	586    1987 1500    1500    1300    1500    1200    1300    1000    1500    700     1200    1000    700     300     1300    700     600     600     800     900     
	586    1988 2100    1000    2000    1000    1600    2000    2100    1000    400     200     1100    1600    2000    500     700     600     1100    1000    700     
	586    1989 2100    1300    2100    1300    1900    1500    1200    1000    800     700     500     1900    1500    1200    1300    800     700     1200    800     
	586    1990 1800    1100    1800    800     1600    1800    800     800     600     1100    700     1600    1200    1800    1000    600     800     600     800     
	586    1991 2500    2200    2300    2200    1600    1600    1400    1200    1200    1300    800     1600    600     600     1000    1400    1200    1000    1500    
	586    1992 2200    1300    1700    1300    1100    1300    2200    1200    700     600     900     1100    900     700     600     1700    700     400     1100    
	586    1993 1800    1800    1200    1800    1600    900     1600    500     1500    1600    1200    600     900     700     900     500     1000    1600    400     
	586    1994 1700    1100    1000    1100    900     1000    1700    500     1100    400     900     500     600     1000    500     500     1700    600     600     
	586    1995 2700    1300    2600    400     1800    2600    1200    300     300     500     900     900     1300    1100    2200    1000    1200    1100    1600    
	586    1996 3100    3100    1900    3100    1600    1900    900     2100    1000    1600    1200    1200    1900    1300    500     900     800     400     1400    
	586    1997 2300    1800    2300    1800    1900    2000    2300    1800    500     1200    1900    900     600     800     2000    2300    1100    500     600     
	586    1998 1800    1300    1800    1300    1700    1800    1100    800     1300    1200    400     1700    400     600     1700    1100    400     700     300     
	586    1999 2500    800     2500    600     900     1200    1400    400     400     800     400     900     600     900     1100    1400    1100    400     400     
	586    2000 1400    1300    1400    1300    1400    1400    900     1300    300     500     1000    700     700     900     1400    900     400     400     800     
	586    2001 1900    900     1900    900     1300    1900    1100    900     400     400     300     1300    1300    600     800     200     1100    800     1300    
	586    2002 2400    1100    1300    1100    2400    900     1100    1000    500     1100    1300    800     900     600     800     1100    500     300     1300    
	586    2003 2300    2300    1800    2300    2000    1700    1200    700     2300    2000    1800    700     1100    1200    1600    1100    1100    1200    1000    
	586    2004 1700    1000    1300    1000    1300    1100    1100    200     700     900     1300    1200    700     600     500     900     1100    400     1500    
	586    2005 1800    1100    1500    800     900     1500    1800    500     600     900     500     700     1500    1300    700     1100    1800    700     700     
	586    2006 2700    1300    2700    1000    1400    1500    2700    1000    500     1300    900     1400    1200    1500    300     2700    800     600     900     
	586    2007 3700    1000    3500    1000    3700    800     1000    300     700     700     3000    500     700     400     800     600     1000    500     1500    
	586    2008 1700    1700    1200    1700    1200    1000    900     500     1700    400     600     1200    1000    400     800     900     700     700     1100    
	586    2009 1500    1000    1500    1000    1200    1500    900     800     400     800     900     800     900     600     700     900     700     400     500     
	586    2010 1700    1100    1700    1100    1700    1500    1400    1100    1100    900     1700    800     1100    1000    400     500     1200    1400    600     
	586    2011 2900    1400    1500    700     1500    600     2900    600     700     1200    1500    800     300     400     400     1200    600     2900    300     
	586    2012 2700    2400    1000    800     2700    1000    1100    500     800     2400    500     700     600     700     700     1000    1100    700     400     
	586    2013 2200    1100    2200    700     1900    2200    1300    600     700     1100    800     700     1200    2200    700     1100    500     800     500     
	586    2014 1700    1600    1700    600     1600    1600    1700    500     600     1600    800     500     1600    700     200     1700    400     600     600     
	586    2015 1600    1600    1200    1400    1600    900     1100    300     1400    1600    1200    600     800     300     900     600     800     400     500     
	586    2016 1700    1700    1300    600     1700    1000    1300    500     600     1700    600     1200    1000    600     1000    1300    1200    900     800     
	586    2017 1800    1100    1800    800     1100    1800    1100    800     800     1100    1000    800     1800    400     900     800     1100    600     300     
	586    2018 4300    1500    4300    1400    800     4300    2200    400     1400    500     700     800     1600    2700    600     1300    2200    1200    600     
	586    2019 2100    1000    2100    1000    2100    1900    1000    600     1000    700     2100    900     1400    600     900     1000    500     400     500     
	586    2020 3100    2000    1800    600     3100    1600    1800    600     300     2000    1500    1100    700     800     1200    1800    600     1000    400     
	586    2021 -999999 -999999 -999999 -999999 900     -999999 1000    -999999 700     900     900     500     1200    -999999 600     1000    600     500     1000    
	586    2022 3200    3200    1900    700     2900    1900    1300    700     300     2900    1100    1000    1000    1900    1200    400     1200    800     1000    
	586    2023 3800    1200    3800    1200    1900    1900    1000    400     1200    500     700     1900    1900    400     1200    900     700     300     200     
	586    2024 1100    -999999 1100    -999999 900     800     1100    700     -999999 900     500     600     800     600     700     1100    500     900     700     
	586    2025 2900    2500    2900    1200    2900    1600    1600    1200    900     2400    1100    2300    1400    700     1600    1400    1100    800     1200    
	586    2026 -999999 -999999 -999999 1300    -999999 -999999 -999999 1300    400     -999999 -999999 -999999 -999999 -999999 -999999 -999999 -999999 -999999 -999999 
	