EUROPEAN CLIMATE ASSESSMENT & DATASET (ECA&D), file created on: 17-05-2026
THESE DATA CAN BE USED FOR NON-COMMERCIAL RESEARCH AND EDUCATION PROVIDED THAT THE FOLLOWING SOURCE IS ACKNOWLEDGED: 

Klein Tank, A.M.G. and Coauthors, 2002. Daily dataset of 20th-century surface
air temperature and precipitation series for the European Climate Assessment.
Int. J. of Climatol., 22, 1441-1453.
Data and metadata available at http://www.ecad.eu

FILE FORMAT (MISSING VALUE CODE = -999999):

THIS FILE HOLDS DATA FOR STATION NETHERLANDS                              TIEL                                     (STAID:    556)
LATITUDE: dd:mm:ss +51:55:00
LONGITUDE: ddd:mm:ss +005:25:59
ELEVATION: m    4

DATA IS FOR INDEX Maximum no of consecutive dry days (RR < 1 mm) (CDD) with unit 0.01 No of days

01-06 SOUID: Source identifier
08-11 YEAR : YYYY
13-20 ANNUAL DATA VALUES
21-28 WINTER HALF YEAR DATA VALUES
29-36 SUMMER HALF YEAR DATA VALUES
37-44 WINTER (DJF) DATA VALUES
45-52 SPRING (MAM) DATA VALUES
53-60 SUMMER (JJA) DATA VALUES
61-68 AUTUMN (SON) DATA VALUES
69-76 JANUARY DATA VALUES
etc. 
157-164 DECEMBER DATA VALUES

556    1897 -999999 -999999 -999999 -999999 -999999 -999999 2500    -999999 -999999 -999999 -999999 -999999 -999999 1200    400     1000    1200    1300    1200    
	556    1898 1400    1200    1300    1200    1200    1300    1400    1200    400     500     1200    800     700     800     1300    1100    1100    700     700     
	556    1899 2200    1600    2200    1500    1400    1700    1300    1100    1300    1400    300     1000    1700    700     1300    400     1300    700     1700    
	556    1900 1700    1600    1700    1100    1700    1000    600     400     1000    1400    1700    900     600     1000    700     600     500     600     500     
	556    1901 1900    1000    1900    1000    1900    1100    1500    1000    900     1000    900     1900    1100    1100    1000    1200    800     800     400     
	556    1902 1300    1300    1100    1300    800     800     1100    500     1300    700     600     800     800     700     300     1100    900     1000    1200    
	556    1903 1500    1200    1500    1200    1000    1500    800     1200    700     900     300     1000    1100    800     600     800     500     700     2200    
	556    1904 2800    1300    2100    1300    1500    2100    1600    1300    700     1200    1500    1000    900     2100    500     1600    800     700     1100    
	556    1905 1800    900     1800    900     1200    700     1700    600     700     400     1100    1200    700     700     600     1700    400     1000    1800    
	556    1906 3000    1300    1700    1000    3000    1200    1200    400     700     1300    1700    500     1200    600     600     1100    900     500     900     
	556    1907 1700    1700    1700    1700    1400    1500    1700    1700    1000    900     500     500     200     1500    200     1700    700     1100    1700    
	556    1908 3200    1700    1900    1700    1500    1900    3200    900     1100    1500    700     700     1200    700     600     1500    2100    1100    1200    
	556    1909 2200    2200    1300    2200    1300    900     1200    1500    2200    1100    1100    1300    900     600     600     1100    600     900     900     
	556    1910 2500    1300    1200    900     2500    1000    1800    800     700     1300    1200    900     1000    1000    600     800     1700    500     400     
	556    1911 3400    3400    1500    3400    1500    1500    1200    1900    1500    500     1500    1200    400     1300    1500    1200    500     400     300     
	556    1912 2300    900     2300    900     2300    1900    1300    900     500     300     1900    1100    500     1900    400     1200    1300    600     700     
	556    1913 2100    2100    1700    1900    1200    1700    1200    900     1900    300     900     1000    500     900     1700    800     900     500     600     
	556    1914 1600    1600    1500    1600    1300    1100    1100    1600    1200    400     1300    900     700     700     1100    1000    1100    900     500     
	556    1915 1300    1100    1300    700     1300    1200    1300    700     400     1000    1300    1000    1200    700     700     1000    1300    600     300     
	556    1916 2800    1000    2800    600     1300    2800    1500    300     400     1000    1000    800     800     1500    1300    1200    500     1500    400     
	556    1917 2300    2000    2300    2000    2300    1100    1200    1200    1900    1300    1100    1200    900     1000    400     1100    500     1000    900     
	556    1918 2200    2200    1800    1300    1800    1200    800     800     600     1800    1000    1800    500     700     900     200     700     800     700     
	556    1919 3200    1900    3200    1900    2900    1700    1800    800     1500    900     1000    2900    1500    400     1700    1800    800     400     900     
	556    1920 2800    1200    2100    1200    1200    1900    2800    700     1200    1200    400     400     1900    500     800     900     1600    1400    1600    
	556    1921 3700    1700    3700    1700    2300    3700    2300    500     1300    1400    1600    1500    900     2800    700     1700    800     2300    700     
	556    1922 2100    1500    1400    1100    1500    1200    2100    900     1100    1500    600     1200    1200    500     700     300     2100    1000    800     
	556    1923 1900    1400    1900    500     1900    1900    800     500     500     1400    1100    500     500     1400    1300    600     300     800     400     
	556    1924 1700    1700    1200    800     1700    1200    1500    800     700     1700    1000    300     1000    1000    700     600     900     1500    1200    
	556    1925 1600    1400    1600    1400    1600    1100    1500    1400    400     600     600     1600    1100    600     600     600     1200    1000    700     
	556    1926 1500    1500    1500    1100    1500    1500    800     1100    700     1500    600     400     1300    800     1000    800     600     600     900     
	556    1927 1500    1300    1500    1100    1500    800     1400    700     1100    1300    700     1100    300     300     600     900     1400    600     800     
	556    1928 2100    1900    2100    1300    1300    1900    2000    300     1300    1300    800     900     600     1900    400     2000    500     700     500     
	556    1929 2000    1800    2000    1400    1800    2000    800     1200    1300    1800    1000    700     500     2000    1300    800     700     500     500     
	556    1930 2300    2100    1100    1200    2300    1000    500     1200    1200    1200    1100    500     1000    500     700     500     400     300     600     
	556    1931 2300    2000    2100    600     2300    2100    1200    600     600     2000    400     700     1600    500     700     600     1200    1200    1300    
	556    1932 2100    1800    1900    1400    1800    1900    1000    1400    1200    1800    800     700     1900    500     800     500     300     1000    2100    
	556    1933 2200    1900    2200    1900    2200    1400    1100    1900    800     1200    2200    900     800     800     1400    1100    400     700     1200    
	556    1934 2400    2400    2300    2400    1600    2300    1600    700     2400    800     800     1400    1100    2000    800     1600    400     900     500     
	556    1935 1900    1600    1900    500     1900    1300    500     400     400     1600    600     1300    400     1100    1300    400     500     500     400     
	556    1936 1900    1900    1400    1200    1900    1200    1100    600     1200    1900    800     800     700     300     1200    400     900     1100    900     
	556    1937 1900    600     1900    600     1300    1000    1200    500     400     600     400     1300    600     1000    600     400     1100    600     900     
	556    1938 1700    1400    1600    1400    1400    1400    1700    200     1400    1400    900     1200    1300    1400    800     1600    800     900     1000    
	556    1939 -999999 1100    2500    1100    1500    1700    1900    600     500     400     600     1500    1000    900     1700    900     1000    300     -999999 
	556    1940 -999999 -999999 -999999 -999999 -999999 -999999 1300    -999999 -999999 -999999 -999999 -999999 -999999 300     700     1000    1300    400     700     
	556    1941 3400    1200    3400    1200    1700    3400    1900    1000    400     1200    900     1600    1500    1900    200     1900    800     600     500     
	556    1942 2900    1900    2900    1600    2900    1100    900     1400    1600    1200    2000    900     1100    400     600     800     600     800     600     
	556    1943 3100    3100    1800    1200    1900    1800    1800    500     1200    1900    1000    1300    900     1800    500     1600    1600    700     1300    
	556    1944 -999999 1900    -999999 1900    1300    -999999 -999999 500     1900    1100    900     700     800     700     -999999 -999999 -999999 -999999 -999999 
	556    1945 -999999 -999999 -999999 -999999 -999999 -999999 -999999 -999999 -999999 -999999 -999999 -999999 -999999 -999999 -999999 -999999 -999999 1400    500     
	556    1946 1900    -999999 1900    1500    1900    900     1400    1500    400     1200    1100    1100    600     900     600     700     1400    700     1200    
	556    1947 3000    2300    3000    2300    1100    2500    1300    1700    2300    400     1100    700     900     2000    2500    500     1300    400     300     
	556    1948 -999999 -999999 -999999 -999999 -999999 -999999 900     200     -999999 -999999 900     2100    900     -999999 -999999 900     900     900     1100    
	556    1949 2300    2200    2300    2200    1100    2300    900     1600    800     1000    800     600     1700    1200    2300    600     800     500     600     
	556    1950 1700    1200    1700    1000    900     1300    1100    1000    400     800     800     900     1300    500     500     200     1100    500     1200    
	556    1951 2200    1200    1400    600     1000    900     2200    400     300     1000    1000    500     900     700     700     800     2000    300     700     
	556    1952 1900    1700    1900    1700    1900    1100    1300    500     1700    900     1900    1300    800     1000    1100    1300    600     600     800     
	556    1953 1700    1700    1300    1100    1600    1300    1400    800     700     1600    1200    1000    600     500     1300    700     1400    1100    900     
	556    1954 1800    1800    1300    1800    1700    700     700     1100    700     1700    1200    1300    500     600     700     400     500     600     600     
	556    1955 1700    1700    1300    1200    1200    1300    1000    900     1200    700     1200    500     1300    700     1100    900     700     1000    500     
	556    1956 1500    1300    1300    1300    1500    1000    1300    500     1300    1200    1000    800     1000    400     400     1300    900     900     600     
	556    1957 1400    1200    1100    1200    900     1000    1200    1200    400     600     500     800     700     300     700     300     1200    1100    600     
	556    1958 2500    1300    2200    800     1300    1600    2100    600     300     1300    700     600     1600    700     600     600     1000    2100    400     
	556    1959 2700    2100    2200    2100    1500    1800    2700    600     2000    700     900     1500    1600    1800    1200    2000    1800    800     800     
	556    1960 1300    1000    1300    800     1200    900     1000    800     500     1000    1000    1200    900     400     700     1000    300     400     1100    
	556    1961 1800    1800    1000    1100    1800    800     1200    500     1100    1800    700     900     700     700     800     600     1200    900     700     
	556    1962 2100    1900    1600    1200    1400    1400    2100    500     1200    700     900     500     1400    500     700     500     2100    700     400     
	556    1963 2200    2100    1400    1500    900     1100    1400    1300    1300    800     600     900     600     1100    300     1400    1000    500     1700    
	556    1964 1800    1800    1600    600     1200    1600    1000    600     600     1200    800     700     900     800     1100    800     700     900     500     
	556    1965 2600    2600    1100    1300    1300    1100    1300    300     1300    1300    500     700     800     300     600     1100    1200    1300    300     
	556    1966 1500    1000    1500    1000    900     900     1500    1000    600     400     500     900     900     400     800     1500    800     400     200     
	556    1967 1200    1100    1200    1100    900     1200    1100    1100    800     700     800     300     900     800     1200    600     400     1100    400     
	556    1968 1700    1200    1700    800     1700    1000    1600    400     800     800     1700    500     600     800     700     700     1000    1600    1500    
	556    1969 2000    1200    1900    1200    1200    1200    2000    1200    400     1200    900     600     1100    1200    900     1600    2000    300     600     
	556    1970 2500    1300    2500    600     1200    2300    1300    600     400     800     300     1200    2300    500     800     1300    1200    800     600     
	556    1971 2200    700     2200    700     2000    2100    2200    700     600     500     1500    800     900     2000    400     2200    1200    600     700     
	556    1972 2200    1500    2000    1500    1500    1200    2200    1000    800     1500    900     500     500     1100    1200    800     1800    500     2100    
	556    1973 4000    2300    1900    2300    1800    1900    1100    1900    600     1800    600     400     1700    400     1900    800     800     800     600     
	556    1974 3300    1100    2200    1000    3300    900     300     400     1000    1100    2200    900     500     500     900     300     300     300     400     
	556    1975 1500    1100    1500    1100    1400    1000    1400    600     1100    200     900     1400    900     600     1000    400     1400    700     1100    
	556    1976 2500    1500    2500    1500    2500    2100    900     500     1500    1100    2300    800     1700    1100    1400    400     800     500     300     
	556    1977 2000    800     2000    600     1000    1700    2000    400     300     800     700     1000    500     1600    400     2000    1200    500     600     
	556    1978 1700    1500    1700    1500    1600    1000    1400    900     1500    500     1300    1600    800     1000    1000    500     1400    900     700     
	556    1979 1400    900     1400    700     500     1100    1400    700     600     400     500     500     500     700     500     1400    1100    700     300     
	556    1980 1900    1900    1600    1400    1600    1400    700     1200    1400    1200    900     1600    1400    700     1000    700     600     500     500     
	556    1981 3200    1400    2700    1400    3200    1500    700     600     1400    500     2700    500     500     600     1100    700     300     500     600     
	556    1982 1900    1900    1800    1900    1600    1100    1900    1900    1500    1000    1600    1100    500     1100    800     1800    1300    600     1000    
	556    1983 2300    1900    2300    1900    1300    2300    1800    500     1900    1300    400     300     1000    2300    1100    900     500     1400    700     
	556    1984 2800    1300    2800    1100    1800    2600    700     500     1100    1300    1800    1000    700     1600    2600    200     700     700     500     
	556    1985 1900    1400    1200    1400    900     1200    1900    900     1400    500     800     900     300     1200    400     900     1900    600     500     
	556    1986 3400    3400    1500    3100    1200    1100    2100    300     2800    1100    1200    400     700     800     600     1500    1000    400     300     
	556    1987 1600    1300    1600    1300    1200    1600    1200    1300    700     1200    1000    700     300     1300    600     600     600     900     1000    
	556    1988 2400    900     2400    900     1100    2400    900     900     400     300     1100    900     2400    400     700     600     900     900     500     
	556    1989 2100    1300    2100    1300    1900    1700    1000    1000    600     700     500     1900    1700    1300    1300    800     700     1000    1100    
	556    1990 1800    900     1800    900     1600    1800    900     500     600     900     600     1600    1100    1800    800     600     900     600     800     
	556    1991 2700    1700    2300    1700    1700    1100    1400    1000    700     1200    800     1500    200     500     1000    1400    1300    1100    1600    
	556    1992 2200    1300    1700    1300    1100    1100    2200    1200    600     500     1000    1100    900     500     500     1700    700     300     900     
	556    1993 1900    1800    800     1800    1000    700     1700    400     1500    1000    800     800     700     400     600     600     1100    1600    300     
	556    1994 1700    1100    1700    1100    900     1700    1700    500     1100    800     900     500     500     1700    800     600     1700    500     400     
	556    1995 2700    1200    2700    500     1300    2700    1100    400     500     500     800     800     1300    1100    2300    1100    1100    1100    1600    
	556    1996 2500    2500    1700    2500    1600    1700    900     2200    600     1600    1300    1200    1700    1400    800     900     800     500     1400    
	556    1997 2200    1800    2200    1800    1900    2000    2200    1800    400     1200    1900    1000    600     500     2000    2200    1100    600     700     
	556    1998 1600    1300    1600    1300    1600    1400    1100    800     1300    800     300     1600    200     600     1400    1100    400     700     300     
	556    1999 1200    700     1200    600     1200    1200    1100    300     400     700     800     900     500     900     600     800     1100    600     400     
	556    2000 1900    900     1900    900     1900    1400    700     900     300     500     900     1500    700     800     1400    700     400     300     700     
	556    2001 1200    1100    1200    1100    1200    1100    500     1100    400     400     500     1200    1100    700     800     200     400     500     1200    
	556    2002 1300    1000    1300    1000    1300    1000    1300    500     600     1000    1300    700     500     600     1000    1300    700     900     1300    
	556    2003 2000    2000    1800    1900    2000    1800    1100    900     1900    2000    1800    700     1000    1300    1600    1100    900     800     1000    
	556    2004 2200    1000    2200    1000    2200    1500    900     400     700     600     1900    2200    600     600     900     900     800     300     1500    
	556    2005 1800    800     1400    800     700     1100    1800    600     600     500     600     700     1100    1100    700     800     1800    700     700     
	556    2006 1700    1500    1700    1500    1500    1700    1600    1100    900     1300    900     1500    1300    1700    200     1600    700     600     1000    
	556    2007 3700    1000    3500    1000    3700    900     1300    400     700     700     3000    500     700     400     900     600     1300    700     1800    
	556    2008 1800    1800    1300    1800    1300    800     900     500     1800    400     900     1300    800     400     800     900     700     700     1200    
	556    2009 1500    1200    1500    1000    1200    1500    1400    800     600     1200    900     800     1100    400     700     1400    800     400     600     
	556    2010 2300    1300    2300    1300    1700    2300    1200    1300    1100    700     1700    1400    2100    1000    400     600     1200    900     800     
	556    2011 2800    1300    2800    800     2800    600     2500    700     800     1200    1900    900     300     400     400     1300    600     2500    400     
	556    2012 2400    2200    900     900     2400    900     1000    500     900     2200    600     700     500     700     900     900     1000    600     400     
	556    2013 2200    1400    2100    900     2200    2100    1400    600     900     1400    1000    700     1100    2100    1300    1200    500     800     500     
	556    2014 2300    1600    2300    700     1600    1600    2300    700     400     1600    600     500     1600    1000    300     2300    400     600     400     
	556    2015 1700    1700    1200    1700    1600    800     1400    400     1700    1600    1200    1100    700     400     800     800     1000    400     400     
	556    2016 1500    1300    1500    600     1500    900     1100    600     600     1300    500     1500    900     600     900     1000    1100    900     1000    
	556    2017 1200    1000    1200    800     1200    1200    1100    800     700     1000    1200    900     1200    600     900     800     1100    300     300     
	556    2018 5900    1700    5900    1400    900     5900    1700    400     1400    500     900     800     2200    3100    600     1300    1700    1500    600     
	556    2019 2100    1400    2100    1000    2100    1600    600     600     1000    1400    2100    1600    1100    600     900     600     500     300     500     
	556    2020 4500    1800    2700    700     4500    1000    1700    700     400     1800    2700    2100    800     900     1000    1700    800     900     400     
	556    2021 -999999 -999999 -999999 -999999 1600    -999999 1500    -999999 1000    900     1600    500     1200    -999999 500     1500    600     600     1000    
	556    2022 3200    3200    2000    800     2900    2000    1100    800     400     2900    1400    1000    1000    2000    1500    500     1100    800     900     
	556    2023 2900    1300    2900    1300    1000    1900    900     800     1300    500     600     1000    1900    500     1300    900     700     300     500     
	556    2024 1200    -999999 1200    -999999 900     1100    1200    800     -999999 400     500     900     700     600     900     1200    500     900     700     
	556    2025 2900    2800    2900    1100    2900    1600    1300    1100    1000    2700    1100    2300    1400    800     1600    1000    1300    800     1300    
	556    2026 -999999 -999999 -999999 1300    -999999 -999999 -999999 1300    300     -999999 -999999 -999999 -999999 -999999 -999999 -999999 -999999 -999999 -999999 
	