EUROPEAN CLIMATE ASSESSMENT & DATASET (ECA&D), file created on: 17-05-2026
THESE DATA CAN BE USED FOR NON-COMMERCIAL RESEARCH AND EDUCATION PROVIDED THAT THE FOLLOWING SOURCE IS ACKNOWLEDGED: 

Klein Tank, A.M.G. and Coauthors, 2002. Daily dataset of 20th-century surface
air temperature and precipitation series for the European Climate Assessment.
Int. J. of Climatol., 22, 1441-1453.
Data and metadata available at http://www.ecad.eu

FILE FORMAT (MISSING VALUE CODE = -999999):

THIS FILE HOLDS DATA FOR STATION NETHERLANDS                              DE COCKSDORPS                            (STAID:    502)
LATITUDE: dd:mm:ss +53:10:00
LONGITUDE: ddd:mm:ss +004:52:00
ELEVATION: m    1

DATA IS FOR INDEX Maximum no of consecutive dry days (RR < 1 mm) (CDD) with unit 0.01 No of days

01-06 SOUID: Source identifier
08-11 YEAR : YYYY
13-20 ANNUAL DATA VALUES
21-28 WINTER HALF YEAR DATA VALUES
29-36 SUMMER HALF YEAR DATA VALUES
37-44 WINTER (DJF) DATA VALUES
45-52 SPRING (MAM) DATA VALUES
53-60 SUMMER (JJA) DATA VALUES
61-68 AUTUMN (SON) DATA VALUES
69-76 JANUARY DATA VALUES
etc. 
157-164 DECEMBER DATA VALUES

502    1950 -999999 -999999 -999999 -999999 -999999 -999999 -999999 -999999 -999999 -999999 -999999 -999999 -999999 -999999 -999999 -999999 -999999 -999999 -999999 
	502    1951 2400    -999999 1600    -999999 1100    1000    2400    400     300     900     1100    1100    1000    1000    600     400     1900    400     700     
	502    1952 2200    1000    2200    600     2200    1300    800     400     600     1000    1200    2200    1300    800     600     600     800     300     500     
	502    1953 3000    2000    1600    1500    2000    1600    1600    600     1500    2000    1100    1300    700     700     1400    600     800     1600    1400    
	502    1954 1700    1700    1600    800     1700    800     600     800     600     1700    1600    1400    500     400     800     300     500     600     600     
	502    1955 2900    1500    2900    1100    2000    2900    700     900     1100    800     2000    800     600     2800    1800    700     600     600     600     
	502    1956 1400    1100    1400    700     1400    1000    1400    500     700     1100    900     1200    1000    300     300     1400    800     800     600     
	502    1957 1500    1100    1500    1100    1500    1100    1500    1100    500     800     1200    800     1100    400     700     400     1500    800     1000    
	502    1958 1900    600     1000    600     600     1000    1900    500     200     600     500     600     1000    900     400     500     800     1900    300     
	502    1959 3500    2100    3500    2100    2800    1700    2900    600     2000    700     1300    2800    1700    1400    900     1700    1700    700     400     
	502    1960 1600    1600    1500    400     1600    800     900     300     400     1600    1400    1200    800     400     700     900     200     300     400     
	502    1961 1300    1000    1300    1000    1000    1000    1200    500     1000    900     700     1000    800     700     1000    1200    800     800     800     
	502    1962 2400    1100    2400    1100    1400    1700    2100    500     1100    1000    900     700     1700    900     600     400     2100    700     700     
	502    1963 2000    1900    1500    1500    800     900     1500    1500    1100    800     600     600     600     800     400     1500    1000    500     1500    
	502    1964 2100    2100    900     1700    1800    900     1000    1700    500     1800    800     900     700     900     400     800     700     900     300     
	502    1965 2000    1000    2000    1000    800     2000    1400    500     600     700     400     700     600     600     1800    800     1400    1300    300     
	502    1966 1600    900     1600    900     1400    1000    1500    900     300     600     400     1400    1000    600     800     1500    400     300     100     
	502    1967 1500    1500    1400    1500    1200    1400    600     800     1500    700     800     400     900     1400    1200    500     200     600     500     
	502    1968 1500    1100    1400    800     1400    1000    800     400     800     700     1400    600     1000    700     700     400     800     600     1400    
	502    1969 1800    1400    1400    1400    1100    1400    1800    1100    400     1100    800     700     1200    1200    900     1400    1800    200     600     
	502    1970 3300    1100    3300    600     1600    2800    1300    600     200     700     300     1600    2800    1000    1200    1300    1000    400     1000    
	502    1971 2100    1000    1500    1000    2100    1300    1500    600     700     600     1500    1000    900     1000    1200    1000    1100    400     1700    
	502    1972 3000    2000    2100    1800    1800    1300    3000    1000    1800    1800    700     600     400     1200    1300    1200    1800    300     800     
	502    1973 2300    2300    2300    1500    2300    2300    1500    1400    700     2300    700     600     2300    500     1100    1500    900     400     400     
	502    1974 4100    1300    2800    1000    4100    1500    500     500     1000    1300    2800    700     800     700     1500    500     300     400     500     
	502    1975 1800    1200    1800    1100    900     1800    1800    900     1100    400     900     700     1800    1000    900     500     1800    600     800     
	502    1976 3800    1600    3200    1600    3800    2500    700     500     1600    1200    3000    800     1100    1200    2500    700     700     500     400     
	502    1977 1900    600     1900    500     1800    1500    1200    200     500     500     700     1800    1100    1500    700     1200    1100    200     700     
	502    1978 2300    900     2300    900     1300    2300    1400    400     900     600     1300    1000    800     2200    600     600     1400    900     800     
	502    1979 1200    600     1000    600     600     900     1200    600     600     400     600     500     900     700     700     1000    1200    300     400     
	502    1980 1600    1600    1600    1500    1600    1200    800     1500    1400    1100    1600    1600    500     1100    400     800     400     500     200     
	502    1981 2300    900     2100    900     2300    1700    1000    500     900     500     1800    900     1300    700     1700    1000    300     600     900     
	502    1982 2000    1600    2000    1600    1700    2000    1800    1200    1600    1300    1700    1000    700     1600    400     1800    500     300     400     
	502    1983 2100    1300    2100    1300    800     2100    1700    500     1300    800     500     300     800     2100    1000    900     600     1400    600     
	502    1984 2700    1300    2700    1100    2100    2600    800     400     1100    1300    1900    400     800     1000    2600    300     800     400     500     
	502    1985 2200    2200    1000    2200    1000    1000    1800    300     2200    400     800     1000    600     600     500     900     1800    400     600     
	502    1986 2300    1400    2300    1400    1400    2300    1900    400     1400    1400    1100    800     2000    1200    1100    1300    600     500     500     
	502    1987 1700    1300    1700    1300    1700    1200    800     800     1300    1200    1700    800     800     900     300     500     400     800     600     
	502    1988 1500    700     1400    600     1500    1200    900     500     600     300     1400    900     1100    400     900     600     900     600     600     
	502    1989 2000    1300    2000    1300    1700    2000    1200    1000    600     700     600     1700    1800    2000    1200    1000    400     1200    900     
	502    1990 2700    900     2700    900     1900    2700    900     500     700     900     900     1900    1400    2200    900     600     900     400     1000    
	502    1991 2300    2100    2300    2100    1500    1200    1400    1200    900     1100    900     1500    500     700     900     1400    700     400     1600    
	502    1992 1900    1300    1900    1300    1700    1900    900     1200    700     400     700     1700    1100    1100    800     900     400     600     1300    
	502    1993 2500    1800    2500    1800    2500    1500    1300    500     1500    1000    800     1700    800     800     600     400     1000    700     200     
	502    1994 1600    1100    1100    1100    1000    1100    1600    500     1100    300     900     900     600     1100    500     600     1600    1000    300     
	502    1995 2600    1600    2600    500     1800    2600    2100    300     500     500     900     900     1300    1100    2200    300     2100    1100    1000    
	502    1996 2900    2900    2200    2900    2200    1100    1100    2100    800     1600    2000    500     900     1100    800     1100    1000    300     900     
	502    1997 2300    1800    2300    1800    2100    2300    1700    1800    400     900     2100    1000    700     800     2300    1700    600     500     500     
	502    1998 1400    1300    1400    1300    1400    800     800     800     1300    1100    500     1400    300     600     800     800     200     700     400     
	502    1999 1800    700     1800    600     1400    1300    1200    300     400     700     1000    400     900     900     600     1200    1200    600     200     
	502    2000 2700    800     2700    500     800     2700    600     500     500     800     700     800     700     1500    1200    600     200     300     600     
	502    2001 1500    900     1500    900     1200    1500    700     900     900     400     400     1200    500     1200    300     300     300     700     1200    
	502    2002 2300    1100    1600    1100    2300    1100    1000    1000    500     1000    1300    1000    500     700     1100    1000    500     200     1200    
	502    2003 3000    2300    3000    2100    2300    3000    1100    600     2100    2300    1400    600     1400    1300    2800    1100    900     800     1000    
	502    2004 1400    1000    1400    800     1400    1300    1000    200     600     1000    1100    1400    1300    400     900     1000    800     300     1200    
	502    2005 1300    700     1300    700     800     1300    800     500     700     700     600     800     1300    900     500     800     600     400     500     
	502    2006 2200    1400    2200    1400    1500    1200    2200    1100    1100    1400    900     1500    1200    1100    400     2200    1100    600     900     
	502    2007 2900    1100    2900    900     2900    1400    1200    500     500     1100    2400    500     600     300     1300    600     1200    300     1400    
	502    2008 1600    1500    1600    1500    1600    700     900     300     1500    400     800     1500    700     300     700     900     900     600     1200    
	502    2009 2400    1200    2400    1000    1400    1400    2400    800     600     1200    1400    700     900     400     1400    2400    500     200     300     
	502    2010 2500    700     2500    700     2500    1200    800     500     700     700     2500    1700    1100    1200    400     500     800     600     1500    
	502    2011 3000    3000    2700    800     2900    900     2700    600     800     2900    1900    800     400     700     400     900     600     2100    500     
	502    2012 1600    1400    1100    900     1600    1000    1000    500     900     1400    700     900     700     900     900     1000    500     500     100     
	502    2013 2200    1100    2200    900     1900    2200    1300    900     900     1100    1400    900     1100    2200    700     1100    500     300     400     
	502    2014 2100    1400    2100    500     1400    1000    2000    500     500     1400    500     800     900     1000    500     2000    300     600     400     
	502    2015 1400    1400    1200    1400    1200    800     1300    400     1400    1000    1200    600     600     800     800     600     1000    300     300     
	502    2016 1400    1400    1400    400     1400    1000    1400    200     400     1400    600     1200    900     1000    700     1400    900     900     800     
	502    2017 2200    1400    1800    1400    2200    1200    700     1400    600     1100    1100    1300    1200    600     900     500     700     400     700     
	502    2018 3600    1700    3600    1400    1500    3600    1900    400     1400    500     800     1500    900     2700    600     700     1900    700     800     
	502    2019 2000    1300    2000    1300    1000    2000    600     600     900     700     1000    800     1500    1000    1200    600     400     600     700     
	502    2020 2200    2100    2100    500     2200    1600    1300    500     300     2100    2100    1000    800     1100    1200    1300    700     900     300     
	502    2021 -999999 -999999 1900    -999999 1900    1800    1200    -999999 1000    900     1900    500     1200    1800    500     1200    300     400     1000    
	502    2022 2200    1800    2200    1800    2200    1500    600     1800    400     1400    2100    800     900     1300    1500    500     600     500     400     
	502    2023 2900    1200    2900    1200    1000    1900    1100    600     1200    300     600     1000    1900    900     500     1100    500     300     300     
	502    2024 1300    -999999 1300    -999999 1100    1300    1100    800     -999999 1100    400     1100    900     600     700     900     500     900     600     
	502    2025 3600    1200    3600    1200    3600    1700    700     1100    900     1100    1500    2100    1500    800     1700    500     600     700     1100    
	502    2026 -999999 -999999 -999999 600     -999999 -999999 -999999 500     500     -999999 -999999 -999999 -999999 -999999 -999999 -999999 -999999 -999999 -999999 
	