EUROPEAN CLIMATE ASSESSMENT & DATASET (ECA&D), file created on: 17-05-2026
THESE DATA CAN BE USED FOR NON-COMMERCIAL RESEARCH AND EDUCATION PROVIDED THAT THE FOLLOWING SOURCE IS ACKNOWLEDGED: 

Klein Tank, A.M.G. and Coauthors, 2002. Daily dataset of 20th-century surface
air temperature and precipitation series for the European Climate Assessment.
Int. J. of Climatol., 22, 1441-1453.
Data and metadata available at http://www.ecad.eu

FILE FORMAT (MISSING VALUE CODE = -999999):

THIS FILE HOLDS DATA FOR STATION NETHERLANDS                              OOST VLIELAND                            (STAID:   2493)
LATITUDE: dd:mm:ss +53:18:00
LONGITUDE: ddd:mm:ss +005:04:59
ELEVATION: m    6

DATA IS FOR INDEX Maximum no of consecutive dry days (RR < 1 mm) (CDD) with unit 0.01 No of days

01-06 SOUID: Source identifier
08-11 YEAR : YYYY
13-20 ANNUAL DATA VALUES
21-28 WINTER HALF YEAR DATA VALUES
29-36 SUMMER HALF YEAR DATA VALUES
37-44 WINTER (DJF) DATA VALUES
45-52 SPRING (MAM) DATA VALUES
53-60 SUMMER (JJA) DATA VALUES
61-68 AUTUMN (SON) DATA VALUES
69-76 JANUARY DATA VALUES
etc. 
157-164 DECEMBER DATA VALUES

2493   1875 -999999 -999999 -999999 -999999 -999999 -999999 -999999 -999999 -999999 -999999 -999999 -999999 -999999 -999999 -999999 -999999 -999999 -999999 -999999 
	2493   1876 2200    -999999 2200    -999999 1400    2200    1500    1400    600     1100    700     1200    1500    1900    2100    600     1500    600     600     
	2493   1877 1300    600     1300    600     1300    900     600     600     300     300     1300    1000    900     500     400     600     500     500     300     
	2493   1878 2000    2000    1900    2000    1900    1300    1300    900     1100    400     1200    1000    1300    1300    500     1300    1000    700     600     
	2493   1879 2300    2300    1400    2300    1400    1000    1000    1800    800     1400    1400    800     600     800     400     600     1000    500     1100    
	2493   1880 2900    1800    2900    1800    1800    2300    900     1300    1400    1800    700     1400    800     800     2300    800     200     500     600     
	2493   1881 1800    1100    1800    1000    1600    1400    1600    1000    1000    900     1000    1200    800     1400    700     1600    300     1000    900     
	2493   1882 1900    1900    1500    1900    1500    1100    1000    1900    1300    1300    800     1400    500     500     600     600     1000    800     1000    
	2493   1883 2300    1600    2300    1600    2300    2300    1100    1600    1200    600     2200    1100    2300    500     600     1100    800     400     1100    
	2493   1884 1600    1400    1600    1400    1100    1300    1300    600     900     1100    400     1100    700     500     1300    1300    600     900     1100    
	2493   1885 2700    1400    2700    1300    2100    2700    1100    1300    600     1400    1200    1200    1000    1800    900     400     300     1100    1700    
	2493   1886 2900    2900    1900    2600    1900    1500    1400    400     2600    1400    900     1000    900     700     800     1400    1300    400     500     
	2493   1887 2900    1900    2900    1500    1300    2900    800     1200    1500    1100    1300    600     2600    1300    900     800     400     400     600     
	2493   1888 1600    1600    1300    1600    1300    1000    1400    1500    1600    800     600     1300    900     600     1000    700     1400    1100    1100    
	2493   1889 2800    1800    2800    1800    2100    2800    1300    1700    800     600     2100    600     2000    800     500     600     700     1300    700     
	2493   1890 3200    3200    1800    2900    1200    1200    1800    500     2800    1000    900     900     600     700     900     1800    700     700     2800    
	2493   1891 5100    2700    1300    2300    1100    1300    700     2300    2200    800     1100    600     800     600     400     700     700     500     1000    
	2493   1892 1600    1100    1600    1000    1400    1100    1000    900     800     1100    1100    1200    600     1100    900     900     200     1000    1000    
	2493   1893 3100    1800    3100    1800    2800    2100    600     1800    600     1300    1500    1200    2100    900     1800    600     500     600     600     
	2493   1894 3000    1600    1600    1000    3000    1100    1000    900     1000    1600    1400    800     1000    300     800     900     900     1000    500     
	2493   1895 2500    2500    1300    2500    1200    1100    1400    700     1800    800     1200    1000    900     800     1100    1300    400     800     1400    
	2493   1896 1600    1500    1600    1500    1600    1000    1000    1400    1500    600     1000    1300    600     1000    400     400     300     1000    700     
	2493   1897 2500    1300    1800    1300    900     1700    2500    1300    500     700     700     900     1500    1700    700     900     1200    1300    1500    
	2493   1898 2000    2000    1900    2000    1200    1100    1700    2000    400     800     1200    400     1100    800     1100    1700    1000    700     600     
	2493   1899 3100    3100    2900    1300    1800    2400    1200    700     1300    1800    700     500     2400    1300    1000    200     1200    900     700     
	2493   1900 2000    1100    2000    1100    2000    1300    1300    600     1000    700     1400    600     1200    1300    700     700     300     1300    500     
	2493   1901 2100    1600    2100    1600    2100    1400    1400    1600    500     700     1000    2100    1000    1100    1400    900     800     700     500     
	2493   1902 2500    1700    1400    1700    1300    1400    2500    500     1700    700     1000    1300    1400    700     400     1300    1200    1100    1500    
	2493   1903 1400    1300    1400    1300    1100    1400    900     1300    800     1100    500     1000    1000    600     600     900     800     900     2200    
	2493   1904 2900    2300    2100    900     2100    1900    1000    900     900     1400    2100    1100    700     1900    1100    700     600     800     700     
	2493   1905 2800    1200    2800    1200    2800    1500    1000    1200    700     600     700     2800    1100    1500    600     1000    300     500     800     
	2493   1906 2000    800     2000    800     1800    1500    1000    300     500     600     1700    600     1500    1000    900     1000    600     500     900     
	2493   1907 2300    1200    2300    1100    1700    1300    2300    1000    1100    1200    1200    700     400     1300    600     2300    400     1100    800     
	2493   1908 1500    1400    1500    1300    1400    1500    1200    800     1100    1400    500     1200    1200    1300    1000    900     1100    700     1300    
	2493   1909 1500    1500    1400    1200    1300    1300    1400    1200    1200    600     900     1100    800     400     1300    1400    400     500     600     
	2493   1910 1500    1200    1400    800     1500    1400    1300    800     400     1200    900     900     900     1400    900     1000    1300    400     300     
	2493   1911 2100    2100    1900    2100    1500    1500    500     1200    1500    700     1500    1000    1100    1300    1500    500     500     500     300     
	2493   1912 2000    800     2000    800     2000    1800    1700    800     600     400     1900    900     500     1700    300     1700    1200    300     400     
	2493   1913 1900    1600    1800    1600    1100    1800    1900    1100    1600    500     800     700     700     900     1100    1600    1100    900     700     
	2493   1914 2000    1200    2000    1200    2000    1900    1000    800     1000    200     1700    1100    1100    800     1900    1000    700     400     400     
	2493   1915 1700    700     1700    700     1400    1100    1700    500     700     400     1400    1000    1100    500     700     1700    700     500     400     
	2493   1916 3000    1100    3000    1100    1400    3000    900     1000    300     800     1000    600     300     1600    1400    900     800     500     400     
	2493   1917 1700    1700    1400    1700    1400    1200    1400    1400    700     1000    1000    1200    900     1100    600     1100    300     500     300     
	2493   1918 1800    1800    1600    1000    1700    900     1100    700     700     1700    700     900     800     700     700     200     500     1100    200     
	2493   1919 2200    1000    2200    1000    2200    900     1200    700     1000    900     900     2200    600     400     900     1200    800     500     800     
	2493   1920 4300    1200    1300    1200    1100    1300    4300    600     1200    1000    200     1100    1300    500     800     1300    3000    1400    500     
	2493   1921 3600    1900    1900    1500    1900    1700    3600    300     1500    900     1200    1900    1000    1600    1700    1700    1900    2200    500     
	2493   1922 2100    1400    2100    900     1300    1200    1400    900     900     1100    1100    1300    1200    600     400     900     1400    600     600     
	2493   1923 2200    1300    2200    600     1300    2200    900     600     600     1300    900     900     500     2200    1300    900     200     500     500     
	2493   1924 1700    1400    1200    700     1700    1200    1300    700     700     1400    1100    600     1000    800     800     400     900     1300    1000    
	2493   1925 1500    1300    1500    1300    1400    1400    1000    1300    400     400     700     1400    1400    1000    1000    300     700     700     600     
	2493   1926 1300    1000    1300    800     1000    1300    800     700     800     1000    800     400     1000    1300    1100    800     400     500     1000    
	2493   1927 1400    1400    1400    1400    1400    1000    1000    500     1400    1000    500     1100    1000    600     600     700     1000    400     1200    
	2493   1928 2400    2400    1700    1200    1400    1700    1100    300     1200    1200    1200    800     600     1700    600     1100    700     300     300     
	2493   1929 2700    1300    2700    1300    2600    1600    800     1300    1200    900     1400    2600    600     1600    800     800     600     400     600     
	2493   1930 2000    2000    1400    1200    1400    1000    1000    700     1200    1000    900     1200    1000    500     800     500     1000    300     700     
	2493   1931 1100    1100    1100    600     1100    1100    1000    400     300     1100    500     500     700     500     600     600     500     1000    500     
	2493   1932 2700    2200    2700    2200    1400    2700    1000    1500    1200    1400    400     500     2700    500     800     400     300     1000    1100    
	2493   1933 3000    1200    3000    1000    2100    1200    1200    900     1000    1200    900     2100    900     900     1000    1200    600     1100    1100    
	2493   1934 2500    2500    1800    2500    1400    1500    1200    600     2400    700     600     1400    700     1300    800     800     400     1200    700     
	2493   1935 1800    1500    1800    500     1800    1400    500     500     400     1500    600     1200    400     1300    1400    200     500     500     600     
	2493   1936 1300    1300    1300    800     1300    1200    1200    400     800     1300    700     900     800     500     1200    1200    300     800     700     
	2493   1937 1800    700     1800    600     1600    1400    900     600     200     500     800     1600    600     800     1000    300     900     700     300     
	2493   1938 2300    2300    2200    1300    2300    1200    1300    300     1300    2300    1300    1400    1200    800     900     700     1000    1300    900     
	2493   1939 2600    1500    2600    1500    1600    2000    700     700     800     500     700     1600    1000    700     2000    500     400     700     1500    
	2493   1940 1900    900     1900    900     1900    1900    1000    700     700     700     700     1900    1400    500     700     1000    600     400     300     
	2493   1941 2800    1100    2800    1000    2500    2800    2400    1000    400     1100    1100    1400    1600    1200    300     1600    800     1100    700     
	2493   1942 3700    3100    3700    1700    3700    1800    800     1700    1500    1600    2100    1600    1300    500     600     800     300     600     500     
	2493   1943 3700    3700    1700    1400    2300    1700    1400    700     1400    2300    1100    1100    1200    1600    700     400     1000    500     800     
	2493   1944 2000    1500    2000    1500    1700    2000    800     600     1500    1000    1400    800     1100    1800    1900    500     800     300     400     
	2493   1945 2400    800     1200    500     800     1200    2400    500     300     800     800     700     500     1200    500     1100    2200    1300    300     
	2493   1946 2200    1400    2200    1400    2200    800     1300    1400    400     1000    1700    1500    600     800     400     800     1300    300     600     
	2493   1947 3200    2700    3200    1500    1800    2500    1300    1000    1500    1200    700     1800    900     2000    2500    700     1300    500     500     
	2493   1948 2000    2000    2000    1400    2000    1900    1000    300     1400    1100    2000    1100    900     1900    600     700     700     1000    700     
	2493   1949 1500    1100    1500    1000    1200    1500    1100    600     1000    1100    800     600     1200    900     1200    1000    500     400     600     
	2493   1950 1600    1300    1600    1300    1200    1200    900     1300    400     800     1200    1000    1200    400     600     200     900     200     1500    
	2493   1951 5200    1700    3100    1600    1800    1300    5100    500     700     1300    1400    1800    1000    1300    500     3000    2100    400     3100    
	2493   1952 1600    1000    1600    800     1200    1600    800     700     400     1000    1200    800     800     1600    600     700     800     700     700     
	2493   1953 9200    8600    2700    5900    2700    2700    1600    3100    2800    2700    1100    1400    1600    1100    1200    700     1500    1600    1400    
	2493   1954 2700    1700    2700    1500    2700    1300    600     1500    600     1700    2600    1400    1300    300     800     300     600     400     300     
	2493   1955 3500    3500    2900    2900    2000    2900    1000    1100    2800    700     2000    800     900     2800    1100    1000    800     700     500     
	2493   1956 1400    1000    1400    800     1400    800     900     500     800     1000    1000    800     800     700     400     900     700     800     600     
	2493   1957 1500    1100    1500    1100    1500    1300    1500    1100    300     800     1200    800     1300    400     800     500     1500    800     900     
	2493   1958 1600    1600    1000    600     1600    1000    1400    500     200     1600    500     600     1000    900     400     700     900     1400    400     
	2493   1959 4900    1500    3500    1500    2800    1700    4700    500     1400    800     1300    2800    1700    1400    1400    3000    1700    700     800     
	2493   1960 1500    1500    1400    600     1500    700     1000    300     600     1500    800     1200    600     400     700     1000    200     300     400     
	2493   1961 1400    1000    1000    1000    1000    800     1400    600     1000    900     700     1000    800     600     700     600     700     1400    900     
	2493   1962 2100    1300    1600    1100    1400    900     2100    500     1100    800     900     700     900     800     600     400     2100    900     700     
	2493   1963 1900    1900    1500    1100    800     1000    1500    1100    1100    800     600     600     600     700     300     1500    1000    500     800     
	2493   1964 2100    2100    1200    2100    1800    800     1000    2100    500     1800    800     1200    700     800     700     600     600     900     200     
	2493   1965 1700    1700    1600    1700    900     1600    1200    500     1200    700     400     900     600     600     1600    1000    1200    600     300     
	2493   1966 1600    900     1600    900     1400    1000    1500    900     400     600     800     1400    1000    300     800     1500    500     300     200     
	2493   1967 1400    900     1400    900     1200    1400    1000    700     900     700     800     400     1200    1400    1200    800     300     1000    400     
	2493   1968 1800    1300    1500    1300    1500    1000    800     300     1300    900     1500    500     1000    800     700     400     800     600     1400    
	2493   1969 1800    1300    1800    1100    1100    1300    1800    1100    400     1100    800     700     1300    1300    800     1500    1800    200     700     
	2493   1970 2400    1200    2400    800     1600    2300    1400    800     300     800     400     1600    2300    500     800     1400    1100    700     1000    
	2493   1971 2100    900     1500    900     2100    1200    1500    600     900     600     1500    1000    700     1100    400     1200    1100    400     900     
	2493   1972 2400    1800    1400    1200    1800    1200    2400    1000    900     1800    400     500     700     1200    600     800     1800    300     1500    
	2493   1973 2400    1300    2400    1300    1300    2400    1400    800     700     1300    700     600     2400    500     1100    1400    800     700     800     
	2493   1974 4000    1300    2700    1000    4000    1000    500     500     1000    1300    2700    700     800     700     1000    500     300     400     300     
	2493   1975 2100    1200    2100    1100    900     2100    1500    900     1100    500     900     800     1900    1000    1400    800     1500    700     500     
	2493   1976 3200    1600    3200    1600    3200    2500    900     500     1600    1000    3000    800     1100    1200    2500    900     700     400     400     
	2493   1977 1900    700     1900    500     1800    1500    1200    500     500     700     500     1800    1100    1500    700     1200    1200    300     600     
	2493   1978 2200    900     2200    900     1200    2200    900     400     900     600     900     1200    500     2200    800     600     500     900     400     
	2493   1979 1100    600     1000    600     600     1000    1100    600     600     400     600     400     900     800     1000    1000    1100    400     400     
	2493   1980 2100    1600    2100    1500    2100    1300    1100    1500    1400    1100    1700    2100    600     1100    500     1100    400     500     300     
	2493   1981 2600    800     2400    800     2600    2400    1000    500     800     500     2100    700     1100    1300    1700    1000    200     400     400     
	2493   1982 2400    1600    2400    1600    2400    2300    1700    1200    1600    1200    1600    2400    500     1600    700     1700    600     500     600     
	2493   1983 2100    1600    2100    1600    1200    2100    1600    600     1600    1200    400     700     800     2100    1100    900     400     1300    500     
	2493   1984 2800    1300    2800    800     2100    2600    700     400     800     1300    1900    600     800     1000    2600    500     700     700     500     
	2493   1985 2200    2200    900     2200    900     600     1700    300     2200    400     800     900     300     600     300     900     1700    700     300     
	2493   1986 1900    1700    1300    1700    1300    1200    1900    400     1700    1300    1300    500     1200    1000    1100    1300    600     400     500     
	2493   1987 1900    1300    1900    1300    1700    1900    900     800     1300    1200    1700    900     800     1400    500     500     400     900     700     
	2493   1988 1900    700     1900    500     1900    1200    900     500     500     200     1400    1900    1200    300     800     600     900     600     600     
	2493   1989 1900    1300    1900    1300    1800    1900    1300    1000    600     700     600     1800    1900    1000    1400    1000    400     1300    800     
	2493   1990 2700    900     2700    700     1600    2700    900     600     700     900     800     1600    1100    2200    900     600     900     400     900     
	2493   1991 2200    2000    2200    2000    1500    1200    1300    1100    900     1100    800     1500    500     700     900     1300    700     400     1600    
	2493   1992 1800    1300    1800    1300    1700    1800    900     1200    700     400     1100    1700    1100    1000    800     900     800     600     1300    
	2493   1993 1800    1800    1600    1800    1600    1200    1800    500     1500    1500    800     800     800     700     600     900     1000    800     500     
	2493   1994 1600    900     1100    900     1000    1000    1600    600     900     200     600     900     700     1000    500     600     1600    1000    300     
	2493   1995 2500    1500    2500    500     1700    2500    1400    400     500     500     1100    600     1300    1100    2300    400     1400    1100    1100    
	2493   1996 3000    3000    1700    3000    1800    1400    1100    2100    900     1800    1700    500     800     1400    800     1100    500     300     900     
	2493   1997 2300    1800    2300    1800    2200    2300    1500    1800    300     700     2200    1000    700     800     2300    1500    700     500     400     
	2493   1998 1400    1300    1400    1300    1400    1000    900     900     1300    1100    500     1400    300     1000    900     900     200     700     400     
	2493   1999 2000    700     2000    600     1300    1500    1400    300     400     700     900     400     900     1500    600     1400    1100    700     200     
	2493   2000 1400    1400    1100    1400    800     1100    600     1400    400     500     700     800     700     1100    600     600     300     300     800     
	2493   2001 2500    1100    2500    1100    1000    2500    700     1000    1100    500     500     1000    1400    1100    600     200     400     700     1300    
	2493   2002 2300    1100    1300    1100    2300    1000    600     1000    500     1000    1300    700     600     700     1000    500     500     300     1200    
	2493   2003 2900    2300    2900    2200    2300    2900    1100    900     2200    2300    1400    700     900     700     2800    1100    1000    800     1000    
	2493   2004 1500    1500    1500    1100    1400    1500    1100    300     1100    1100    800     1400    1300    600     900     1100    1000    500     1200    
	2493   2005 1300    700     1300    700     800     1300    800     500     700     300     600     500     1300    900     500     800     500     300     500     
	2493   2006 2200    1500    2200    1500    1400    1200    2200    1500    900     1400    900     1100    1200    1100    300     2200    1100    400     900     
	2493   2007 4600    1100    3500    1100    4600    1500    1200    600     500     1100    3000    500     600     800     1300    500     1200    500     1100    
	2493   2008 1700    1500    1700    1500    1700    700     900     400     1500    300     800     1600    700     300     600     900     800     600     1200    
	2493   2009 1600    1100    1600    1000    1500    1600    1400    800     600     1100    1500    500     1000    600     900     1400    600     200     400     
	2493   2010 2500    900     2500    600     2500    1200    800     600     400     900     2500    1600    1100    1200    400     300     800     700     800     
	2493   2011 2700    2200    2700    700     2700    900     2700    700     700     2200    1900    800     400     700     400     900     600     2100    500     
	2493   2012 1500    1300    1100    900     1500    800     1000    900     900     1300    700     1100    500     800     800     1000    500     500     200     
	2493   2013 2200    1100    2200    800     1200    2200    1300    500     800     700     1000    1000    1100    2200    700     1100    500     300     400     
	2493   2014 1700    1000    1700    500     1000    1100    1500    500     300     1000    300     600     800     1100    400     1500    300     600     400     
	2493   2015 1400    1400    1200    1400    1200    800     1100    400     1400    1000    1200    900     800     400     800     600     700     400     400     
	2493   2016 1800    1800    1500    600     1800    1500    1400    200     600     1800    500     1100    1100    1500    700     1400    900     800     700     
	2493   2017 1800    1400    1800    1400    1400    1200    700     700     1400    900     1100    1300    1200    400     900     500     700     300     700     
	2493   2018 3600    700     3600    600     2600    3600    1800    400     600     500     900     2600    1100    2700    800     500     1800    700     400     
	2493   2019 1900    1900    1600    1800    1000    1600    1000    400     1800    700     1000    800     1000    1100    1200    1000    300     700     700     
	2493   2020 2100    1100    2100    400     2100    1800    1300    300     400     1100    2100    1900    800     900     1400    1300    300     800     300     
	2493   2021 -999999 -999999 -999999 -999999 1400    -999999 1400    -999999 1000    900     1400    500     1200    -999999 500     1400    400     700     900     
	2493   2022 2600    1400    2600    800     2600    1500    700     800     300     1400    2100    600     900     1300    1500    500     700     500     600     
	2493   2023 2900    1100    2900    1100    1000    1900    1100    500     1100    300     400     1000    1900    400     1100    1100    500     200     300     
	2493   2024 1400    -999999 1400    -999999 1100    1400    1100    600     -999999 1100    400     1100    1400    600     700     800     400     800     500     
	2493   2025 3600    1200    3600    1200    3600    2200    900     1100    900     1100    1500    2100    900     800     2200    700     300     700     1100    
	2493   2026 -999999 -999999 -999999 500     -999999 -999999 -999999 500     500     -999999 -999999 -999999 -999999 -999999 -999999 -999999 -999999 -999999 -999999 
	