EUROPEAN CLIMATE ASSESSMENT & DATASET (ECA&D), file created on: 17-05-2026
THESE DATA CAN BE USED FOR NON-COMMERCIAL RESEARCH AND EDUCATION PROVIDED THAT THE FOLLOWING SOURCE IS ACKNOWLEDGED: 

Klein Tank, A.M.G. and Coauthors, 2002. Daily dataset of 20th-century surface
air temperature and precipitation series for the European Climate Assessment.
Int. J. of Climatol., 22, 1441-1453.
Data and metadata available at http://www.ecad.eu

FILE FORMAT (MISSING VALUE CODE = -999999):

THIS FILE HOLDS DATA FOR STATION NETHERLANDS                              OSSENISSE                                (STAID:  20580)
LATITUDE: dd:mm:ss +51:23:22
LONGITUDE: ddd:mm:ss +003:58:50
ELEVATION: m    0

DATA IS FOR INDEX Maximum no of consecutive dry days (RR < 1 mm) (CDD) with unit 0.01 No of days

01-06 SOUID: Source identifier
08-11 YEAR : YYYY
13-20 ANNUAL DATA VALUES
21-28 WINTER HALF YEAR DATA VALUES
29-36 SUMMER HALF YEAR DATA VALUES
37-44 WINTER (DJF) DATA VALUES
45-52 SPRING (MAM) DATA VALUES
53-60 SUMMER (JJA) DATA VALUES
61-68 AUTUMN (SON) DATA VALUES
69-76 JANUARY DATA VALUES
etc. 
157-164 DECEMBER DATA VALUES

20580  1904 -999999 -999999 -999999 -999999 -999999 -999999 -999999 -999999 -999999 -999999 -999999 -999999 -999999 -999999 -999999 -999999 -999999 1100    1500    
	20580  1905 1900    -999999 1000    1400    1000    1000    700     1100    700     600     600     1000    600     800     500     700     600     400     1900    
	20580  1906 2100    900     1700    900     2100    1200    1000    300     400     600     1700    500     1200    1100    700     1000    1000    500     800     
	20580  1907 2300    1600    2300    1600    1700    1100    2300    1600    1100    1200    500     800     400     1100    600     2300    600     1100    1200    
	20580  1908 1900    1700    1700    1700    1300    1700    1900    700     1000    1100    1300    400     800     1300    500     1000    900     1000    1700    
	20580  1909 2300    2300    1300    1200    1200    1300    1100    900     1200    1100    1000    1200    500     600     1300    900     600     900     800     
	20580  1910 1600    1300    1100    900     1600    1000    1400    900     400     1300    400     1100    1000    700     600     700     1400    700     500     
	20580  1911 3200    3000    3200    3000    1600    3200    1200    1900    1100    600     1600    1500    1000    2800    1100    1200    700     400     400     
	20580  1912 1700    700     1700    700     1400    1000    1700    700     500     700     1200    700     300     1000    300     1700    1200    600     700     
	20580  1913 2400    2400    1900    2400    900     1400    900     800     2400    400     500     900     600     800     1100    800     900     600     1300    
	20580  1914 1800    1500    1800    1500    1300    1800    1000    1500    1000    500     1300    800     700     500     1800    1000    600     600     400     
	20580  1915 2000    1000    2000    700     1300    1400    1800    700     400     1000    700     1300    1400    700     700     1800    1300    500     200     
	20580  1916 2600    800     2600    600     900     2600    1200    400     300     500     800     600     700     1300    1300    1000    700     900     600     
	20580  1917 2900    2900    1800    2900    1800    1000    1200    1300    1600    500     1100    800     700     600     1000    1100    200     1000    1400    
	20580  1918 2200    2200    1500    1200    1800    1200    800     700     600     1800    700     900     800     700     900     300     800     600     400     
	20580  1919 2200    900     2200    900     2000    1700    1300    700     900     600     1000    2000    1500    600     1700    1300    1000    600     300     
	20580  1920 2200    1200    1300    1000    1200    1100    2200    700     1000    1200    300     500     600     400     1100    1300    900     1300    1300    
	20580  1921 2900    1400    2000    1200    1600    2000    2200    500     1200    900     1200    1600    900     2000    600     1200    1500    2200    700     
	20580  1922 2200    1300    1300    1000    1300    800     2200    400     1000    900     500     1300    800     300     400     600     2200    800     500     
	20580  1923 1900    1000    1900    1000    900     1900    900     1000    800     700     800     700     500     1400    1400    900     300     600     400     
	20580  1924 1700    1600    1100    700     1600    1100    1700    700     700     1600    700     400     1000    1100    500     400     1000    1700    1000    
	20580  1925 1500    700     1500    700     900     1100    1500    700     400     500     900     700     1100    800     900     400     1200    1000    900     
	20580  1926 1600    1600    1500    800     1600    1500    900     600     800     1600    700     800     1200    1200    600     900     600     400     900     
	20580  1927 1900    900     1600    900     1600    600     1900    400     800     500     800     1100    500     400     600     400     1900    600     900     
	20580  1928 3000    3000    1500    1300    1700    1100    1300    200     1300    1700    600     900     800     1100    800     1300    600     700     400     
	20580  1929 2600    2600    2000    1500    2100    2000    700     1400    800     2100    1200    1600    500     2000    900     700     700     600     400     
	20580  1930 2100    2100    2100    1200    1400    2100    800     800     1200    1200    800     600     2100    500     900     500     800     400     1200    
	20580  1931 2600    2100    2600    800     2600    1500    1200    500     500     2100    900     2600    1100    500     600     700     1200    800     900     
	20580  1932 2200    2200    1600    2200    1600    1600    900     1500    1400    1600    800     400     1600    600     700     600     300     900     1100    
	20580  1933 3500    1100    2400    1100    3500    1500    1100    1000    800     1100    2400    1000    800     700     1300    1100    800     700     2600    
	20580  1934 2600    2600    1700    2600    1600    1500    1200    800     2500    900     700     1600    1300    1200    800     600     400     1200    500     
	20580  1935 2300    2100    2300    600     2100    2300    900     600     600     2100    600     1300    400     1900    1100    900     800     500     600     
	20580  1936 1600    1600    1600    900     1600    1200    1100    600     900     1600    700     1100    700     400     1200    600     400     1100    900     
	20580  1937 1800    900     1800    600     1000    1800    1200    600     300     400     600     900     900     600     1200    700     1000    1100    500     
	20580  1938 2200    2200    1800    1300    2200    1800    1000    500     1300    2200    1200    1500    1800    1000    900     700     700     1000    900     
	20580  1939 2500    1300    2500    1300    1500    1000    800     600     700     300     600     1500    1000    400     900     800     300     200     1700    
	20580  1940 1900    1300    1900    700     1900    1100    1200    600     400     1100    500     1900    1100    400     800     700     1200    700     600     
	20580  1941 3100    1400    3100    1200    1600    3100    1500    1100    800     1400    1100    700     2100    1000    200     1500    800     500     800     
	20580  1942 -999999 2100    3000    1800    3000    1300    1200    1000    1800    1200    2100    900     1300    400     700     1200    500     1000    -999999 
	20580  1943 -999999 -999999 -999999 -999999 -999999 -999999 -999999 -999999 -999999 -999999 -999999 -999999 -999999 -999999 -999999 -999999 -999999 -999999 -999999 
	20580  1944 -999999 -999999 -999999 -999999 -999999 -999999 -999999 -999999 -999999 -999999 -999999 -999999 -999999 -999999 -999999 -999999 -999999 -999999 -999999 
	20580  1945 -999999 -999999 -999999 -999999 -999999 -999999 -999999 -999999 -999999 -999999 -999999 -999999 -999999 -999999 -999999 -999999 -999999 -999999 -999999 
	20580  1946 -999999 -999999 -999999 -999999 -999999 -999999 -999999 -999999 -999999 -999999 -999999 -999999 -999999 -999999 -999999 -999999 -999999 -999999 -999999 
	20580  1947 -999999 -999999 -999999 -999999 -999999 -999999 -999999 -999999 -999999 -999999 -999999 -999999 -999999 -999999 -999999 -999999 -999999 -999999 -999999 
	20580  1948 -999999 -999999 -999999 -999999 -999999 -999999 -999999 -999999 -999999 -999999 -999999 -999999 -999999 -999999 -999999 -999999 -999999 -999999 -999999 
	20580  1949 -999999 -999999 -999999 -999999 -999999 -999999 -999999 -999999 -999999 -999999 -999999 -999999 -999999 -999999 -999999 -999999 -999999 -999999 -999999 
	20580  1950 -999999 -999999 -999999 -999999 -999999 -999999 -999999 -999999 -999999 -999999 -999999 -999999 -999999 -999999 -999999 -999999 -999999 -999999 -999999 
	20580  1951 2400    -999999 1300    -999999 1300    1000    2400    500     600     900     1300    400     900     700     600     900     1900    300     700     
	20580  1952 2000    1100    2000    1100    2000    1100    800     500     1100    700     1500    2000    800     1100    1100    800     600     600     800     
	20580  1953 5100    5100    1300    2400    2700    1200    2000    1300    2400    2700    1300    1100    1100    800     1200    900     2000    1100    500     
	20580  1954 1600    1600    1500    1600    1500    700     900     1000    600     1000    1500    1400    500     700     500     400     700     600     700     
	20580  1955 1900    1600    1900    1200    1900    1100    800     700     1200    1000    1900    700     800     1000    1100    800     800     600     700     
	20580  1956 2000    1700    2000    1000    2000    700     1500    600     1000    1700    1200    1600    400     700     400     1500    900     1000    1100    
	20580  1957 1500    1200    1500    1200    1400    1500    1000    1200    400     600     1000    800     700     900     400     300     700     1000    600     
	20580  1958 1700    1400    1400    600     1400    1400    1700    500     200     1400    500     600     1400    800     500     1100    1000    1700    700     
	20580  1959 4000    2100    4000    2100    2300    2000    2000    600     2000    300     800     2300    1700    1800    2000    2000    1100    800     900     
	20580  1960 1700    1400    1700    1300    1700    1400    800     800     1200    1400    1700    1100    1400    400     800     800     300     300     600     
	20580  1961 1900    1900    1200    1200    1800    900     1200    900     1200    1800    500     700     700     900     800     1200    900     900     1600    
	20580  1962 2100    1500    1900    1300    1700    1700    2100    600     1300    1000    1200    500     1700    900     500     1200    2100    700     700     
	20580  1963 2600    1900    2000    1100    800     1200    1300    1100    1100    800     600     800     1200    1000    400     1300    900     800     1800    
	20580  1964 1800    1800    1600    1400    1500    1500    900     1400    700     1200    800     1500    800     1000    1200    900     800     900     600     
	20580  1965 1400    1400    1300    700     1300    1100    1400    300     700     1300    600     1300    800     300     700     600     1400    700     300     
	20580  1966 1600    1200    1600    1200    900     1300    1500    1200    500     700     600     900     1000    400     1300    1500    700     400     200     
	20580  1967 1800    1000    1800    1000    1000    1800    1100    900     1000    1000    800     200     1800    700     1200    900     900     1100    400     
	20580  1968 1700    1300    1700    800     1700    900     1400    500     800     700     1700    600     600     700     900     600     1100    1400    1500    
	20580  1969 2100    1100    1600    900     1100    1200    2100    900     600     1100    900     400     1100    1200    900     1500    1900    300     600     
	20580  1970 2500    1300    2500    600     1200    2300    1400    400     300     500     300     1200    2300    500     800     1400    1200    500     900     
	20580  1971 2700    1400    2300    1400    2700    2300    2100    1400    800     500     2200    800     800     2100    700     2100    1100    400     900     
	20580  1972 3000    1500    1900    800     1500    1200    3000    500     800     1500    700     400     700     900     1200    1200    1800    500     2100    
	20580  1973 2900    1800    1900    1300    1800    1900    1500    800     600     1800    600     400     1700    500     1900    1500    900     900     500     
	20580  1974 2100    1100    1300    700     2100    900     800     400     600     1100    1300    800     700     700     700     800     400     400     600     
	20580  1975 1900    1100    1400    1000    1400    1000    1900    600     1000    300     900     1400    1000    600     800     500     1900    700     1100    
	20580  1976 2400    1300    2400    1300    1800    2400    700     600     1100    700     1600    800     1500    1100    2400    500     700     400     400     
	20580  1977 2100    700     2100    600     1000    800     2100    400     600     500     700     1000    500     800     600     2100    1200    500     900     
	20580  1978 2000    1100    2000    1100    1700    1200    1500    1100    700     500     900     1700    700     800     1200    1200    1500    900     700     
	20580  1979 1400    700     1400    700     1300    1200    1400    600     700     400     1300    400     700     700     500     1400    1100    400     400     
	20580  1980 1300    1200    1300    1200    1300    800     1200    1200    800     1200    1000    1300    800     800     700     1000    500     900     500     
	20580  1981 2200    1500    2100    1500    2200    1100    900     400     1500    400     2100    400     1100    700     1100    700     400     900     600     
	20580  1982 1700    1200    1700    1200    1600    1200    1700    1200    900     700     1600    1000    900     1200    400     1700    600     600     900     
	20580  1983 1800    1600    1600    1600    1300    1600    1800    500     1600    1300    500     400     900     1600    1100    600     600     1400    700     
	20580  1984 2100    1300    2100    1100    2100    2100    700     500     1100    1300    1900    400     700     800     2100    300     700     700     600     
	20580  1985 2000    2000    1600    2000    1200    1600    1900    500     2000    900     1200    1100    500     1300    400     900     1900    500     400     
	20580  1986 2500    2500    1500    2500    1100    1100    2100    400     2500    1100    600     500     1100    700     600     1500    1000    600     700     
	20580  1987 1600    1500    1600    1500    1300    1600    900     1500    700     1300    700     700     300     1300    700     900     600     900     900     
	20580  1988 3100    800     3100    600     1900    3000    800     500     600     100     1800    700     3000    300     900     800     700     700     700     
	20580  1989 1900    1700    1900    1700    1900    1400    1200    1400    700     800     500     1900    1300    1400    800     900     500     1200    800     
	20580  1990 1700    900     1700    700     1600    1700    900     500     600     900     900     1600    1000    1700    1000    600     900     500     500     
	20580  1991 2400    2100    2200    2100    1500    1100    1300    1200    900     1100    800     1500    200     500     1000    1300    700     900     1500    
	20580  1992 1300    900     1300    900     1300    1300    1300    900     600     500     900     1300    1200    700     600     800     500     400     1100    
	20580  1993 2400    2400    1600    900     2400    1600    1500    500     900     2400    800     600     1200    500     500     300     1000    1500    300     
	20580  1994 2500    1300    2500    1300    900     2500    1600    500     1300    400     900     600     2200    1000    800     600     1600    800     400     
	20580  1995 3800    1200    3800    500     1200    3800    1200    300     500     500     800     1100    1300    1500    2300    400     1200    1200    1600    
	20580  1996 2100    2100    1200    2100    1600    1200    900     2000    600     1600    1200    1000    1000    1200    700     900     400     300     1400    
	20580  1997 2200    1800    1900    1800    1900    1900    2200    1700    300     1200    1900    1100    500     1000    1900    1700    900     600     700     
	20580  1998 1700    1400    1700    1300    1700    1600    600     1200    1300    1400    200     1700    600     1000    1600    600     300     600     300     
	20580  1999 1800    900     1800    700     1000    1100    1200    300     400     900     500     1000    900     900     600     1200    1000    300     200     
	20580  2000 1600    1400    1600    1400    900     1600    900     1400    300     500     600     600     1600    700     1500    900     300     300     800     
	20580  2001 1400    800     1300    800     1300    1000    1400    800     800     500     400     1300    800     900     800     300     1400    700     1200    
	20580  2002 2400    1500    1400    1500    2400    700     900     1400    600     1000    1400    600     500     700     700     900     400     600     900     
	20580  2003 2900    2100    2900    2100    2000    2900    1300    900     2100    2000    1800    600     700     1300    2700    1000    1300    800     1000    
	20580  2004 1700    1000    1300    1000    1200    1100    1200    200     700     800     1000    1200    700     600     500     1200    600     400     1500    
	20580  2005 1700    1000    1700    800     1200    1700    1600    600     600     1000    600     1200    1200    1700    600     800     1600    600     700     
	20580  2006 1700    1700    1500    1700    1400    1400    1500    1100    600     1300    700     1400    1100    900     400     1500    700     600     900     
	20580  2007 3700    800     3500    800     3700    1000    1000    400     600     800     3000    500     500     500     1000    600     1000    400     1400    
	20580  2008 1800    1800    1300    1800    1300    1100    1000    500     1800    300     900     1300    1100    500     900     1000    700     700     1100    
	20580  2009 2100    1000    2100    900     1000    2100    1100    800     400     1000    900     900     1600    700     800     900     700     400     600     
	20580  2010 2100    1300    2100    1100    2100    1300    1200    1100    600     1300    2100    900     1100    1200    400     600     1200    900     600     
	20580  2011 1800    1800    1500    1000    1700    600     1800    600     400     1700    1500    800     300     500     400     1200    600     1800    500     
	20580  2012 1600    1400    1500    900     1600    800     900     900     800     1400    500     1500    500     600     800     900     900     600     400     
	20580  2013 2100    900     2100    900     1600    2100    1300    500     900     800     900     600     1100    2100    700     1100    500     800     1200    
	20580  2014 1700    1700    1700    500     1700    1600    1700    400     400     1700    1300    600     1600    500     300     1700    400     1000    400     
	20580  2015 2000    2000    1300    1400    2000    1200    1000    400     1400    2000    1300    400     1100    400     900     700     800     300     700     
	20580  2016 1700    1700    1500    500     1700    1500    1500    500     400     1700    700     1000    1000    1500    800     1400    1100    700     900     
	20580  2017 2100    1300    2100    1300    1300    2100    800     1300    1000    1000    1300    1200    2100    500     900     700     800     500     400     
	20580  2018 4600    1500    4600    1400    2000    4600    1400    400     1400    400     1300    2000    2300    2300    600     700     1400    1200    600     
	20580  2019 2000    1700    2000    1700    2000    1600    1000    400     1700    1400    2000    800     1100    700     900     1000    500     400     500     
	20580  2020 3200    1100    3200    700     2800    800     2000    700     300     1100    1700    2800    600     800     700     2000    600     600     700     
	20580  2021 -999999 -999999 2000    -999999 1500    1300    1500    -999999 1000    900     1500    700     1200    1300    1000    1500    600     700     1100    
	20580  2022 3600    3300    3600    700     3600    1900    800     700     400     2900    2100    1500    900     1900    1300    400     800     800     500     
	20580  2023 3500    1700    3500    1700    1600    1900    900     600     1700    300     900     1600    1900    600     1200    900     700     300     600     
	20580  2024 1000    -999999 900     -999999 700     700     1000    800     -999999 400     400     700     700     500     700     800     800     800     700     
	20580  2025 3000    2800    3000    1200    3000    2300    1400    1200    1000    2700    1100    2300    1700    700     2300    1000    1400    800     1300    
	20580  2026 -999999 -999999 -999999 1300    -999999 -999999 -999999 1300    300     -999999 -999999 -999999 -999999 -999999 -999999 -999999 -999999 -999999 -999999 
	